1001101101011010100110000010101111011110101100011000100000001101111010111011101
0011100011110110000000001010101100001111111011011111111010010110000101001101111
0000111110101110100101111010101011111110010101110000000101010010000110011      
1010111100101010000101001000001110000110010100111010010000000010110110         
11000110011011000011010111000011100110001011111101001110111001010000           
0001001110110110000101110100110110110001110111010010011101010110000            
0110010000010101011111010100110110111101000010101110111010010101100            
0111001011100001011110100110001111111111100100011101000100101101001            
0101001111101111110010101111100000010110011100000011101010000000010            
000011000110011000000010100000001000001100111110001101100001100110101          
10110000000101010000100100010000100011000010011010100100011001011111           
1001110000011010100101010000100011110011100000000001011001001001110            
0001011011110011000100001111011000110101001111111101101100110011111            
0110001100011110000101000111001001101001011110110101010011110011000            
10101110110110001011100101111000100011010010000000011000101000010100           
100000100101001010110010011011000100000011001011000011110011101011111          
11101010111111000001111111100100010011110110010111010011010010100111   100     
00011001101101011111100111010111000100111110110101011101000111000101  001      
0110111101010110100010101111111110110100011001111000110100111010111            
000111111011011101111100111111100001000111001001110110011101111011             
10100010101010011101001101100110110001111001100000010010010011111              
01000100001010011001100111001111001000110010010111011010101000100              
0101000001100000010101001100001000010010010111000110100101   01                
0111100010010001011001100001000011100101100110000111011001                     
00010111110010010010101001101011100010001011101000101111                       
100000011111011000100100000100100010010011010001011010                         
1100111000000111110100111100001011100001101000011100                           
11110111101100000011000011010111111001001010100100          0                  
001100000110000011011110011100000110111001110000           010                 
1010000011100111110110001100010011101001101101             011                 
0111001110100110100000011000101101110111100                 110                