1000101101010001110001101100010010111010101011101101111100110101111000100100111
1110010010001100111110100100010010011101111101000110100110100111010110110110010
1100010000000000010111110111001101001101110111110101101110010110101000101001011
1010011110111111101111011110110001011101010011101001000111111100000010000001110
1011000011110000001001111000100000111110100111011100111000101010001110111010111
1001101100100101010101101110010100011100001110100111011101011111011101111100110
0110101001100010011101001100110011111100111111000110000011100011100101010001101
0100000100011110010011110000101100000111101010011100110111011001100111001100001
1010001100101101001100010110111011001001100000111010000110110101100000010111000
0101011011001100011000101010010010101001010100110101000011100000000001011101001
1101110101100011101111000101010010110100111100101001011001010001110111010111110
0011100001000111110000001001110001000110001000011011111111001000011000110001000
1111101001100100001110000001011111000111010011111000110011000010111101100110110
1001111100110111011001110001111110010110100010111010111100001010100000011100110
0001111100010011010110100100110001001111111110010011101101000001001101000001100
0000100010011111110000011100100011001101      010110011101100111000110000011010
01101001110111100011001010011001010001            00111101100001101101111111001
100101101010111010100111111011111100               1101100110000001111011110110
10010010000100101101001010010111000                 001011110001011011100110010
1011000010001011011101011101000010                  111000000010111011110110001
0101111100001010110110011100001011                   01111001110111000000010100
1001111100011011000100101111011111                  110111101100101010100110000
01111101101011111110101110111011111                 101010110110011010001111110
0000011101111111000110100011000001110              0110101001101101111110110001
01000000000101010110010011110001111100001       0010011000001001000111010011111
0011011001100001100000000110011110000011110101111011101110100111000001111000011
1110010000110101010100110010111110101011000000010100000010100110101000110100100
0010010111011011111110111011111111100100111101111001000111111011001011011011011
0111001111100001111011011110011111101000000111011100111100110010010011000110000
0111010100010110010000010010011000111101010001101101100011001001000011101111001
0011101001000101010111111110101111010010100001101000100000010001111110001001010