0100000000000001000000111000100011011011100100001111000000100110010001111100101
1100110011011101010000111001101010001010110010011011011011100101010111011100001
1110100010101100001100111110010010001110101010000101010101111000011111100011010
1010101100011010101000101101000010000000111001011101010010010001010010011011001
1101011101110100001111111110000000111010101010000101111110101110001101111110101
0111100110111000011100110111111111001110101010111001110111000001011000101010010
1111101010001000110100111111111110101100011010000010001110110111000010100101100
1110010111001100000010110110110101101001101000001111110011100100111010010110101
1001011010001111010111000110011010110001001000001001100100110111111010100011101
1011011010110101000110110100101111010010110111011010010111111100001110001011000
1100011110110101000000001110010101111000111011010110110010101110011000000011001
0001101011101001000110001111100110011001000110101000111101111101101100111011001
0110010000100011101100110001010001010011101111110100100000100010000101010110011
1101110001101110010010101011101010000101011011001101101110100110001111110100011
1111111110001011100101110001001011010010001110100111010001000011100110100101011
1111101010110010100111010000100011010100101  0101001110001001001000101110000010
000111100011111011000000111100001101             110101101101110011011110011110
01111110011011010110100110011000010                 000010100011010001111101001
0001010000011100011001111000000011                   11011011110010101101110100
1010010110111101101100001010100100                   10100110001000101111100001
1011010101100000001000010000100100                   10100101010111111101101111
0110111101010100001011001111000011                   11000110110010000111100100
1000111110110111010110010011001011                  110111011000110001000000101
01011111110011110110011010100100110                1100001111001001000100010001
1100000011001011001100101110011110010            010001110001000110010101010100
00101100000101111000101101111100010000011011  111111000000100100111100011010100
1101011011101111110100100010011001010100110010111000010000111111011110111001111
1000111101001011000010100001011010101111011000101101100101111001000110110111100
1001000101010100101111111001100110000110001010111111010110100101110010100000100
0100001010001101110000001111010010010011110110011010001000010111010101011110110
1011000101101111000011101111111001001000011111100001001000111001100000011110110