1110011011100100101001111110110110001100001100100001001001100011000100011001000
1000001101010010001000000101111011100010100000000101100100001011001001111110110
1010111000110011010011111111100001000110010010111110101110111110011001111111101
1000001110010011111011001001110001101111101101001010110111100101101110110110001
1011000111111001001101111101100011100100010000100000111011011111110011111110001
0111010010100111111010011011000100110100011010000001110110100000010101111101000
0100000100010010011010011100011001010101011100110010011011011001000011001110011
0001101011110010111100111001110010010101101110001001101001001010111100010100101
1010100111101000100001111010100000110000011000001110011101001100110001110010100
1101010001010011110100100101110101010001101001000010101110101011101101001010111
1011110111111001000110001110100010000101      100000010001110010001011000000101
00000000010001010001011011001101011              101010110111010011101101101011
011010001001001001010000000000110                 11000011111010000011010100010
00111110100101111010011110111100                   1111000011111011010010011101
00010110010110110000010001001100                    110010100001111111001001110
001111101101000101100111001110110                    00100101110000111111011001
101001111101010011011000000100001                    01000100111110011111010011
0110011100001011111110000001001100                  001001001111100100110000001
01110101001001000010100111110111100                1111000100100011011010011101
010001000100000100000110000000110001            0110011110010111110001100000100
1110100101111100110100000000011011010        0110010101111000111000111000000110
1011011111100010100001110111100100010000101111001100001111110000111000101001001
0100101001100010110010010010110001011101101111110111110110100000110001011001010
0110110001001110000101011110011000110100000110111101110010110111001111010000101
0111011011001001000000001000100001100101110101010101010110110001011111110111100
0000100011101000110011111100101010111000111011001001110101111010000010011100100
0011110000011101100001000111000000100111000001111101101110001111011111011011000
0011001001000000110110000000010111100001111110011101100010110100000000111101010
1100100100011011000101101010111111010001100011010010000110011100100111011010000
1001001100111010000000111101111101100010101111100100011010001111011010010111101
0110001111111101111100111100100111100111010010110100000010101000010010001111010