1000101000101100000100011001011111110100110000000100001001110111011001001110111
0000100111010001101010000000110111100010101111001001100001110111001100001000101
0000010000010011100100010101001011011000100110101111010110000011010010011111101
0001010000010001110111011111010111101000001111010100000011011010010001111111000
1001110111011101000110001011110001001000000111100110100011101101101000001010100
0101000100000011000011000001011000000110101011010000101000110010010000101011110
1110011100000001110110101011101011011011001111011101110100011011101101110010111
1111110110101101001111010010111010001000110111101010001110000001101010011000000
01011011110111110000101000000010101110101 1001010000101101101110010001110010000
11010111101010010111011110111101011000001         11111100001010000110000101111
001100111100111110100011010011000011                 01111011111101000101000001
101111111100001001001110001011000                    01101000111011011110000111
10010100111111100010011101001100                      0100111010101100100111100
10111010010000110011011100110000                      0100111010100011111011101
11111100111100010110111001001111                      0011000110000001000111001
000011100010110100011011010111001                     1111100001111110011100100
0110110100111111110001010001100001                    0101001100100111111000100
10011011001011111010100001100000101                  00101110000111000110100110
000111100010101010101010000001101000                011101101001010001110111110
00010000011000101111011011111010001000           010100101101100100111010010000
0111011111000011011101011010100110001001100011001100001010000110011111001101100
1111100011101101101100100000110011011101001110000001000000100001101000001001100
1100011000011111000000111110100001011000100100001010110001001001100000111110110
1011101000100110010011111110010100000010110001000001011011001100110001011001100
0101111010010101100111000001111001001010100111001010000000110000101010010111010
1110011001111000001111101101100101101111011000011011011101110101010010101000101
1100000001100001010111010001111000011010010101110111001011100011100110111001001
0111100110101101111111000100000100111111101001010110001111011101100100110111011
1011000110110110010011011011011111111111000110100101100000110001111000110011001
1000011110001101001111010000111100010101101100101100000000110010111000100001011
1101110010010110100101100111110000010010111111011111111011011111010000001010100