0010010100111001111101110000101000111101101110101100111010000110110000110010111
0000010110001010001100110100100111100111110000001001010100111101110000010011101
1011100110110110111100110011000100001010000100111010111100110001111111110100100
1111110010010001101101000101001111011100001011000011001000110000100100000011101
0001000011101100100010001100001001101010001101110000011011110011100001011110110
0010101001011010111110000110001011001000011011110111010010111111111101111101110
1011101000111100010000111011111110000011111100111111011001101100111010000001110
1100100110101011100101011101000010111010111100110010110010101110111100100100101
1011011110101101000001110111110011000       11001 01110101110110101101101100011
10100001010100100010000101010010100             1011100010100100111011000000111
0001111011010100010100010110010010                10100001100101000010110011010
110010111011101011110111110011110                   101010111100111101111101010
01010000101101001100111010000101                      0100000101010000010110001
00111010101111000000101110101100                      0110100000100110111100111
00101001001001001011111111101010                      0111010000100101100100010
00000111110101000101000000100110                     10000000001010110001111110
11010010000000000111001110001001                    011100001111010101010011100
1101000100110000000001110101111001                11010111111000001010110010011
0110111000011101101010111111111100100           1010011110100001100001110100111
0010011011000010000001111000011001010001    11111101001100101110100000101001010
1010010011001110101100111010000111110100101110011110010100001011100001001100000
0110000001001100111000011011000100011100011001100001110100100011000100100100101
0000010101011100111101010110011100101001001000001011110100011011111110110011011
1001001110011001111001111110010110110100010001001111111110000001010101101001101
0001101111010101110100011010011000110100100101110000111011111100000100101111001
0110001100110010000110010100110101011101011001110011100110101000100011101110100
0010010001111111110000100011111111110010001110001111000010011110000101101000000
1111010111001001100100110111100010110111111010011010111011001010011000001001010
1110001001001110010010000000111001110111110001010101010110101010010111011010011
1100010011000110000010001111001000101000011010011110011111100111001010001111101
0001001110011101100101100011010110101011101011110100101101001101001100001100101