1101100111110100101001001101000001111111001101101001100000110011011000000100011
0100001001001000110101011000001011011001011011110111011000101111100010110100010
0101110111111101110100001000001011111000101001000010100001001111100101110100110
0100101000000100011001101000101110010000001111001101010111111011000010100100011
0101101110111101010001101101001001100000010101001111101001000110001111010111101
1001101011011111101110100011100001011011101001100001111011011100010100001001110
0000111011010010101111111000010100100110001001111101101010101101111011110111100
0111101001001000100110000001001011001100101111010101110111011100000001100110110
1101111101010110010100000010100101011111011010001111100011111011110010001000111
1100110000101010010010101101001000010001111101111000001110110111110100110110111
000110110011110101101001010100100010110         0100010111100010110000100000010
1010110101010111111010000110111010111                01000011101100111001001100
110001101100010010110001100111110011                   000000110101001100010110
00110010010101011000101101000001101                     01101000100101100110111
0001101111111011101000101110101101                       0000000011000111011000
0110111011010000111001010010101000                      00110101101110001110110
0100110000100111110000100010011101                       1011101100011101110110
1011100011010000001110010100101001                       0011011110000010101011
01111001001011100011010111100111110                     00110111111111001101110
001000110000100110011001101101101011                  1000000110010111000011100
1111010010110100100100001111000110000               100101011110010101001110101
01101110100101000010001101011011010111110     110000101111010110100000011011010
1101011000111111111101100110001110111011010010100100110000111111010110110100100
1010011001000001111111100010111111000101011110010110000100011100100111000110001
0000000100000101010000011111101011110001110100111100110000001111011010110010101
1001010111111111001100011110000110110101101000001110010011111011101000100101111
1100001100111111001101010010001111011110101001101110011000101011011100000000110
1101000000010011000001011101000101101101110001100010000000001110100100000110111
0010110011110111010001110011010001100010000110101011000000010100111110011110110
0001101011011000111101001110111111011010000110101110011111110111101000111111011
1110001111100010001100110001101000001011010001111110100000001100101000100011001