10110110111111100000011110                                                    0
0110101111000010011001101110110011000100110                                   1
1101000011000110000010111000111001110010110000000011110000011000100001010001111
0011001001011110001010111001011011111001100000000010111011000001111100010101010
0111011100100101010000101000010100100010001111011100001111110101011111000100101
1111100011000100100010110101011100011110001001100111000001111111110111001000001
0010001111010001100010011001111011000101001001000000001100001110000101111100100
0110110111001100001100111000111100100101001010101101100011010100110110000001001
1011100100100100100011100111101110110001101000011001100111101001110000001110101
1011011000111110010011011110000100101000111100010001000011110011101111110110110
0110000101101100101100011111100010001011010000101111011100010111100010110011000
1001000101010011011001110100111011111110111001100100000011101110010100010011010
0111010011110000110000010101010101010            101010000101100110100011010001
10110010001111010101101110100010011                0000001111110100110010110101
0011101101001100100001110000011010                    0101110011011111111010001
001000001110011000010001101011011                      110101110000110111001010
100100110110011100111010000000011                      010110100010011010000110
101000001101100110100101000110100                      101000100100110100010110
001111001010110001000111100000011                      011001101100101100101100
001101010001100010100111001111111                     1110001010011111001010011
1100001000110000011110000101100101                  111010100111111000101100111
111011101111011101001110011110011011               1101101001010100101010110101
01100010001000000101000010101010101011          1000111101110110111000100100101
0000001011110010010011111010000101011100100010001100111010100111111000101110100
1101101001101101001011101010011110101110100110110110000111100011110011111101010
0110110111111100000000110100011100111000000010101111001010001111000111101000101
0000110111011001000100111101010111000011001011010011000001001010000110100110000
1011110011010110010010010010010110010010001011000010110111101100110100101100111
1110111111001110111001101110011110100001000110110000111100011100010111111110000
1010101111010111001011001111000000011111011010000111100011101111111111000010011
0011110111110111000111101100001001010110010111111010000010010000110101010100100