1100000000000101110110011011100001001111111100100001010101             10001000
101101100011110111000011001111101001100100000010100001                   000101
0011100001011110010111100110101011101011110110100011                        111
011111110110110100100111100011111110100101000010111                           1
00111101101101001101100000011101011101001010101010                             
0001101001010011000110100011101111100101111001100                              
01010011110110100000011101101011011101010001                                   
000011011100011111101110000000001011010000                                     
001001000010010111101101010000101000100001                                     
100101000010101011011010010110010100101100100                                  
10010100110111010100010111011100011111111100001                                
1000101011100001101011010001101100100111001001000                              
1001010010011101101110100110000000010001101000110                              
0101111100011011000111100110100101010000101111100                              
1010001111000110111100101100111000111100010111111                              
0101101001101000000001001110110110000100000100010                              
1010110001100110000111001000011000000011110  1110    101                       
1110011111010010111100111011111110110 1000  00001    10111                     
0001001101101000001000100100110100         1110001                             
11101110001011101000011010111000101       11011110                             
11100110001010110110011011101001110      100100110                             
1000000011101100010000101001001011     11100101110                             
0001101110001111001101011001000111     1010011001                              
0000101011011011010010011010111111            01                               
110100000011111100000111111100100111                                           
0101111001101100000101000101100000111                                          
1100011000100010101000011100111010000                                          
0001100100011110100001111000110111011                                          
000100110011010011011011000101010011                                           
100110110101011011110010001001100110                                           
101010000010000011011101010010001001  011                                      