0100000001000001000111001001110110010000000111011010101011011010110010001100010
0100101101110001000100011111110100011010011100111001110111100111100000111100101
0011111100010111110110000010000101010111100101011110101000 01100111101010111000
00011110011011100100000011100001  0001011001101111001010   01000101111000011000
0010101100110001111001110000110  0110000010001110011           0111100111111110
1100100111111000110111111011001    11101010010 0011              11011001010011
00000011011000011000010001101101   10111111110                     101111111101
100110010100100100110010100111100  000000000011                     10110001000
110001011011111111100110100101101     0000001101                    11001111101
1001110010001010101011000010100010      111011100                    0000000011
100101000011000001000101100100100         101101                    11011101101
000001101100001000011100010001011          01100                   101011110101
00101110010100011011110001010011   1          01                  1001001000011
11100110111001010011011001001111  000                             0110110111011
1011110111010101110010111000101010110111                          0110010010101
1001000011001011100001000110110001110001110                       1110110010000
10101111000000000011110100101110100010101000                     11100011000110
1100111011111111110010010100111001100000001                      11101010010000
010010001100110101111001101111000000000110                       00011011110110
0100011001110101101110011001110011101010                         01011011011000
0110000011110001001011011100111110001101                          0101111011000
0100000100100000011111011101000011011101                          1110001110010
11011101010111001010010101000110110001111                          101010100111
0001000100010111001000001000010111111111                            01011110100
100010001110100001101111011101010100001                             10000101001
10100000010000011010101111000100010000000                            0011011110
11011001010110101100111110000100111011101                            0001000001
00111011111001010011110011001010011011100               10            100100011
00010111001011101000010000001101011010001               10            010111000
01000011011110110011111011100000111000011                              11011110
11011111111001011111111011000111110010110                10           110110010