111101101000110010000011                           0001100100001111101100110000
110101010110110010000101                          00100011110110110111011001001
0100011110100100000101001                         11110111100110011101111011101
10110110011000001101011101                    11 100110000101010000001110111100
1101010100000100111000000101                   10110001001011011010011111010110
1010001100110100001010111011                     100101110011100101100110011010
00111101001101100100111101110                 001000101111111001010100111100001
0101001001011100000001010110                 1011000001010001111010100110000000
0000100101101111110011001010                 1000110100110011100100100111001000
000011100000101010101001011                 01110001101110101001111101000001111
100011011001010010010111111                110001010100001101101000110001001110
010011001001000100110001000                  0101110010011100111101001001000101
110110110000000000110110000                    10111010011100100101100001011100
10011110101100001111011100                       111111011111000010001000010000
01111100110110111111000010                       100001101011110101001100001100
0111011001011011110010100                        111101110000000010100101111101
001000101100111101000001                         00 101101110000101111000010011
011010110010001110111000                           1010100010111001001100100111
00001100100000100110001        01                  0001100001011001101011001000
01011011000101001101010        10                  0110100111101011000101100100
11011111010001110000001        001                  110111011000011101101010100
01111001111000000001111        000                  000010001010100001000101011
01011110000001101101110        011                   10110100010010100010010011
100110101000000000110000       00                     1110010101111010101111110
00000101110011001111010       110                      101011000011001101001111
1001100111101100100010        010                       01011100001010010100101
001010001101100001011         11                        01111100011101011001010
000010001001101010111        010                       100111101101010110100100
1010101111110001101010       00                        001111001110000100011100
110110010110000000101       101                         00111111001001111110000
011101111001001001110      100                         011111010010110101000101