0011111111110111110000110100100110101101100001001100101101101                  
101110100110000010010101011111001100010001001110001101011101                   
01001110110101010010101111011011100110110111101101001110111                    
1001101010101111100011010011010001110110010011001010010011                     
0001101101101101111010011110110100001011101011010011010010                     
101101001110001101000000010110100101001100110011000100010                      
0010100101110111010011011110000111000111001111001100111                        
0101000100011000101010000001001110000010111001101001                           
111110101011110011001101110011110010111000101000                               
01100110011010000101000101010001110011010011101                                
00100110001100101100110011110101010001100010010                                
110000101111110011001011000010001101011111011011001                            
000001010010110110111100111110000101001000010011101110                         
10100111110001101010   10110110100011010010000000001110                        
0101010010110101111011   0001000100100000011000001111111010                    
010101001010100111000001   01010110110000111111100100100011                    
11101100010011001000010000   0000111010011001100111110011101                   
00100111011010001101011        10011110000110110101010000000                   
1011011110100101001001          1001010000011010111111110000                   
101100001001110001110            110111000101010101000100000                   
11100111110001001110             101010110010100101010000111       000         
010111010110001100000 0          110000010110110111111001011       010         
011101011111000111100000           0000000010010001011011101       001         
11110001101101110110010100          101111001100011000011000       001         
010110010000010001110111110           1000111101011010101001        01         
01000011011101011110011101011           001100011010000101                     
1011000000111010010011110100011           10010101101011                       
01000000011110010011110100010001            01    00                           
0000111001101100110001111011101001                                             
10010110010011110001011010010111101                                            
10011110101110100110011011010011101010                                         