10101110010001110111001                           11010011010011000000000110111
011000000001010000101000                          01001000101100001111110100001
0100100111111001110100100                         11100010101001001000010001000
1000111101000011100101000                     10 001111001101100001101110111000
1000100100000111001001011101                  000101010011001110010000100010101
1110110111011110100010110101                    1001001001101100011101010011101
1001000101110011000100000101                  011110011011101010101111010010000
111011010111001100100111101                  0010010001010011101111100101011110
011010011110110011011000111                 11110001001101100110110000110010011
10000111010000010111101000                 110010111010001010011011001011001100
00100100100101001001000001                1110010001100011000110111111001000111
00101101010001101111110100                   0100110011110000001001101011010001
111000101101001010111010010                    10101001111001100101100100100100
10110111101001000000100001                      0110010000011110011011101111111
0100010111011100011000000                       0010011100001111111000110001100
1010101001001110101010001     00                 000111101001110110011111010100
101011011001111100101101      11                   0110100010001110000000011101
001101000001010101111011                           0011011101010001011011010110
00010010000010001110100       00                  00111110010100011001000111001
00100010001010000100011       100                  1010100111010001111001011101
01000110110110100110110       011                  1110100001011000000000111100
01100001100111000111001       001                   000100010110010001001011110
10000001100001101101111       101                    11110100111111010101010010
01000101111000110010100       011                    10100010110110001001000000
0110110111110011100110        101                     0100011101111100000001111
101000111111100001101        1110                      000011001000010110100001
10100001000110101111         011                        11011101110010111001101
01110001101110111011         11                        010111010110111101101101
101000110101100110100       10                         101111001100110011100000
01101110011011011111       100                         010010001011000111101110
00000011101000100010       11                         1000011001100011100001001