1101011100110011001000111110110001010111001101011011111000011010111101010001110
0100000110001101110010000100111111110110111100011001101100011101001000001111011
1110110010101010100101011010011010001010101010010010001100110101101111100001010
1011101011100100010010110000010110111100011000110111011000100010011110100011110
1001010110011001010101110111011111001100000001001001011011000101101000001001010
0111111000100100100011011101010001001111010000010000000000011010000010111011010
0101011000000000110010101000011110   001101101010101010110010011000000001010000
0100100001011110101111100001110010    10111000111110110011101110011111111000111
10100000000010100111110100010100111   01011101100010011011110111000010110101010
00101110000110011101100011001001010    0101010001100001011110001000100110001100
100101010100011000001110011111010000    001111110010010000010111000110010101011
110111011011111011101000101111001001    001111110110001010100000000100001101011
0110111011001111111111111101111001101    11110001011011001001010000011110011000
0000101011100111000000010100011110101     0011110011000110010111100111100111111
1001111101110010010000111010100001110     0101000110100110111101001110111100000
01010001101010110011001111101      01       01011110111110001100100000110000101
11101101001111101101100011111                1001011111110011101100000000111100
1111110101101001111001111010                  101101100011000010100001011010101
1011000100011010011001111                      10101011101101010100011000100001
0010010111101001000010011                      11001101000110010111100000010000
010101011000111010101000                        1111101001100111010111010010010
011100100100010111101110                        1011110100011111000010101111011
011011100000110001001101                        1101000001101110100100001000010
0100101011011000110011101111                    0100010000100011111010011101101
11000011101100101001010000011                  10011100011000100010001111010100
001111101101111111101111001100                 01101111001110100100010110110100
1101100111001011000010011110011                  001101011011100000110011000001
00011101010011101101100000000100                   0000101011101001101111001011
000000101111001010001101000100111                    01011000000100001110111011
0100110001010011011000100000111111                     000000011011001001010000
0001111101010100010110000100101010100                    1010011010101110100110