0110001010101011000111                            01000110010000101001001111101
10110110111110011000110                           00100000010111011010001100000
11001111110010110111110                          000001011010001001011111000110
101101000011000100001010                         100101101100010011011000111010
11111000101111100111110001                   0010111101101100101001010111110101
00001111011000100011110001                   1111011011001000100001111100010101
11011110001001011001010000                    010010100110000111100001101101001
10111000111110111010001001                  10101001001101010011111001110011001
1001001001111100000011000                  010111101011011010001001001010010010
1101110001000011011100101                 0100111101001111111111110110101000001
0001101101000010100000111                10101101010100010101011101001110010110
1001110000000111111000111                  100011011111100100100001100110001110
001110000010101111100010110                  1011110010101101111111111011001010
11100011111100010101010110                    011110110110100100001011100100001
1000110001011101000110110                      01001111100111010110001011000010
1011010000000000000010000                      10001000110011001001011111101110
011010011011100010011010    10                 11011111100001101001100111101111
0110100111000111001110      11                    10000101010001010101100100101
0111001111001000010111                           110001100011110101000010101101
11101001000000111101000     01                   100001010110100010000011010110
11010101010100101111101     100                   11001001110110001010011111001
1000110110001001010000      001                   11001100101000110000000101110
1001100100000001011110      011                    0110110100111010100111010011
001110010010011010011       011                     100000000010011010111010110
00011110001001000101        100                      00000111001000100100110011
1111101011001010001         101                       1000011001000011010110101
000011010001001001          100                        010010101101011111111010
11011000000100110           01                        0011011011001011011011111
00001000100111000          00                         1011011101011101100101110
001011011110001000        01                          1001010001100000110000010
101100001101100000       111                         11001110010001010000001111