1011110010010010111010110001110011000000110001011010010110100011   110110000010
01110100100001000011111111100110110110110111011011110000001          0111111111
1111011100001000011101011110101000110100010000011111                      00111
01010101111001010000011001010011111101111111001010                          011
0010001100000001001010010111111001110110111000001                             1
111000110100010000101111110111111110101010111101                               
111111011110001110001111111100011111011110011110                               
10011101000010010110110101100111111000111101                                   
10001010000110001011010011010000110101110101                                   
111111001001010000101001111101100011001  11                                    
000000110101111110010111100000110001110                                        
0110010001111001000001000110011111101111000                                    
0110111110000001100001101101110111101110110111                                 
111010011011001001000   00100001100001011111011                                
11000111010010100100000  1000000111010110000000                                
1010011010000001110000000  11000101011011110001                                
00001111101011010100111111  1100111000000010000                                
011100111101101101011111      11010011011000101                                
0000000000010011110011         001010110110111     0                           
110010101010001000101          011100010100010    1010                         
101101001010001111110           01110111111100    11000                        
11000011110110111101101        11011111000111     11100                        
0011000001000101001010001        000111111110       00                         
11100101100001001111010110         111000011                                  1
1000110110110100111000100101        10100000                                  1
01100011111110110001001011000         1110                                    1
1100100000000010111110111111110                                               1
10101000000111110101101001101001                                               
1100100100101001100100000111011000                                             
0001010100101110111000111100010010                                             
101111110010011111001001010001010                                              