1011111111010001101010110101101100110000101111100000011001                     
0000111010011001110101110110111001001001011111001101000010                     
0011000011011101000110100110010100001100001011101010010011                     
1110101011001100110110101111001100101001000111000000100110                     
101011111110101101110110010101110100011011001111111010110                      
11110001100101101101100101100001010000111110011010111                          
1101001111000000011100110010000000110110110001000000                           
1001010101000000011110111100001001111010010011100000                           
011110110101011011100011010010101101011001000110000101000                      
11100110010111101100100010111101110101010001111100010101110                    
0001110111100010111000110110011110110010000101001011111000001                  
0110111001011001101101011111010111111111000101001100111010110                  
0110000100001110010011100010100111010011101111001010000110101                  
101000010011011000000111101110100001011100000011101001011101010110 1           
00010100001101011110001011110110111101110011101011001101000101010111100        
1101001100001000011010111001110000000111101110100101111111011110101100         
0101000110011110100111110110 10100 10010    11101001001010001100               
111110111100000000101000000     10   11        11110010101011                  
110010111010000111000011010    0011              00110001                      
110111011010101111111101001   10001                0010                        
000010011010101111101110101                         11                         
001010001011110011010001110                                                    
010111001011011010011101011              1                                     
000100010111101001010100010                                                    
1110001001010101101101101110                                                   
10010111101000011100001100010                                                  
000000010011101100111000110010111                                              
11101110001000100111011100100111011111                                         
11101110110001000100010100101010111001001010                                   
000000011010100000001111010011010000001010111000                               
10111010000101010010011110001111111100111000100100                             