000110110111000111011010110010001011110110010110110111000011                 01
11100101001110111110010000010111010011101111000010101000                       
01011100000000011110100010010000100001110100111110001                          
1001011110101111100100001000110111111011101011101000                           
011011100101010100001110010010010101000011010001001                            
011000000001000110100010110010001000000000010010111                            
00111010011100111010100110001001111110011111100100                             
001101101101111010110011000010101110010101011                                  
000101110110110000111100111100100100100100                                     
11000111101000111000100001101010101000010                                      
100001001000101101001101001111000011100000                                     
11111011001001001110010011100011010001011101                                   
001010101010000111010100010000001111100010101                                  
1011001101001101111011001101 0010110100011001111                               
1000010100001000001001000011  00000000100110111011                             
01110010111101101111111011101 10000111111001100101                             
00110010000010110101110111110  1100111100000101011                             
101111000111011011101011111011  001100001010100010                             
1101111101101101101010011        00100100101001101    11                       
111000001100110011110010          1100101111001000    0111                     
000011101000000100101001          111100110111101     010110                   
11111100011110010110111101        011001001011000     11 10                    
101111000011111100011100000       011010101010001     10                       
0111101101011100100001001111       0111010110101                               
1000000101010111010100010010         01101001101                               
111101111000100011100011110111            01000                                
0101010011111111010100110101000                                                
000101010100001000010110101010010                                              
1010011101001000101101100011101100                                             
1000010101100001011010000010110100                                             
110011110101001001111100000010010                                              