1110110001001111011010011101101010000111000101001011001100011001101001101001010
1000010011100110101110111000111001011110010100001010010000111010001100101100111
1100010000000001111000000001111111010010111000110111001000101010010101110010101
1110000100101101001010001101100110001010110001101000101010010100010110010011100
0000010011011100001010011111101110100001000001001100100000110111000011101101101
1001111001011000100000001110010010101100010001010010101110001010100101101100000
0011001010110001100011001000011010111010110110111111011011101100011110011011111
0100000010110100000001111101000000110000100100101101000000001010010001110100001
1100000010110010101100111110100010000111111110110011111110001000001110000111001
101001000111010110010001010  00001101001010111111111001100001011100101101000101
000111001000100010100111011     11001000101100100111010001001001010010000001110
10110011000010100001010010000     110001010001111011001110100111000001101010001
0100001110101101100010010111001      001100010101010110010001100010011110011000
001011110111110111011100101101111      00000101  010101111100010111111011010101
01111011100010011001000011110110000       110010   1101011111101011110101100100
0100110000110010111100000110110000           01001  001110001011110110110011000
00011010100011101010101011101110010            010   00010000111110111001111010
1100010110000011000010011110101  0011            00   1011011001010001000010000
1001101111001101011001110100101    10                  101000011010010111111111
11101100001000110100000001111010                        00111011001001000001110
000011101011110001110000000101001                       11100100101001010100000
011110011110111100011000110100                          10001111011100101001001
1101001100010010100110101001100                          0000110110011000010010
0000100110011110010111100000100                          0111001111011010000111
010010101110000010110100011100110                          01011010111110111111
1000111010100001110110000000001011110                          0010111001110001
11011110100010101000001001010000001100                             111101000111
0011101101000001111100101000101111010010                               01001010
0110011001001000110011010110111111011010001                                0110
100111111000001000000100111111011101100001001                                  
1100110110000100011010010100001111110101110011111                              