0110001111111101101001011001111000100010011110000010111100001111101000111001110
1100001100110111010000001000000111010001011001011011011000111011010010110111110
1011010011010111110101000001001111000011001010011111101001100100011111011110101
10001110101110100010111100011010011110011011000101  011111100001011000101001010
100010000001111101000110101110100110000100001110          001111111110000001101
00110010101000111011100010000101000010011001110              111110010101010001
1111100001110001000011101110101101100110010001                 0011001000001100
1001000100100110000100 00110111011101100110                     010011111010011
0111010010010111100111  01100100100010111010                    011011100000011
00000111000001100011010      0111100010111010                   110111111011000
101011000011111101111000001        101001010111                0110000000110100
1011111111011000101111010110          01101100                 1101100110101111
0101110111111000111000010100             11111                 0100110111110100
000000011000000001011000100                                    1111001101100111
000011000100011110000011011                                    0000000010001110
001101100101110111100101000 0111100101                         0011111010011111
00100101000001010101110010110001110101100100                   1100100000110110
10101100110101101001011100100110011000010010                  11011100101111100
100010100100011110101000101010010011000111                     1101101110100010
01001100110010010000111001010110111111010                      1101100110101010
0111101011110100101100111100010110100111                       1111100000101000
1100011100000100000111100100001001101010                        010110010001111
0001101100101101000100110101100001011000                        001111000000001
011101011000110000011001111010000000100010                      110100000010100
01011100011100100111011011000100101100010                       001101101011010
0011011100101110110100000111010110001010                        110010010100100
110010001001110110101011100110110000000                         001110101011100
1101011000110011010100100100001011001 001                       101101110011010
01011101000010110001110010001100010110101                      0111101100010001
10101001111010001010101001111001010010010                      1011010001111011
00001100111110111000101101001111111110110                  0  11001100000110010