0011001000010111111                              001001111000101011000000000011
1100010011100001001                             1100101100010000010010011000110
10100010111101000101                            0110100000001101111100011010110
01000100010100101110101                        11001110110011110100001110111101
11010010011100111100001                    0  000100000100001110100100000010111
111100110011111001110                      100001101110111110000101110000110000
00111110000011011011111                     01000000010110011100101010011011010
011111101100101101001101                   011001100010111110001100101111011111
000011001011001101110011                  1011010101001011000111010111101101000
000000111011100101001001                  0001000101101110111010010001011011011
111011010000100111100001                  1000111111100111110001110101100101101
0000010001000111101101010                 0000010000010100001111000010110101100
0000100001111010100001110                 1101001001010111111101011010011010111
011001110100111100110001                  1000000000111001100100101100001110010
1011101100100111110100                      00110001111111110110110010011101010
111100000010110001100                       11011001010110111010010010110010000
001010010101001110110                        1011010000010001001101000110110101
001111010001111100100                           1011101000110101011100111110011
001001001010000100 00                          10010011111001001110011100111000
1110111000100000001                            00101110111101001010111010101010
11100110100111110010                            0001110101110010001101100011010
1111101100001111011                              101011001000010010000101111010
0010011011001110000                               00110001011010111001000100001
1001001010111011111                               10011011010100000111101110110
010101001110100111                                 1111000100010101110010001001
11111110101010011                                   000101010111000000000100101
0111000111100100                                     10011011011010000111010111
100000000011101                                      11111001001010100100111011
01011011101000          01                           01101111110100110111101000
0010111110101                                        10110000001111101000100100
10111101011001                                        0110100111110100101001101