001111011000001010000111111100000011000110001000011010101101100000110101       
10000000001001011100100011111111100101000000001000100000111110100              
10100110100000010001111000111011000111010011101001111010001                    
11000001110111001110101011000110010111101001011100001101                       
1000111011101100001000001000111011001001001110001101100                        
010011111110101100001111011101001110000101000100101011                         
00111100100110011110110110000100010111001101110111100                          
0000001000010110110101111001100010001000100111110                              
001011011101001000110100110110111110010101000                                  
1011101011000110100110111111000010000001100111                                 
100000010110000100000110010100000111101101100011110                            
110011011100101100100000010001000000101100010010100                            
1001101110101100100011001101111111011111010111110111000                        
011011000100011101110100111000110101110111110111100000                         
001111010001100111001100011001101110111010101001000100                         
11000000111000000101111110000000110000111001000011001101                       
1000111000111100             00100111111010101110000000011   0                 
00101010101111101                  1110011100010010000100110011             1 0
0110001101011100010                 001111100001111110110101011       0  01 000
0000011010001110111                   000000111001111100101101        110011000
1000010111100100000111                 101100000111100                 0001011 
111011000011001001110110011001           011001111100                   011110 
10001011111110011110010101111111          11100000                      10010  
010001000011100101010010011101001          11                            1011  
1011101110010101010100111101010111                                       001   
11000000111110010001100010100111001                                            
111111011001101101100101010011101011                                           
01001000110001111000011001000001010001                                         
0011010000011110011101001111010101000100011011001110                 0         
1110110111101110110000001101111110111010001011000100                111101111  
1100111001000101001000011111001111010110011001110100               010110100110