0110100000111101011111100110101110100001111001111011001011100100011000110111110
0000001010011001001010110100011100010111111011010000111011110111000111101110101
1010000100110111101101001100010100111001101101111110100100001100011110000100011
1001001111100010100001000001111000110100011110111110101000001010000001010010010
0010001001110111001111101000011100000111010010000010000000111010011010111100010
101101101110011010000010010111100001010100000110  11111111101011011010011011010
101011001101010001110010000100000            10    1000111110100100100000011001
1100011001100111100110111001010                      10110010001110101111000100
1100001001111001011110110000001                    0101010100111111011111010101
1000110001111001111000110110001                10  0101001001000101110011110100
1001100110110111100101110010111                 0001101100001100000101100001000
10010100011111101110100101000                    100010110010001000111001101011
0110000000011111001001100011                   01111101101001010100000010010111
00000010101010110000110101011001                1111000110110001100111100111001
00011001101011101000000011001110               0 000010001000101011110111001010
0111111000111011111001011100110101  00     001011000011100110010011010101001100
01001101000000  0111010110010101011000    0111011001000110010000010000110111011
1011011110011    011011010111001010             1111100110110110100100  1100111
0111000001          0000010001                    1101100100100111        01010
10011011              0110101                      110001100100            1110
00010                    0110                                                10
0         10  01                                  11                           
110100   010110011  010     01                    010011     011   1010110     
0001111111000111001000010 11010                   1101010111110110010100010   0
0110111000110000100101011000110                   11101111001011001110001110011
000001101110111000110000101110                    00100010110010011111100111010
1101111100111011000001101111110011             11000001100111000100110101101110
0101010101111111001111001101100101             10100011001101111010110100111011
0011100001111111100111101110011111              1001100101111000000111000100000
101001001101011110101010010110110                100010011010100111011111101110
1001110010100001100011110001010111               010101000010011011010110010111