1010110011100011101101001111110001110111011010100010100001010101010100011001111
0011110010101010101011010010101011011100111110110111100111101110011111110111011
1101110111000111011001010011110010001011001011111011100101000101101000101101001
1100000101100000000100010010110110001101101011000101111010011011011001000011100
1110111001000010111011110101110110010100101100111100 11100101101001100001001001
01100100101111010000010101001011001            110    1001110100000001001010010
100000111011100001110011010110100                       00010010000011100010101
00111100010101110100010001000011                        11101111011111111011010
11000101111110011000111111111110                      1100011011110010100001011
11111010100011110000111100110111                  11  1001111110111000110111000
101111111110011001000001111001                     1000110011011010000000111001
00111001010011001010001010010                      0011001010100001111011111011
001011110000101001011001101011010                101101000111010011011001101100
010101101110111011101111111000110                 00010001101101110111111101001
000011000100101010110111011111110              1  01010101111111100101000010101
111000101000000101111111101001100010 01    110101010000011011110001001010110010
00000001001010   1111111010011110111011     10010010010100101000011100011  0010
1100001001101       00011101000101                101011001011000010        110
11010101101           1000100011                    1001110111010             1
11001000                1111111                      11                        
01110                                                                          
1          110 110                                 001000             110000   
0001000  0111001101 10001    11                    0000000000100010000000101101
11001100101100000111011011010000                   0000100110100101000101011000
11011100000110111100001011011111                   0000011011101110000111011110
0111011010111100001001111101101                    1111001011011100001011101101
110001001001001110011011101110000010               1011000001100001100101001010
01101100101010010110000111101101110             1001001101111110011011010111010
0111010100011000010101010010100001               110100010010100001101111101011
110000100000010111110011100110101                011000100101001000110010111100
0100010101011010010011110101011010               000011110100100110111011111100