1111000111111100011001100110110011011010100100100011101110011100100111000110001
1101101110000111110101110001100001100101011100110001000000110010000100110110110
0100110011110011110011101011110110110000010011000001110111110100101001010010010
1011010100100111100000001101111000000110001010010101101101111100110110100010111
001101110011101111011110100101101111     01111110011111110000011111101001111100
101001001110010011000111000000110             10100 101001010011000001010011100
1100001011000111010100011000010                     110101110000001011011010111
0111010000000000110110111101101                      10111011101000010011100110
1001110001110000011110001001110                    01 1000110000100111110000010
111000001000101111111011010000                     0011010111011001000000100000
0110111101111100010111011000                     111101000010100001110100111001
11101111111000101100110001100011                0100000010001000100000011000011
0110111110101110001010101000100                01101001101101011001001101101101
0010101100100000001000110100101                00100100101000000000101101001101
001111001000000100100101110100111101        00010100010001000100100010001111000
11100011  100001010011001101100111010    11100110010001011100110000010001001100
0111100     11111100010110110111            01100101001101101010010  0111110000
11111          01001101101000                    0110101000101011     010001110
111              01000100100                      01101000001          10101111
0                   01000001                        01111               1111001
     00  1                                                                01011
    00001001    1       01010                     11                        110
10000001100111000000  11100111                   11110 100000 110010101       0
00010000010010101011100000011                    01001101011100001110010       
10111100010111000100111111011                    110100011001101011001010100001
10100010001111001001001100110                    010010110110101100110011011000
011111110010000001100110000110011            1010101110100111010001001011110111
10100111000001110100010010110100              111011101011000111011101010110001
11001100110001100011100011011001               00000001100101011010011001010011
11110110011000011111010110111110               01000101100000111000111010110111
0010010101110101011001010100100                 0000011100101011111111110011001