0110011101010101101000001001100000110001101101011100011100000101011111100011111
1010011111100011111011110011011111111100100111110101001010010100010011001001000
0111001011011111010001000100001100100110111101111010110010000100001000010011000
1011010001010010001110010001000110011101010101001010000011101001100100001011101
1110001111100001011000011000000100011001011000110010100001101001101110100011000
1100000001000110101001100110000010001         11001   0110101101011110100110110
0110101111001000100011001010000010              11     110111101010001100001011
001000101001100101000101011100011                        0010111010101111100100
01111100110111010100100000100101                      1110100100001010000011101
110100110011010010000001110111010                     0000011111100100001010101
10011010100101010000111100000110                  10001011100000110001000111101
010011000001000001010001111000                     0001111100110111101010111101
0100011001100110011000010101010010               111010110010011101110110001101
1100100111100100100000011111101011                00000001101001110111101101111
000110000011011110111010101100001                 01101110101110011110110100011
00010001100110011101101011110000010  00       001011110010101000001110100011010
10110110110110   1100000111111111011111     1101110101101100101111011000010 100
0101110110100       10001001011000011          0001011111101010100101010     00
10000110000            001110111                    1100010111010101          1
110111110                110001                     1100001100010              
101001                                                                         
111         111011                                  1100                       
111011010 101100100100100    00                    001000011   1100   1000010  
00010000101011100001100110100100                   1110111100001000101101001010
0001101011011000101110001001111                    0100000000001000000011010010
0001000111110011110111100010010                    1000111111000100001100001010
00000111101101001100010101111010 00                0011110000010101100110011110
10110011000000101011011110111010001             1001010000110010111000111110010
0110101001010111011101101110010101              1001010100101000011111100111011
110111011100110011010111110011000                000000110101010111110101010110
111111010111100001100101101011010                101010011101100111001111100001