0100011110010100111011001110010001100100000100111111011000110011111  0011110111
100100011001110101010001111111100000110110001110100       000101     1110011010
1000101110000011010000011110000011110100011                  1        101001011
101101001100011100111111000001111110001101                             01101111
01010110010101111111111011011100010000000                                100000
01001001111110110110111101110100110101110                            1011010010
10010011111000111101100010111110011110110                            0011010110
00111001100010000101100011101100011101010                      011   1100111101
001000111101001011011110101110001010011                         010100001010111
1001110011101100111010100000010011010                           011010111011101
100101000010100101010111100011100110011                        1111111111100100
0011011110010010000001001100001110001100111                    1010101011100001
001001100101010000010111000011011111110100                      100100110000000
110000100111001101001101011001001011001100                     0000100011000111
1000001100001101100001001001010110110101100011010       01 10110111111100001111
0100100000000111010000000 000001100110000000000001      00111110010100011110111
00100011111001011110101     00111110001100100             010101010011100000101
0100000010100101111100         0100011010                       100010101100100
00111111010010010110             1  110                          11010111100100
0111001101110000100                                               0001000101000
10000100010000110                                                 1110010110111
11111000001011         11100                                         1      10 
10011011000100100000  1111101 10000                              10            
110100011101100000001001101110101001                             101111        
011101100000011110100111001000011111                           1010001011      
01110000100111100100010111110111010      01                    1100001000111   
10100011111010011010001110000011111     010                    1101110011000001
0001011001010011010001111100001100101011010                    0001100010111110
1000010101110111101011000101011011100001000                    0101101000110110
110011100101011010100010000000101011110110                110100101010010101000
00010111100110100101111000101011101001000                  11101111001010100110