1001111010101110011110101100110111101010100111001110100011000011001001000011000
0000000111100001111111011100010111110001001000101110101101110001000111100110010
1101100010100110001111000010101011100111101110010101011111010100001110100000100
1100000111000001000110010111110011001100111010001110010111000101010011000000000
1000001100001010000111001110100011               10010      1100000011100111101
011101110011111000100011110000001                           0000111001111000111
00011010011111010111101111000101                             011110111000110111
11111111011110111100110001000111                              00001011001001100
0111101011110011011100011010110                            10111011000011010010
1010110111101011111001110011                       11      01111010000011111001
0010110010111001011000101000                       1110001011101000110010101010
10110011011011010000000110101101                    011101000100101011011010000
010010111001111001001111011111010                  0101111100010101011110100110
101001001000010000011010111010101                  1011101001101101110000101100
00101011001010000 101001010011001 1                1000110000101110000011110100
000111110101001    1110110110011111110      0   0100011101010110010000001000110
0110101101000        00000111011100100      11111100000100101011110001010000110
10110101010           000110110              0011011010111101010011110101011011
10011110               110000                      000000000001111111011100101 
001111101                100                        0010000110111111010010     
00100011110 000000                                  011001011010011001         
0111000010111010111110                               11    0111111             
01010110111001001100011                                                        
1001011010010111000011101                         100001                       
0001100001100011100100010                         010000010                    
0010001111100011010001100                       1101101011101  001110   110011 
0111010001111100100111010                       1010110110000100101000010001101
100111001011000000000011111100                 01111110110011101010111000101000
001100011111100010101010110000                 11011101100101100010011011000100
01110100110110010111000010010               11011010110101011110111001110100100
1100010001110110110001000101                 0001110100001110010011010010101000