0101100011010001010011011101010111111001111100011010001000101101011101010111110
1001010110010111110101111101111011110110000100111001010010101010110110111010101
1111110110110001000010110111010111111010001100000011010010000001101001000010101
01010110100000010001101100110110100100        011100111000101110011101100100101
1011100111001111010110000110111000                1110      1011000100011001000
011101001100010110110001000100011                            010001001101110001
10000111101011001110000011111001                              11101110111100110
00000100101110111011101000101000                               1010001010001100
100110001011110011111010111101                             00100011110011101101
101010001011111010011011001                        001     10101001110100010011
100001010011001000101100101011                     1001110111000000010000100100
00100011110111000101011001100010                    111000100001111001011000101
110011101101110001110101111010010                  0111000101010010000001011110
010101010000100001010001111011111                  1111100010010000100010110100
011010001111011101 0101011110000010                1000110000101111100000101010
0111001001000000    110100110011001000       01  111111010101100010111000001101
11001000000000        1011001111101100       0000100000011110010010111001001100
011100011100           00000010              1101011010011100000011000011101011
101011100               11011                      1000001000001110110011001110
01000101100     10        1                         10000101001111010011010    
0110000101010001110                                 0110111100110111110        
00110011011110101000                                1001  000111000            
000000111100010011010                                                          
111001111010101100011011                          01001                        
101000011111001001100000                          11010100                     
001101110111010000101010                        0100000011000   11111     10010
0001101100011110011101011    1                 000110011110010000001111 1011110
011101100110010000001111100011                 10001000101001100111100001001110
10111000100100110010000001100                 101100011001111010000000001111111
10100111010011111001110010111               11001100101110111011011110111010110
0110001000010010011111100111                11101110110000011010110101100000000