0110111111110011000100110011100100111100100100101011011011110101101110111000111
1101111110110011001010111001101010111011001110001110110000000000010010100001010
1110010011111100101001011100000101101011000100111111100001101001010101111111111
1100110000011110100111111010111011000000011000100101000000110101010001001001100
110001010010100011010101000110111             1111  000000000001111111001000110
00000010011111111101001111010101               0     11010101000101010101101010
0101110001111111001110010000010                       0010100101111100000100010
1001101101101101001101111010100                     110100101011101101100010111
1011011100011010001100000111010                  0  001110101101110000000011111
0101101011111100000000101000                    1000111100000011111011101101110
1010010010111100111100111100011                  110100111001001000000110010101
11000110011110100000110100000110               11101001010111010001110100011011
0010101110011101101110000001010                 0100101000011110100111011110111
0011000100110011101010111001100011            000000000011011110100100101010100
1001000110111010000011000111001101101    11001101110001010100110011001010110101
000001001 011001100110001110101010101    11010100111101001110111100110101101101
00000101    010001101101111100                   00100010101011001010 001000111
1011110         0001110110000                     01110000011110000    10001111
11011              001101001                       110001110110          111100
110                                                 1000111               11111
1                          00                                               101
      01100001   000    000111                   0101                          
0001 1010111001111111110000111                    0110   11011  11011 011      
011011111111110101010010010100                    101011111100001111011101     
0011000010010000101000111000110              00   00100011110010110110110000100
01101010001001101110101000001010             1101100001111001000111000101001010
0000011111001101101000010100000              1010001001101001110110111011000010
111001101000011010111000001110               0111100011101100111000111110001010
100001100100100101011101011110                010000010000001000101101100011010
101000101101100000111001001110               0000100011110111000011000110011111
10111000011111101001111111011                  10100111001010101000111000110110