1000110010100110110110010101100011100110100100101000001110010011000100010000000
0000110001110000110100100000010101100101011110010111000000011010010110100010111
1101011101110010100101111110010110001010101000111001011011010101111010000100011
1011010000110110001001001000111100000101000010110110011111001100101010011111010
1001100010011001101110110011001001000011011111011001110101010010111100110001101
010001011110000111111001001110011             11    011001010101110001010100111
1011111001100000001010100110000                      11101010001111011011100110
1101100111101110110100000110001                       1101001011011101100101011
1011000001011110110111011000110                 0   100001011010011010101101111
0011110111001100100101000100010                 100 011011000010000010010100010
111111100010110010011001110000                    11111011100110000011000001011
0101101010010111010111001101                    0111010010000110001111100010111
110100011110010110001011101010101               1110011101110010100110011001011
01110101111000101000000010010111                  00110001111001111101101100111
111001100111101110001100001101011             110110011011111110001101110110001
00100000011101111011000000110111011100     101010011001000101000000000101111110
0001110111000   0110010000110101001001      101011000100100110101001100   00010
000101011000       0101111111100                  01110110011000011        0101
0001101001            011111001                    0011010001100            001
10001111                011011                       1                        0
10001                                              0                           
           011110                                  101111      11   1010010    
0011011  0101010000110010   000                   11100000101000000001111001  0
0111110001111011001111100110011                   10111001010100100100111010001
0001110110111110011001000100011                    0100110001001010100111110100
1101100010001010101000010111110                    1111111011111100010101101011
00001110000010001111010100110000000             1100001110111011101110100001011
01110101100000001110111111010010000             1010101100110101101010111001001
1100001101011011101001101101010010               110001111011000001110010011111
000101000111111101100101001111100                101011010010101011110110111000
0110011101100000010101010100010001                00100011101001001111101111110