0010000010011010010110100010111001000110111011110111000000001010011001100001000
0010111111101101001100100100100111010101111100010001110111110011001110000011001
0011101101101011100000101100010010010001000001011000001011101110011010100111101
1001010100110010110010110010100111010011001100101110110011100111000110001100000
1100110011011000001001001101101101110011100000001111001101111010110110000010110
001001111011100010011001000010110             110111011010101011000110011000001
0001010010001010000100111110101                01   110010011101110100011100101
0110011110010111001010011111010                     100110000101010101000010000
0010101010111111101101111110111                      11010110111000111111011010
100010001010110110001110010101                     1010101011001011011000100011
0011001000011101011100101110                    0011001100010001101001111011011
0001110000001100101100001110010                  111101111011100011011000011111
1010111000000011101001110010000               010000010110001000000101101011010
100000010001111000001101011101                 10010100111011101100110010111010
000001000101010101000010000100001            1100011100111111011101101101001110
100101111111100000000101010010101101    111111010010111000000000101000101001001
01111  1111010100101100101111001000      11100110001110101000111111101001000100
110        010110111101010100                   10101010101110010 0100110111000
00            00101100111101                     00011111111010    001100101101
                 0000100010                       00100100          10010000010
                                                  0010               1101011000
   10 011               10011                                         000101101
  110000001 01110    101000010                                          1111011
001101101010100010011111101010              11   11 111011  0101001       01110
001111110000100111011101010101              01   0010110110011011010    0   100
0010010001110001001001110000011             10   110100000010011110110001001110
1101101000100011101011000111111             00001100100010111110000101011111000
1011100000000011001010111000011             10111111101011110000100011001100010
10000101111101111100100011001                0100010010010101101001011011110001
110000011101111011010110001011               1111010010011110000001001100110110
0101111011101001010010001101                 1001110100111111100100011000010100