0000111111111100100100001111010110101010101101000001101000001000011111111100011
0101000111011100111111111100010001100011011100011110001111011000100000110100011
0001011010101101001010101011101010001001000100010010101100101100010001011101101
1011000001000111001101010110101100000001101010010000100000101001111100000110111
0110010110110110111000111010000010100101110000010111101101011111000010111011101
111010100001111001101001100111110                011     1010100101010101110101
000100010111100011100111001001011                        0100111011100000000010
11110001011111111000010000010100                           01111001111100001100
01111110110011111000010011000111                        11101001110000110001101
00101110111010110011100011100110                  01    10010001001110011010100
00001100001110111110011010001                      0111101111100100111001010011
01010001000010100110110001100                       111110110100111100101000110
0110001010111111101110000001101101                01101000001000001100010001000
000001111010100100011100111111011                 11011001100000001101111101100
101110010011100000110100010111000                  0001010100000011001010110001
000000111111100  1001001000110110010001     00  0110111010001100010111010011001
00100110101000    100010010111011001000     01110100100001100110000000001101000
000111000111        0110100001101            1010111110011100000001110100010  1
110110001             00110001                      110101011110010100011      
0000000                 00001                       01100111001100111          
1111       00 00                                     100  0011101              
101010000 11000101                                                             
101001101101001110000110                           10100                       
10111010101110101010011110111                      10110111     011      111  0
00100011100001111101101000010                     11110001111001011110111001101
1100011000001001100101101111                      01111111000001001100100111100
0011001110110010001101000010   10                 00100100000100111011111001010
000101000010001011110101100111011                 10111101110000001110110111010
11001001010110100011110001100110              010100011011010101011110110110000
1110101111100110101111100000101               100001101011111011001001100010100
100010010111100100001000000001                  1000011011000000001010100011000