0111110110000011011010100110001111111010000000101010000010111010000001011100101
1110100011000010001001110101001011110100011110100011100111010111010010111000000
1111010001010101010011111000111110101001100000010100111000010100011111100111100
0000110011010111100110000101100011001110100100110111100101001010010100011111101
0000101000100010011010101001110010110010000101110011100101010001111111101001011
0100100000101111001100011110000000100       1000   1010001100110100011000111011
01000100101010111111010110010001                     10100001011111101110011001
0101110111001010110110011001100                       1001010000100000010011110
100100101111110110001100010000                     1101010011111100110110111111
1110101001111101100101010010001                 00 0111111011000001101000111100
0100110000000001100011111100011                 0011100111101001110001110011101
0001001101100000100100101010                     111101100110010110010011101100
10011101110010100010100111111  0                0111011011001010100000100010010
01111011010011101010101001000100                0001001000100111010111100111001
11010101011000000111011100011111                0101110001101010110100100100010
11000101001101100000000000011010111 00    1110100101000101100010001100111100000
0101011011011  01011011111011111001001    0100011101011000100110110010000100011
10011110100      010011001000010                 01010000011011100101   1010110
110011111           0001001101                    110100111110110        100110
011001                0101011                      11011110000             1011
101                                                                          10
         110 00                                   100                          
110100 0011101110 10101    000                    100111    000   0011 011     
1110100100001110011010001100001                   1001110011010110010111100  01
010111111100011100101100110110                    00001000001101010001111111010
011000110110000000101011011111                    00010111010110111001110110011
1001100011001101101110001101100100             10101001100011101010011101111010
0001101111100010000000011010101001             00001101001011100000111101101100
111010000001100111111001010001010                000101110001000100011001011011
010000010101000010100010000111110                010010000000010100001110001011
100001000000001011011100001111100                111111001000011110000110111111