0111111101011111011101010011110110000000001010010100011100101110000100111110010
1100001010010010000111110011001101101111110100000111011111101100100000000100100
1011110101000101001100100011111100110001100111010010011000000011100010001010011
0010011111101011010011000001101011010000100001001000101110010000001011011101001
00000010110101000011001010111011011000011111010010 0101101000011001100000010010
00101000011110001110000100001111              10    001000010001001011111111001
0011100111001001110011100011110                       1000011011000100100010010
1110010010110101010011101011010                      10001000001011100011010101
1111001110110101001001100101010                 0   010110110001100101101111111
0011111111111001101000011010100                 0011001000111110011010001111001
0000100111110100001011010111                      01001111101010011100100111101
11010010001001101001001100001                   0100111110111011110101100100111
11110010111001111110011011001001               11100101010000111110011101101000
0000100010111011101111111101110                 1011100100110110111110100000001
101111100000001110011011011110000           10100110011001011001001101101110011
10101011110  1110101000011111100111001    0011001110101101000000000110100010000
1000001110    101100010001101001010          111001011101011111111010  01100010
00011111         1110101101000                    0000100000110101     11101111
100010             1111111110                      11101110010           000000
011                   011111                          11100                0011
        10                                                                   10
10    011111101            00                     0000              1 10       
1011101100110001100000   01001                   0010011  01101 001101001      
100010010111000111111001011100                   111101010110010111010110101111
001100000000011010111000011111                    00000011101111101010011111001
0111011100010001100110001110011                   11010110011111100000111111011
101110110001111000001001101011000             101010010101110111101111011101101
010001000000001010100001010011010              11111010000111010111110100010000
10100010010111111010111101110100                1101011101001010010010100010000
100000010110001001100110111010100               0100110101010011111001000111101
10010011101111100110110101111111                 011100010010100101010100000010