0011011101101110101001101000101011011011           11011         10101000101110
1100011001000100000110010110010110010               1            01000000010000
11000110100011110000111010111001011                               0111100100111
1001001000101100010001111010110111                                 111000011001
0101011101100111111011110011000000                               0  00001000110
0110001000100101000000110100101101                              100010011011011
0000110110111101010011100011100                                  01011000100110
10111001110001000010101011                              11     1010110000000111
10001101110001010001010110100101                        10001001100100100100010
001110001110010110111010000101011                       10101110110111010001111
1011110111001001111111110111010000                       1111010110100101000001
100001100101101011010001011100111111                  0  0101001100111111000011
010001011011111111111110110000100101                  1010110001101111010101000
00010100011010000110010110101111111  00           1    010110001000010001001101
0010011001100011110010011001110000   011010     0001 11100010010000101111000111
011110000011100000101110111010100     0111      0110101011001010101000011111011
0101100110010001010111010101001                   01001010110010101111000000011
00100110001001011111100110111011                     01001000000000000010011101
110100000101111011100101010000011                     1110011101010101100110101
100010101100111                                       0001010101010110111000110
0010001001110000                                      111001010010111110001000 
10111010100111                                            00010101110011011    
01110101110110000                                                              
0010110110100100101010000                            001111                    
10110000110001010011001000                        111110001000                 
010100111011000011000110011                     11111011101001101              
1101111000010111110010010100                    0011000111101101010     1110   
11100111100111100100110010000111               00000011010100100110111101100001
01100101000100000010001011001111               10001100110010110010001100111011
1111000001110001011010111101111                10101111001000100111101010110000
111100101110010110111110110001                 00100101010100110011101000000111