11000110101100101101011000001011010000001000        001110000000000111100101001
0110110100100010011110010110011110001110000         110010101000110101001100100
001010100011100100000001111                         011111100101011010001011010
0010010011000100111111001010                        010111010101111100101001010
111101000111011111101000011010                  11 1001101011110010000011101110
0000111011010010010010000000001                  000101101101011011111111010111
11111010100101101000100101100110                   1010001111011110000111110101
011011011100101010010111100000001                100111010110001110011100100110
1001000101000111000101100111101110               110100100101011000001110100100
011101011101001101101100001110110  0              10101010011000001111100001010
000000101111000010101011111011111 10             000011000100010110010010010000
110011000101100010000000010111001                001101000001111000010111010100
101000101011010110010110110100100                011111111011100011101011001010
111000010100000010101010110110011                 10001110011111101011111110101
11001110110010010101101101001010                   1001110000001011100111001111
0111111111011110011100100000110                    1010100111101110000001011001
11010001111101001011001000011                       110011010000110011011111100
0111100101011111110011000111                          1110010101001010111101010
110010000000110001111100111   11                00    0111110110011011011100001
010000111001010011010110101  111                00    0100100110010111010101011
10000110100110111001101011  000                 11     011100001100011001001101
01011000010101010101001101  101                         11011000111110000000011
0111000011110011101100000  100                           0000110110111110000010
1100011001110111000001000  00                             010001100111011011000
1110010000100111001100111   0                              11110100100010101110
110011001001111100010111    0                               1001010001101101001
0111001100001011110011011100                                1110100000111000010
101010000101100100001001011                                10100111101101101101
1110100010100001111000010111                               00000111111010110111
110111100011000010111011010110                             10011000101010010001
010011101100011000111110110010                             01111000111001100001