010000100000000010011011011101011000101011000101101010000001100111001111011101 
000010111101001000011010111011010000110001011111001010101110111010001110100    
00010110010100001011110111000010010001011110001010010100100011                 
11111101111010110110001011110101000100101011001000111011011                    
101010000000100110100010000001000001111101010000010100011                      
01000110101110110000000111111001010101111011101000100000                       
110111011011011010100111100000110010111100111000  11                           
01010011010101000100011000100110111111110000000                                
001100000001110100111001101100111101100010110010                               
001001011000000100101010110111110111110001010010001                            
1001011111000000011111110010100101011100111111111101                           
0100110111001111110010100011101111101100001000101101110                        
0110001100111110101010110000001110100011000101111110001                        
000101010101101001001000111100111011110110100101010001                         
1111111101010100110110101101110111101110100111101100011                        
00100101110000            0 1111100110110010011001100000                       
101011001100010                010101100000111000001011010 0 11                
01011010101101111                  1010110100101011011010100011                
100001011101100111                   00111100001001110000110111         10 010 
01101001001111100001                  001101001010000000101110         001 111 
11000101111010101110010001011           10010011010010                 1010111 
0110001011011010100001001010011           01001010                      01111  
11111100011101000101100111010010           000                          10000  
0011000001100011110101100110001111                                       1001  
10001101011100101101010001001011001                                     1011   
1011111100000111100010010111010011100                                     1    
0111100010000100010100011001011110100111         000                          1
1110100111001010111110001100011111001000100110010011                          0
1111111100011101001100110010100110111000001100111011                 11        
1101101010000000101010100000000001110100101101001000                101111110  
0100011001000001001110110101100111001000001010001001                10101110011