                                                                               
                                                                               
                                                                               
                                                                               
                                                                               
                                                                               
                                                                               
                                                                               
                                                                               
                                                                               
                                                                               
                  000                                                          
                   0110                                                        
                    00110                                                      
                   0111100                                                     
                    1100001                                                    
                     111111                                                    
                                           01                                  
                 11                        01010                               
                101                  01    11001000001                         
                1011 00               11   00100110000                         
                 01111000             001     11100011                         
                  011100001           1101               00    10              
                    11000110001       1001100          1000010011              
                     0101110011110    100001001100011011010000                 
                         11011100010   11010111    1110110111101               
                          0110001100   010111010110001000000101110             
                         010111001010  10100100101111010011111010101           
                           0001111101110110110011010000110011110 110           
                           111101100101101100010001000   0000100001            
                            11111111100010                  10010              