1110011110011111011001001010100110100101000010101011000111010011111101101110000
0101001001101011001000100111111010011010100011110010011000110011000100000111100
1111011011001110100100000111010001010111101111010000101110100000010001100001110
0000110110001100110111101100101100111010011110100000101101100100110100100110001
100001010000011011011001010010011        10110010110001101110100001111101100011
0101000011010111110111110111                   11011110110011010010101100111001
1100000100000100100110001001                       10 1001000000010010011011111
0001001110101001101100101100                       10 1111100100111011001110110
1101110101010010010101000100                       0 11010100110110111000101111
00001111111010010000000011000                     01111101111010100100100000001
0101110000101110000110000111110                 1100101000100110010111000110000
10110000101001111110110101111000             1111000110001100001000110011111001
000111101001010000000111110101101           11110001010000101101100100100101010
10000001011000100100110001010010           100111011000110001111110011000110111
00111010010110111001010101111000011        110011001111100100111101101000111011
0111100100111010010011000100000110111110110100000001101000011000111010110100111
0000001001100000110010001000110111001001111110001100001101111100011011101111100
0011111101110111001010101101100101110101000010000010000111011110111010010111100
0000111010010101111101100011011100100001111100011010110001010111010111110101110
0011010101000111111111000010101001001010001000111111000011101111010111111110000
1100100110110000011000111010000011110111110001000111101001111000101011111101011
1000100011101011011100011011100010010110011110001110011001111010000001011100111
1010011101100101111011010111100110000011110101101100100101011110000001010000111
1100000011111001010111110100110110011000110001100011001111000111010001001101010
1011001001111011001101100101010011111110010100110110101101100110000101011110100
1010101011110000101110100000011100101000101010100110100000010111011110010111101
1101100000100010011100110010000101111010001110110010001110100000011101110011011
0101011110110011100000111101010110100110010101100101100101000011001101001100000
1000101010000000101101110010100011101010011110011001000001011100011001010110101
1011110110101010000100100100111100101001011000110000011000100111111111011000101
1000111011100011111010001000101110111001110100010101011010000101001000010100110