0001000010101011000001000000011101110111110111010001111001010001111001111100010
0001001001101010001110010010000100100110000011001011111101011011111010001000010
1000011111110111100010101000111110010110101000000011110100110011000100011000011
0111010010110110100101010000001000011011010000111100000111110011101111000101001
0100110011101001010110100101110101100110011111100101000010011100101011111110101
1011100100001000100110101000111000001101111111111010000000100010101101001110111
1101000011101101101010010110010000000001010011001110011111000011001000101001001
0100100010111011000100001011001011001110110000100100000110000110101111011100110
0011111100001111111000011000110011100111111111100111011100010010000010110011110
1011111000100000000110001001100110101000000001011011101111111010110000101001100
1011000111000010101101000110000000111100010011001011001101011000110101010100110
1011001100110101111111001010110001000001101111111000010001001011010011100111111
1100000010010101111111110000100001010001011011100111011001011010100001100100101
0110110010100010000010011100100110001110110011100111011101111011001010011001111
0110011001101111000110100011011011001110111011000110000100001101100010111000110
1111110101110010001011011110101100111001011001100101101110111001101001000111011
0010100111011100111110111010010100111000000100010010101000111101011010011110010
0011011000110000000111100101111000110010111011001100010001010111111101101110101
0001110011110101100110110011011011011011000000011110001001110101100000010111001
1000011011100000101011001110001100000100110101010011011110000011100000111101011
0000101011101000100001001011111010011101101100100000110110011110010110101011111
0001100010111010100010000011101101011001010001100110000101110110001111111011000
01011111101101001000001                        11111001101101111110101000101001
1000111001001011001100                         10010011001100100110010001000100
01101010100000100010110                       110111001101011011011110110011001
111110111100101011101001                     0110000001101100010110111111011110
00011000011011001100111110                 011011110010011011111000110001101010
1001111101000011011100100000             11000100000110000011111011111010110111
11111101000000110011011110111           110110000011011001010111111000001100000
11111111101101100110001010001           010010111111111110101001110100011001100
01100011011101011111101001111 0101101100011001111001011100011010110111001101110