                                                                               
                                                                               
                                                                               
                                                                               
                                                                               
                                                                               
                                                                               
                                                                               
                                                                               
                                                                               
                                                                               
                                                                               
                                                                               
                                                                               
                                                                               
                                                                               
                                                                               
                                                                               
                      11111010100       1                                      
                      000000111010     01110                                   
                      0001011001101    1110010101                              
                      101110110001101  010000100001                            
                       010010110111000 10001010010 0001                        
                        110000  10100001011000001  01101                       
                         0011010 001111110110011  110010111                    
                          1010001110000111111110111100000110100                
                            11101110100100010000001101011100 101               
                            1100110001010100000000101010110  101               
                           110101110101100000100000011111011111                
                           1111000111011011010000     0000100                  
                            01010010000010101                                  