                                                                               
                                                                               
                                                                               
                                                                               
                                                                               
                                                                               
                                                                               
                                                                               
                                                                               
                                                                               
                                                                               
                                                                               
                                                                               
                                                                               
                                                                               
                                                                               
                                                                               
                                                                               
                   00000 100010         01                                     
                   011001011100000  0   100000                                 
                     010001000110111110010001100111                            
                     110000 01101000   0011100110010                           
                      11101      1100   10101101110  001                       
                       0111010   11010111011010111  01010                      
                        10011101  00011100010010   010111100                   
                          1101110101111100110001 00001011011110                
                            0100101110110000000100111011100011000              
                           100000111001100101010101001111000  011              
                          11100010101101101100011011010110111011               
                           0011101100000011000010     111011100                
                            11100111001111 011                                 