1101001011011100100111100000111110110111000000011000100100100111010101011100000
1111110110011100101101000110110001100001010110000010111001000111110001100111001
1101000000000011011100111111011100001010010011100111101100011100101110110011101
0110001000101011101010011000110100010100100001101110010000000100111010011100111
0101110011110010101111111011001111100111110111010000010110111011000001001111110
1110111110110000100001001011010001001000101011110111110101000011110001101000110
1000100000000010011111000100001110001000000000101100001000010011001001000000100
1000010010010000110111001001011011001111100011100101011100101010000011001110100
0010100000100100000011011101101111001010101010011111011100111101110001100101101
1100111100101011101101010100101110111100000011011111111000011011001100100111011
011000000010101100011000001   0011111111101110000001011110101011011100110101110
101111000001000100101110101          100111001001101010001100001100010110100011
011000110011001011100001000                110010100001110110101010110100000010
001001100100110010110110010                     0011100100000110101110001011111
0111110011001011001111101001                            01110100010100001101000
001101011111001111010110001011                       101  000110111011010000100
1101111101100011101101111011101                   101000  011011111110001100011
1010011100110011110010100111011                  000110  0110010010101100100001
011111001011000000011010101001                 1000   0011100101001000101010010
101000000101000110011100100101             010010110011101001100110000000111000
110000011110011000101011010001001         1110011110011011100010100001101000001
000001010000011000000101011101110100101  01010110101000100111101111010100110110
1011001000011010100100000101110010011011110100011101010101100101011110101110001
1111111100010110010010000000100010100111100000110100100101110100100000011111100
0000101011001001010101100111110100011011011001010000011110001000011010010001010
0110101010000001100111001001000101100111111111101000100101101000001010001001110
0101100001110001111010111100000000101001010001000001111101101001100001001110101
0000000000110000100100100111010100011111111010010000110101110101111100011000101
1000111000101010011011100111000011101000110100000100001100100001011010100010000
0101100011101100110111111111001100101011111001111110100110101111110100011001001
1111001100101111001110100100101101001000100000011000100001111011101001000110110