0100001101111010110101010010011101011001001101101100000100011101010111001010011
1100111000010000101001011111100001101111100111100011110001001111010001110010001
1110101000001101011010011101001101010010001110110101100011111000100000010010001
0110110100111011001001111111000000000000111000110100000110001101001011111110010
1010001110110011100000111000111100001100101011011100000000001001110010110000110
1110111001000001110101100100001010100101000011001010110110100000011001100011101
0011100101110101010010111011111100110000001010100111101011011110100110111000101
1100100111100011000100111000111001110000110110101010100101111110011111101100111
0100111110100011001110101000010101001001101001001110111110111001100001101101010
1010111000111011101010010000111001001010110110010111000110000000101100101000011
0011010101111000110000111101101011010111100000000111010100111000001111100111001
0110000110111011011011000001011010111110101000000101100110001101010000010010100
1010001111001101011011111001011000100101010101001001101100111110011011100010011
0011011010000111111000001110110110110011001111100100111101010011111011011010001
0001000001000101111001000111010111101010000101011001100110001110011110111010010
1101110101010100101011000100100011110101001010010100000101011000100101111111001
0100001110000000110011010101000110011101100001100011001010101010010010100110100
00000010011011101111000101100001       000110   0010011111000000110010001011001
001001111100110000011000                        0010101010011110101000010010111
110101010010111111011010                        0110100101101100100100010101011
1110000011101011111000111                       1110100100001110101011001101101
01101110001000001100010101                     00010011000011001110001011011111
1001100001000011011001101010                 0001111111110000111110111000000111
10001011010010101000111001000              011010100010111010111000011100110001
111001001011011011100011000001            1100111100001011110010100101001100101
001101101011010001011000110000            1111111110110010011000000100101010011
010001101111010101110000100011            1010000001110000010111001011101010001
0001001001110011010100001000010111101000011010101001111000000010100010101010010
0101010010101010111111011111000110100101000100010001111101110011011000111010000
1011001100100001010000111111110111100110101110010111000100101010001001010100100
1011001010111000110111101100111001010010001101111011001110000110110010000100011