0110001000111101110011000011010001111010101010000101000000001110001011110101011
0001001011100100001001110111011001101110010011011011101010100110100001011100001
0000001011011000010011110100010001001011100010111000110100001010111010100101000
0001110101110100110001100010111010011110101011010100101101000001100000111010011
1010001001001010111010100000100111010010100111001011100010110010111001100001000
0110011001100110110101110101110110011101011000110100111010110111101101101110010
0101010011100001000100110100001000101111010101110111101010000011011110010100100
01011110100111101101001110011                  110   01010011000001000001010000
0101111110100111001100100010                      11 10010110001010010000011111
0000111111101001011111110000                      00 11110001011111100001001100
0110110010000010111011110100                        110011100101101100101100000
01110000000100111001010111011                     11000000111011111111101100001
111110010111001001110111001111                  1001000110010111010001101110100
11111000010010011001111101000011              101000111111100111111000001100100
001000100110001001010111011111000           01010010010100010101001100011000010
10001001011111010010101110110100            01110010001101011100100000001110001
100011111101010111001111100101001           01011101011101101010110000110001011
0110110111001011101110000100110111000101011011111010011101001001111001001101100
1001111100111010110010101001001101011101001001011110001001101011110110010100100
0010110001010110100000100111111001100111011010001010100100101101101101001001110
1111010001010001011100101011100100100010101101111111111010101111011000110010111
1010101000001000101011100000010001010100110001100100100011010000001110101111110
0111111111000111000110000101111100010000111010110111000110111111011001000101010
0001110111011100110010010011010000011000100000110011101010110010011010011011000
1001100001111110001101001010000101110011111111100110000010010110110001111100010
1101111000010010000000000100001001110001011010011111011110111010110000000001010
0100011000101010011010110001101011100010001100001100011010010001010110011010001
1010111001100111000011101000101001111001100011101010011000011010011000110000111
1010000001100001000101100010010100000111001010000000100000011100010000000110010
1010100001100101010101010000100001010101001111111110000111000001010111101111110
0101111000110001001101110100000000111000111010000011111000011001111011101000010