                                                                               
                                                                               
                                                                               
                                                                               
           01111                                                               
          1110100011                                                           
           10011100110                                                         
           00111011100                                                         
             0001110                                                           
             0010100                                                           
               1110                                                            
                110                                                            
                00                                                             
                                                                               
                                                                               
                                                                               
                                             0                                 
              0                              1000                              
             01                              0001101 1                         
            1100                           10  100110100                       
             0111   1                     011       101                        
              1010100110                  001                     01           
               010101101100               0110       0011 00100100111          
                 01001000111000          0111110110   011001101011             
                    00011110010111       010010000       10010                 
                        00101011011    101011111     10000110001               
                         01101010000    0010100011  00011010001000             
                          11101011011110 0111101111011010110000010111          
                           10001110101000  00101101010    101 1110111          
                          0001011101101010   01110010011   0000 0111           
                           1001011110000        10100000     101011            