01100010011101101101100001010011010101011111101011101110100011001011001001     
100000010100010100100001011110011011010010001101001001101111000101100000       
1001000010110111011010111101011101010011011011011101101111110                  
110111010111100110111011011111110101110111000011111001101                      
00110010110100110001101100101111100010010010000100001101                       
1000010010111000100100000011101101111111011101010010001                        
10110110010011100100110100101101100000101110100110011                          
1111100001000001011111010101100110001100111000                                 
0111100011010101011101000110010111011000110100                                 
11001111010011110101001101100000100001100001111                                
000000000011101101101011000101110000010111010100111                            
111001001010100000010010001111000100101011010010010                            
0101110111110111001010001100110110110100101111011001000                        
000101001010101001010011011100110110010011001001110111                         
111110101101010100001110001110100000001010010011011010                         
01111110101000010111  1 1 11111110011000100011110100100                        
100101110010010               1000010111011000010011101001   0                 
10011001000010000                  0000000011001011101111011100                
111001011010101001                  000001001111110011111101000            111 
0011101101011010111                   001010011100100001010101         0101110 
110101010111010010010001   00          100011000100101    0            0101111 
100101110010100010100111010111          1010011110011                   101111 
00111001011010000011110011101101          0100101                       01011  
010000110000101101101101111100110          00                           10010  
1100011100111010000000011111110000                                      0100   
000100000110111011110110001101111100                                      0    
0001011111011011000111101001111010011                                         0
000000100111101011100101001011001111011        1100                           0
0100000011111100001100011010110001001001001010100100                           
0110111101001001111100000111010010010001111000010011                10100001   
0100100010010110101101111010000100011111110000010011               11110011000 