01110100011110011111101101011010000011100001         11100101000011100111100111
10010110110000000001110111000010      1              10010110011110110111011011
11110101110010000110011010001                        10000100100111000101010100
010101000100101001110111000010                       11100000111100011000110100
1110101111011111111110101110100                   11111100100001101010000101101
11001011111111111111101100101101                  11011011010010010000000110011
1011101101001011001000000001001101                 1110001111001011110001100010
01101110011110010111000000110110000              100011110011000111011011000011
10101011010111111101111100010101010               10110111101000101101010111011
0111100101111001111101010111010001                10101010101101001100111010100
0000001001011001111000101000010110 11             01100000101011100110000110110
0000100110101000001010101001000101  0             11011110100011110100110011000
01110000011100100010100110111011110                0001110101111000011111010011
0001011110100100110010101110011000                  011110101101110000000000110
1000110110011000111011010100110110                  100000011111101101101101100
011011001101000110011101000111001                   100010101011110110010111000
1011000101110000010101010101111                       1110010001001000000001101
011000001110100011111010111010                        0100101111111000101011101
110111110010011100101010100101                         000011000101111000000100
11010111010010001001010100001                    00    110010000100100101000010
1110101011110010000001111110                     01     00100110000110011111001
1010111101100100101000001010                     11      1011111001110101000110
011111010100101100000000110                      00       011110001111100011000
000111011000011110100010011                               110110001000110110010
10101000100111101001001000                                 01000111111010010101
0011000011101010010001001110                                0011111111000100001
1000111110011001010100000111                                1010110111100010001
0110111000100110010110001100                               00110000101110101011
0000000101111100100101110000010                             1110110111111001101
0001001000000100101101010000110                             1111011010000011011
0100101110010111011010111100001                             0100001000000000000