1011011011101111101110100110110101110111001011110110101110001011001001100111000
111100000111010101101011100111011110110111010100       011001010000010000111100
10000110101101010110011010111111         0             111011111100101001010111
10110011101101100011111001001010                      1000000100101111011011010
100011100010111011111001100011010                     0011011001101100010110001
0101010010000111011000011000000001                 1101110011110010001101100001
0111001100000011010011111011101101011               010111010010000101010011100
101100100010010010111001011101101100               1110111010010001011101011101
10101011100001101110010101100011010110             1110100011000100000100111011
0110101100000001111100111101000101111              1100100011000010000011101101
0001110011011101110011000000111111101             00100100010011111101101111100
1011011000100010111111111111101010011             10100000001000111101111100111
1001010101110011010010100101110000111             01100111011111000010100010110
0110001000100111101110000011100010101               101111101000101101100000011
111101100001011010110111111101111011                 10111101001011001011110000
01011011000010011010110111011001010                  00000101100100110010011111
110001100111000000001111100001001                    10110101011110001010000110
111000100110110011110100100000100                      101001001101010110000100
01100001001000110110100010001111                      0101111110100001001101001
1100010011100001100000111100100                        101100010111111100010010
101001100111000111110100101001                         001011100110110111100100
111111100101011110100100001010                          10011110111010011101011
0001111000010101000110010010                     00      1101010001100001100000
0111110010010001001111101100                     10       101011110011111011001
1100001001101100011110001001                               11111011100010110101
011010011010001101011011010                                01001100111101011010
00001101101100100000010101001                              10010000011101111010
001111101000100110011000001001                             11000001110010011101
1110001010001010101011101010110                            10000111010001001111
01000001101010110010010001001000                     10    01010000010001000000
10011101001000010001101100011010                     101    0101011101011110010