                                                                               
                                                                               
                                                                               
                                                                               
                                                                               
                                                                               
                                                                               
                                                                               
                                                                               
                                                                               
                                                                               
                        00                                                     
                        010                                                    
                        100                                                    
                        001                                                    
                       1011                                                    
                    0111011                                                    
                    1001011               10                                   
                  10110000                10110                                
                 10000010           10    000001011 0                          
                  110 1             000   001101001010                         
                   100000           1100   1110101010                          
                   11110001         11101               01    0                
                     1110010000      011111            110000101               
                       01100000110   1011011011010   010001010                 
                          0100100000  100011110   1000010010001                
                           111001001  0011011001100101010111100000             
                         110000100110  10001110001010100001000100000           
                           10001001100101111010010011111011010  1001           
                           01011110100111011110101101    000011010             
                            00101011100110                  1010               