1011011101010001111101110000001000110111101010010001011010100101000110100001111
0111110011110100011110101011011001010011010010111011000100001010101101010001011
00001110000100111111010010110  011001111010101100001010011111011001010111001010
1111110001101011000101000001010    10101011100101010100000000110100101000101100
0001111110101110011001010001001          10110111100000011101001111111000111011
10111010010011000                             101111000011110101110000111001010
00000100001000100        0                        00001100010101101010001001101
10100100110111001     0 00101100                     00010111111000100101000100
1111010111110010101                                     10001111000011111001010
00011001010001100000111                                     1111100011001000111
001100000100100000111000    0                                  1001101001101010
10110101010101110111101101001                                     1000011000110
1001010100101011101010110100                                         0010011   
011011010010010111011101001100          0011001                         01     
01101111111111001001001000100000011101110111101100                             
11011111000101101101101101101101000100011000010111001                          
11001110010011110110110000111111010001110000100010000111                       
00001000101011101101000010011101110111001111000011111001111                    
1100110010111000001110110010111000001011110001100011110100001001               
011111011111101000010111011100110101111101100011010100010001000001111       000
0101111001111011101111111100100010011100001101011000101110001100101011001011110
100101100111011100011                 01101001111001000100100100010101000100001
0100100100011010110011                11001101001000011100011010010000001001011
11011100100011000010010              101010011001111010111001101100110000000011
1010100111100100101101100          10110010011100100100011000001100101001001110
10111010011010110111101110        010010111111010000100100110011010011010001000
01011110110111110011010000        110001101000101001001000011111010001111001100
0001100110100100001110000101010110111111011010111111101011011000100100100101111
1110000001111110101110000111101001100011000101010000100111001011011010111000110
0011011101000000111101111101101001101001011101101010000101111100010011111001100
0100101011000101100111101101000100110101110110001000010110100011111001000001101