111110010011110100010011110010111100101011100         1010001011100110000010001
0011011110011001100101110001010        00             0100000001000111010010011
1010100111010011101010000011010                       1001011010001100000101000
01001111111110110110011110100011                   0  1100111011001111100010101
111101110111001010100111100101100                  1111011000011100111101110101
000100100100101011011001011011111100                101100100110010001000101111
011001000010001011111001100100100011               1111101001101001001001101101
0001101011011001110001000010001100010              1000100011011010111000011110
1110100110110111010010100011000101011             01000101000011001110111111100
000100001111010010111111101001000010              01110011000000100000010111100
000110010111001100100101011101000100              00111100100010111101010000001
11001101100111000000101100001110110000            01110010000001111101110101011
111011111111111100110101001010010000                010100010010000100100110011
10111101010001010100101010110111110                  01011100101100101011101101
11010111000010100001110101010101111                  11010111001000100100000111
001100110001010011000000001011111                     0000111101011111001110100
010110111101001110100001110111110                      011111101011001000101100
011001110011000011100001000111110                01    010101100100010010110110
11011100101100011000000001101100                 10    101110110000110111111101
1001111010101111000011011001101                  10     10111111011100001100010
0110001111000100101101011101101                  10     11111110001101100001101
101000111010011101010000111011                   00      1000010001010011011010
10001110011000101100100111100                    01       001101111101011111001
0001010101110010110011000111                               11010100010101010000
11011110111000101000011111011                               1100111101000010010
1111100100011000000011000110                               00110011100011011010
0011000101110111101101000000                               00000110101010011100
1100110111001000111010101101010                             0010101000010001101
1000101000101100101101001111111                             1100111100011011110
00001100001100100110000000001110                            1101011001110110010
011011011011011100100010000100001                      1    0101011101001110101