                                                                               
                                                                               
                                                                               
                                                                               
                                                                               
                                                                               
                                                                               
                                                                               
                                                                               
                                                                               
                                 1111                                          
                                1001101110                                     
                                001011110000                                   
                                111000101111                                   
                                100100111101                                   
                                 01000001111                                   
                                   100001010                                   
                                     0011110                                   
                                       101000                                  
                                         11110                                 
                                          0111                                 
                                                                               
                                                                               
                                                                               
                                                                               
                                                                               
                                                                               
                                                                               
                                                                               
                                                                               
                                                                               