                                                                               
                                                                               
                                                                               
                                                                               
                                                                               
                                                                               
                                                                               
                                                                               
                                 0110111011                                    
                                000011100101                                   
                               0001000101100                                   
                               1010010100101                                   
                               0110011110100                                   
                               0011111000110                                   
                               11001111101111                                  
                                 101011110                                     
                                  00101001                                     
                                 11011110111                                   
                                 011110011001                                  
                                  010110000000                                 
                                 0000011000010                                 
                                 11010000101100                                
                                   01010101100011                              
                                 00010011001110100011                          
                                1010101101011  101000                          
                               011100010110000  10111                          
                               111010110111100    1110                         
                                001111001100110   100                          
                               0011111100010110                                
                               0110011111100000                                
                              00010111110000010                                