                                                                               
                                                                               
                                                                               
                                                                               
                                                                               
                                                                               
                                                                               
                                                                               
                                101100001                                      
                                011010101111                                   
                              01011101100000                                   
                              11111100101000                                   
                               0011000011110                                   
                               0111110110111                                   
                              10101110001101                                   
                                0001100110                                     
                                 000000011                                     
                                111111011000                                   
                                01001010111000                                 
                                  0011010111010                                
                                   0011000110110101                            
                                    1001001100000111                           
                                     0101000111100101                          
                                11101101100001   00101                         
                               001101100011100    1000                         
                              1111100111111010                                 
                              00101011001111010                                
                               0111110010101001                                
                               10110000010000011                               
                               00101111001011101                               
                              0011011110000000110                              