                                                                               
                                                                               
                                                                               
                                                                               
                                                                               
                                                                               
                                                                               
                                                                               
                                                                               
                              01                                               
                            000001                                             
                             101001                                            
                                0100010000                                     
                                  01111001000                                  
                                   010100000001                                
                                 00100111110100                                
                                 11000000100111                                
                                    10011110011                                
                                     101000010                                 
                                        101111                                 
                                           11011                               
                                           10011                               
                                           01000                               
                                                                               
                                                                               
                                                                               
                                                                               
                                                                               
                                                                               
                                                                               
                                                                               