                                                                               
                                                                               
                                                                               
                                                                               
                                    0011111                                    
                               01100000111011                                  
                                11001010110110                                 
                               100000000011001                                 
                               001100010110010                                 
                                01010101000111  01           110001011000      
                            110101111000101011000000110110101001111111001      
                          00101101010110100101101100001100010000110010         
      00001     1  00001101111001001011011010000110010        0                
      010000100011000111011000011101000111000100                               
     0000100111110011101         01011101110110                                
    1001100110001100              111001011000110                              
         01110  0          00001111111001001010110011                          
                          001011011110000001000000111                          
                         111110010011010101011101100                           
                        01100010101100000101011011100                          
                        100101011100000100011011011001                         
                         00100100010000111101110101101                         
                          10111010010000010101111000                           
                            10100110111100010111110                            
                             1000000111011101010                               
                                1010010111100                                  
                                    11101                                      
                                                                               
                                                                               
                                                                               
                                                                               