                                                                               
                                                                               
                                                                               
                                                                               
                                                                               
                                                                               
                                                                               
                                                                               
                                              1111                             
                                             0001110                           
                                            0001010                            
                                     0110110111                                
                                  010111011010                                 
                                1111011111011                                  
                                0011011000011                                  
                                1110011100000                                  
                                100010001011                                   
                                001010101110                                   
                                  1001001010                                   
                                   111   0                                     
                                  1100                                         
                                10110                                          
                               101110                                          
                                00000                                          
                                                                               
                                                                               
                                                                               
                                                                               
                                                                               
                                                                               
                                                                               