                                                                               
                                                                               
                                                                               
                                                                               
                                                                               
                                                                               
                                                                               
                                    10100001                                   
                                   011000110100                                
                                   101001001000                                
                                   0100111100000                               
                                  01110110100111                               
                                   0011101100011                               
                                    110110111111                               
                                      100000011                                
                              011 011011011111                                 
                            0001101110010111100                                
                            1100101001011011011                                
                           1110110100000011000                                 
                           00001010100000010                                   
                       010111001001000100010                                   
                       10111101011111011100                                    
                                 1010001101                                    
                                0011010110011100                               
                                011001010011111110                             
                               1010011110111111001                             
                              101000100010001010                               
                              11111010111111101                                
                             0000010110011110100                               
                             00000011110101101000                              
                            1111101000111110010010111                          