                                                                               
                                                                               
                                                                               
                                                                               
                                                                               
                                                                               
                                                                               
                                                                               
                                01111010011                                    
                               1111001101001                                   
                              10000111100010                                   
                              00111100010110                                   
                               1000110000011                                   
                               0000011010101                                   
                              01111010111010                                   
                               10111100111                                     
                                  001110001                                    
                                0001100011000                                  
                                01010111000110110                              
                                 11101101010101111                             
                                   01000000010010100                           
                                    0100010101111011                           
                                     0101010101  0010                          
                               1100101011101110 0100                           
                               0000101111010110                                
                              100010011000110101                               
                              010101101101010011                               
                               0110111111011010                                
                               11111010000011011                               
                              110100000000101110                               
                              1001100011010110011                              