                                                                               
                                                                               
                                                                               
                                                                               
                                                                               
                                                                               
                                                                               
                                                                               
                                                                               
                                                                               
                                               10                              
                                             11100                             
                                           010100                              
                                    10100110101                                
                                 0000010100010                                 
                                01010010011010                                 
                                0000110011101                                  
                               1001101100111                                   
                           010011000010011                                     
                            1101111000101                                      
                            0010                                               
                                                                               
                                                                               
                                                                               
                                                                               
                                                                               
                                                                               
                                                                               
                                                                               
                                                                               
                                                                               