                                                                               
                                                                               
                                                                               
                                                                               
                                                                               
                                                                               
                                                                               
                                 1010100000                                    
                                110110001101                                   
                              000001110110001                                  
                               1111000111101                                   
                               00111011000000                                  
                               0100011001001                                   
                               00010010010100                                  
                                 0110101101                                    
                                 111010011                                     
                                 1101111101                                    
                                0111110101011                                  
                                10111011000110                                 
                                001000100010110                                
                                  1100010001100                                
                                  1001000010110                                
                                  100100001001                                 
                                11010101011010                                 
                               111001100111011000                              
                               0111011011001001101                             
                               00000000000111101100                            
                              011 010101100100 1011                            
                             000 1011011000010011                              
                          00010  00000001001010                                
                        00000    11010110110001                                