                                                                               
                                                                               
                                                                               
                                  1011011011                                   
                              11011000111111                                   
                             1000011101111000                                  
                             0010101001110110                                  
                              010101001100101                                  
                              010100100101000                                  
                              001000010110101                                  
                              011011001110010                                  
                                00 1110100000000                               
                               00  11010110010101   00                         
                               111100111110100000110111011                     
                               001001111111101010111001111                     
                             101100000011001101   1111110                      
                             0101111111010110111                               
                              010100100011110110                               
                              011111100101010010                               
                               1110111100101001                                
                             101010110100010101                                
                            1101110010011000011                                
                           00011110010111001100                                
                          00110101110111001110011 1                            
                         1101101010101001000111001110                          
                        010011001110100110110001011101                         
                       10000100 01011110010110010010000                        
                       011010  0100000111111111010011111                       
                       110101110010101111000001101100101                       
                            1010000100111100011101010111                       
                           10011110111001011001100100100                       