0100010110101101100000000100111100100100011111000111100111110101100001010111100
1101100101110101100100101110010   101111010101110011101111111000111111101000011
1111000001010011101111000010001        1000110010010000111011010101100011011101
0100001111011101001001100101100                    1101011000110000010010000001
1101010111111101110110111100110                   11101011100011011111110001000
011111010110011111001111010010010                 00110111010000101000010101000
10000010010101000100011101000000                1010000101011110001010001011110
001111110001111110111110110100101              11000110000111011001110101100001
111111101001110001100011011001110             010000101010111110110101110001000
100000010011011000111110011111001             110101000101001100011110011111101
1011000100011110111000010110010100        01  001100011001001011111111001100010
1000100100100001010111000110110101        11  000101101010110111111011011110010
000101110000110111110000111010001              00111111101011100011001010011011
0011010111011111011111110001010                 0000010000111001001101000111101
1110011011110010010000001110111                  000011010010011111111000100001
001000110000011001011011010001                    10001000011110000001100111100
00111011000011000011000110111                      0111111100011011110000010101
10001010010101000110010100111              00      0101110000101000110011001010
1001101011001010000110011110               01       001010011001101000000001100
101011110011010101110100100                01       100100100100001000000011001
00110101011011010010101101                 11       010110110110101111111101100
00111101101000011111111101                 10       001010000011101001111011011
0101110001101011101011000                  010      110110000110110110011110011
110010001010000001110010                   101       00111110110001110111000100
110111111110110110100110                    11       10010100110010001001100101
000100001111010000100010                     10      01101011010110110000100111
011111001010011010111010                     10      11111000001010111111011011
1101100011101010001101011                     11     00001010010101100100001110
1100011010110001011000101                      11    11000111000110001000111010
01101011101011111101000101                      00   10000110100111110001111111
10001101111110110001001011                       10  10001001110110010011000001