                                                                               
                                                                               
                                                                               
                                                                               
                                                                               
                                                                               
                                                                               
                                                                               
                                111011001                                      
                                010001011000                                   
                               0110000011111                                   
                               0011011110101                                   
                               1000101111001                                   
                               0010001001110                                   
                               0110011101011                                   
                                0011111010                                     
                                 110011001                                     
                                000101010011                                   
                                1111000011001                                  
                                  101111101001                                 
                                   110001101110101                             
                                    111000100110010                            
                                     010100000100000                           
                                10110001001011  10000                          
                               001010101100001    1000                         
                              0011100110000010    0100                         
                              11010011001000111                                
                               1101000100110110                                
                               1100010000100011                                
                               10110111100100110                               
                               01000101100101011                               