                                                                               
                                                                               
                                                                               
                                                                               
                                10 11011000                                    
                               0011111100011                                   
                             0000001110000111                                  
                             1011011101111000                                  
                              011001010011101                                  
                              111110101001101                                  
                              011011110101000                                  
                              001110011111110                                  
                                10010101111                                    
                                10 00011101001                                 
                                111000101100001                                
                               10110010001101100011101                         
                               011001111011010101000111                        
                              011010101100001000011010                         
                                101101110110101     00                         
                                011011101100011                                
                                 01000000000000                                
                              10111100001001011                                
                             100110001110011111                                
                            1100100010011101100                                
                             010001011000001110                                
                             1000000101011101100                               
                          11001110100111100010010011                           
                        01110  1111000000111111100010                          
                        10      0111110000110111110101                         
                               101101110000111110111100                        
                             11101110101001000011111110                        