                                                                               
                                                                               
                                                                               
                                                                               
                                                                               
                                                                               
                                                                               
                                                                               
                                                                               
                                                                               
                                                                               
                         010111                                                
                         011100000  0000000                                    
                             11011111000000100                                 
                                 10011001000010                                
                                  11000111101111                               
                                 010100011110101                               
                                 10101110010101                                
                                       011000100                               
                                             010110                            
                                              01101                            
                                               0000                            
                                                                               
                                                                               
                                                                               
                                                                               
                                                                               
                                                                               
                                                                               
                                                                               
                                                                               