                                                                               
                                                                               
                                                                               
                                                                               
                                                                               
                                                                               
                                                                               
                                                                               
                                                                    01000000111
                                                                  0010100011111
                                                                 11101101101100
                                                                111110111000001
                                                               1010000010010000
                                                              01000001101001001
                                                              10111100101111101
                                                                101101110001001
                                                                   010100100110
                                                                 00011101001100
                                                                 01100110010000
                                                                  1011111101000
                                                                     0100100101
                                                                             01
                                                                            111
                                                                            011
                                                                            101
                                                                             00
                                                                             00
                                                                              0
                                                                               
                                                                               
                                                                               