0100111001101111101110011100101001000001101001010111000010010100011100011001010
0100101111100111100111000011100101000001011011010001100001010111000100000110011
010100010011101110011110110011       111001110010110100111001100010001010101110
001001011001011100011100111101                    01011010100001111010111000101
010001100010010001100001010001                    00011010011000101011010010110
000101101001111000011001011110                   010011100011100000010010010110
01100011101010100010110110001110                0011110111010000101000010011100
0100000110110000011101000101011                01111001110101001010011110101001
01010101101101111100111101110001              101110010100010001011000111100110
10010011011111111110110100010111             1110011110000101100110011000110010
10100101010000111111010011000000             0110111110011110100100100100000111
110011001100110011111100011101000             011001010000011100000101011110000
010111000110111010011111000101000            0111010000000000001001100110001010
1001101100110101100000111110111                11011001000111001011100000010100
101011110111111010100010111001                  1101111110000110110001110100000
001000010000111011110010101111                   011111000110011001111011001011
1011111110001110111110101111                      10101000011000100001010010000
0010010000011101100101011000               00      0011100011001001101010110010
0100001111011101100101111101               11   10 1100101010001010111000100110
101011101000001101010010110               01    11 0000110010110100111111110011
01111010110010111100111011                11        101111011100110111010110010
1010111110111101110000011                 100       011011010001101000001000011
101010011001001011111101                  010       010100010010001001101010110
11010101100100011110100                   011       010000101111001111001111010
11010101100101000010001                    00       001011001110100001110101001
00111111111110100110000                     00      100101011000010111101011001
00001011011100000101001                     00       01100000111010000001110011
101011110010000111010111                     11     011100110110101011101001100
011000100011111100110100                     010    000100011010011011101000010
001010111001000111010101                       00   001011110011001001011011001
1001101101011001100000110                       10  000000001011111100111111110