                                                                      1        
                                                  1 0                 11       
                                          000100110010110             01       
                                           0100010001010101001         00      
                                         1110001010101011110001        00      
                                         00000100010111100010110        0000   
                                           0000011100110011011000      10100   
                                          01111010010111010010110      000101  
                                         000001100101101000010000       111010 
                                          1011110100101110110100011      000010
                                           0111111001011101100101110     101111
                                               0110100010111000111        10000
                                               0100101110111110 00        00101
                                                0000100111010          11111010
                                                01111101001010000      10010000
                                               1011100000001010111    110101000
                                               0101011000110011111   1000110000
                                               11110001100100000100110111101   
                                               000011110010010000011101111     
                                                0111011110000010010100010      
                                                111100100000010011100001       
                                                0100100010110010110010         
                                                 1011100100100010001           
                                                 001011111110010010            
                                                 111000000111101011010         
                                     0100001101011010100011110001111100        
                                     00111110000010110100110000100110101       
                                       10011110110000010111100101101000        
                                        011001001111010001110010110111         
                                         001100010010001110101010  110         
                                          0110000111001100100101               