                                                                               
                                                                               
                                                                               
                                                                               
                                                                               
                                                                               
                      0001             100000                                  
                     01010            1110001010                               
                      11011         101010100001                               
                      0001111       1111001110011                              
                        0000100     10100111011100                             
                          0110011    0011101111110                             
                            101110111000011010001                              
                              0000010011000001101                              
                             0000101001010010011                               
                            0011111011000011                                   
                           01011111101001011                                   
                           10001110111110101                                   
                           110  11101010110                                    
                               10001111011                                     
                               1001000011                                      
                               011001111101                                    
                               101000110111111                                 
                                010101111111101                                
                                0110111100001000                               
                                0000111110101000                               
                                001001100010101                                
                                1011010010000001                               
                                0011111000011111                               
                                01101111111101010                              
                                110000111110100010                             