                                                                               
                                                                               
                                                                               
                                                                               
                                                                               
                                                                               
                                                                               
                                          1001101                              
                                10100 01110000111100                           
                               00111100100111110011110                         
                               1010101001101011111010010                       
                                 010001001111001010010111                      
                                00101001011010110100010110111                  
                                0011101111110001000001101110000                
                                1100111100000101110001011110011                
                                  001111110101101110111110110                  
                                      1001101010111110111011                   
                                      1001000101110110                         
                                        0001011110011010                       
                                        111010011010101110                     
                                        011010100110001000110                  
                                          100101001001110010110                
                                            000001101111011111101010           
                                             11010100101101011101010100        
                                             100001011111111011111011000       
                                              110110010011111111110100100      
                                              10110100101101010101111000       
                                              1010000010001011010011111        
                                                100001100110011011010          
                                                 001110011101001111010101111010
                                                   0101111100110111110100101001