                                                                   1           
                                                                   01          
                                                                   11          
                                           00 101                  01          
                                       001000000001010111          10          
                                        11100100011111100101        10         
                                       0100011001100001001001       10         
                                        0111001110101011011000    1 0011       
                                       010001000010001100110111   1000         
                                       10011100010110110101000      0011       
                                       01110100100000100010001      11001      
                                        110010000111010110110000   10100101    
                                          0111000110110000110001   10110010    
                                            1100110110110110001     1001111    
                                             011100000001001 1      11111010   
                                             1000000110110111 0     10100010   
                                             1000101011111001000 111000100     
                                            001011100001000101001 1001010      
                                           111000001111000000111000110001      
                                            101110001010110011100001101        
                                            10011011101001100100111100         
                                             101001011000010001000011          
                                             10100101000001011011100           
                                              110011100110101111111            
                                               01110111111000001110110         
                                                11010110010110111000101        
                                     1011110001 110000000011011111011011       
                                      000000011111110111110100010000001        
                                       1100110101111100011101101111010         
                                        01001101100111011001000000000          
                                          100111000101101110111000             