                                                                      1        
                                                                      01       
                                                                      10       
                                        110111110100011               11       
                                         1001111100011101111          10       
                                        101011001010111000111         00       
                                        0000000110101010001010         001     
                                         0010100100010111111111      11011     
                                        110101111000010111000001      0110     
                                        01000011101001110010101       00000    
                                        0001011111001001101111010    01111001  
                                         0010111000010000101100110   001010110 
                                             0111000011010110011     00001011  
                                             0100101110011111111      11001101 
                                             10001100111100           10010000 
                                              010100000111101000    00011000   
                                              1010110101100100001   00010011   
                                             0001011011100101111100111110100   
                                             0010111000110001010101111101 0    
                                             001011110000101001010100100       
                                             10111101110110111000001000        
                                              010000001100110010101100         
                                               000000010111110110000           
                                               01011011111110100010            
                                                1010101110010001110011         
                                                 0011110010101011000111        
                                     11100101100 11101110100011110010010       
                                      010010011001010101111100101111100        
                                       10101001011011000101111010111010        
                                         01110100100011100011101101  1         
                                          01111100100010111110101              