                                                                               
                                                                               
                                                                               
                                                                               
                                                                               
                                                                               
                                                                               
                                                                               
                                                                               
                                                                               
                                                                               
                                                                               
                                                                1010           
                                                                0111           
                                                                1100           
                                00010000001011100111110111010010011111000101111
                                00010110101011010010010000100001010100011110101
                                       1110000100101011100111000000101111   100
                                                                0100           
                                                                0001           
                                                                               
                                                                               
                                                                               
                                                                               
                                                                               
                                                                               
                                                                               
                                                                               
                                                                               
                                                                               
                                                                               