                                                                               
                                                                               
                                                                               
                                                                               
                                                                               
                                                                               
                    01                   001                                   
                    000                001101110                               
                    11010            001110001011                              
                    0010100         0111100001101                              
                      1111100       00110011011101                             
                        0101111      1001111010011                             
                          00000010   100000000110                              
                             00011010001001100000                              
                              0011111101111100010                              
                             110001000011001110                                
                           101000000001110101                                  
                          111000101100011110                                   
                           001  100101001000                                   
                                01000111100                                    
                               11100111000                                     
                               11010101001                                     
                                110100001001                                   
                                00100100000010                                 
                                110010111101000                                
                                1000000011110011                               
                                101100001100100                                
                               1000000101011111                                
                               00000001100000100                               
                               010000110100011011                              
                               010101111011111100                              