                                                                               
                                                                               
                                                                               
                                                                               
                                                                               
                                        001                                    
                                     0100110001                                
                                    000011101000                               
                                   11110011011110                              
                                   11001110011100                              
             01000101000           00101011111110                              
              00110100100101        0001011100110                              
                 011001111110010000  11111001101                               
                     1  101111100110100100011111                               
                              111001000101110                                  
                              111011000111011                                  
                             000001111010101                                   
                            0001001111010101                                   
                            011110100111100                                    
                                00010110000                                    
                                1000011000                                     
                                01111111110                                    
                                00111111000101                                 
                                0100001011110010                               
                               10111101110111110                               
                               10101111001111100                               
                              1100011001010101                                 
                              01010000000010101                                
                             111101100110111010                                
                             1010010110000001011                               
                             1011111011001100010                               