1110000110100011011110000111100100101010000111010001100110101000110101011101000
0011000010100011111110011001001001011001000001110110000111000001101111101001101
0110110010011001010000111000        1110101000111110010110010101101000100000101
1100100011100011100100100100                     111110010000101011110000100100
0110101001100100000001000111                    1010111010100000101011101101100
1111010001111010110111010110000                00110100110100000010111011100011
010011010100011100100111110100               0101100001100010010001000111010000
1110000000100111101110110100110              0100111010110100011110101110001001
1001000011100111101111010110111            111110111010010110110100111010100001
1010110111101010010000101101110            011101101011001110001100111011001101
1011001101010111100111110001101             10010111100000000001100110000111011
1011010001001101101110011101000            000010101111111010110101101101111001
001011101000101010010010110100             110101001111101010100111100100001110
00000101000011111111110100111               01010100101100111100011100110000111
10110101011101010000110111010                1000101011111011010010011100101101
1000000000011011000101111110                  010000111010101000101100011001111
111101100000001100111110010                    01011111011111001110011011000000
001010101010101010100011100   11                0000011011001110110010000110100
00111010100100010111110100    01                1001010101101011010101100111111
1001111011011101001011100     11                 100001001100100110100000110111
1010110110111100010110010                        100101100010001100101110011111
111101010011111101011011     11                   01110110111001110001110011110
10001001101000011111000      01                   10001001110000010001000010001
1001000110110000001000                           111110001010000111010010100000
1111111111000100011111                            11011100100110001111010110011
1011010111010011100101                            10101011111011001000001100110
1000000110010001101011                           111000101100110110000110011110
0010101110110011100011                           101100110011110001000111100101
0110110111110101111010                           100111110110011111000101011100
0010100110101001011011                         11010100110101110000001001010001
1000011101011110000001 00                      00100001000101000101101011101001