                                                                               
                                                                               
                                                                               
                                                                               
                                                                               
                                       1111                                    
                                     1010111011                                
                                    111110000111                               
                                   10000001111101                              
                                   00001000011000                              
                                    1010111000000                              
                     101            000101101100                               
               1100000001010        101011101100                               
              001011000110001101100011001110010                                
                     11 110000111010000010110                                  
                             0000000110011100                                  
                              11101000110110                                   
                             000110111101111                                   
                             01000101101011                                    
                              0111011000101                                    
                                1110011101                                     
                                010101011100                                   
                                100011010010110                                
                               10110000000001100                               
                               11101100111111011                               
                              011010000000101111                               
                              0111111011101000                                 
                             000111011000100000                                
                             101110111101110001                                
                             1010111011100011111                               
                             0001100011001111001                               