                                                                               
                                                                               
                                                                               
                                                                               
                                                                               
                                                                               
                                                                               
                                                                               
                                           1111001101111001100001              
                                           110110110000101110101011            
                                             001101000000011010110000          
                                            01010110110010100101101001         
                                           1001101001110001101101000111   00000
                                          1110100110111110000100000111101001000
                                           111100001011100100011000111101011111
                                            00001010101000011000111100101111010
                                                010000000000001010011111001    
                                                1101010010010101001101100      
                                                  0000010110100000010110       
                                                       00001001101011101       
                                                         1010000011100111      
                                                       1011000111011101111     
                                                      1011110011001111010011   
                                                      10010010011010000100100  
                                                       10111000001001010110000 
                                                        10101111000010011101100
                                                        01010010010010011010100
                                                         0010010001101101100011
                                                           01010011100111011100
                                                            1111000000111000100
                                                               1100111010111101