                                                                 01            
                                                                 01            
                                                                 00            
                                         00 11                   00            
                                     00011001110101011           00            
                                      10110011110011011111       11            
                                     0001001101011001011011      101           
                                      0010010110100010000100     00101         
                                      10100100100001010001010   00000          
                                     011001010110111111101010     1111         
                                     100111011001011101111011     00110        
                                     1110101000110111010000111   0011100       
                                       10110011100111010110100   0100101       
                                          0010101001100111010     000001       
                                           100011010101111 0      01000111     
                                           010  0111001001        11010001     
                                           1011001010110010000 011110110       
                                          11010010001011110101000011110        
                                         101001010011110111001100011111        
                                          111101101110111110100101001          
                                           0111110000101010001000001           
                                           011001111011010000100100            
                                           11000010101011011011000             
                                            101011110101001101100              
                                             011010001000000111110011          
                                              000101100000010101000111         
                                    11100100  1111111011110100000011111        
                                    111000010001101100010110011101011          
                                     1010000100011010110000101010110           
                                      010100011110011001101001000101           
                                        111010100111001010000110               