                                                                               
                                                                               
                                                                               
                                                                               
                                                                               
                                       11                                      
                                    0111010111                                 
                                    10001101100                                
                                   0100100011001                               
                                  001101010010100                              
                                   01100111111111                              
                                   1011100000101                               
                                    001101000010                               
                       11       0  0   001001011                               
                   10000001111 01000110010101                                  
                11100110010101000011000110001                                  
                 1000  001111110111010100110                                   
                              00001110010001                                   
                             11101101001000                                    
                              0111001010011                                    
                                1000000001                                     
                                0000010111                                     
                                10101001011010                                 
                               101111000111001110                              
                               011000110101011111                              
                              000010111110000111                               
                             11000011100100100                                 
                             00000110111100001                                 
                             101011101000001110                                
                            0001010101111100111                                
                            10001111100000010000                               