                                                                       0       
                                                                      10       
                                             0011100000                01      
                                          1001011110110111100          10      
                                          110011111101101110100        010     
                                         10000011110110110100011        10 0   
                                           010000111101010000101        0110   
                                          01010000000111111101110      011111  
                                         100001110100101011110111       010100 
                                         111000110100111010101011       1011001
                                          01011111000011101010011000    1111001
                                             1010010110101011000111      100010
                                               111100111010100011         01010
                                               00110011000000           0010001
                                               00011110001100110       01011101
                                               0100110011110100000     10010110
                                               1000000001111111011   1111001101
                                              011111110110000000000 11010000   
                                               0100011010011100110000011001    
                                               110001100011000001001010111     
                                               0010011101010100000001010       
                                                10001001000001001101010        
                                                11010101111111110001           
                                                 1000000111011011010           
                                                 010100001010010110001         
                                      1000010    1110110011001101110100        
                                     01001111011000111010100111110101011       
                                      011000100001011111000011010011001        
                                        0101000010110110101011110110110        
                                         0101100100001001101001011  11         
                                          11011011011011001001001              