                                                                               
                                                                               
                                                                               
                              1 11                                             
                          11010110101010110                                    
                           00100011100110001110                                
                            11010101101000000111                               
                           00101011011110101010100                             
                           11110101000001011100101                             
                          100001110001110001101000                             
                          0000111001010100110100010                            
                           111111101000000001111000      1                     
                             1010010111010001000001      100                   
                                10100101101101001101   10010                   
                                 010000100101001       1111100                 
                                 11 0010011010011     011010100                
                                 101100111101111001    010110100               
                               110010000110000101110001010000110               
                               111101010100111110110100010110                  
                               11000101000011101100110110010                   
                                0101011101001111010100001                      
                                 11010011110100010100110                       
                                 0000100100111000100011                        
                                  1110111010110000011000                       
                                   010111010101111101100011                    
                                    001111100011010111100101                   
                          101110000 1101010011100001110100011                  
                          001111001000101101111010101100001                    
                           00001011011111100101011000000010                    
                             011011010100011111000101010                       
                              110111110010110010011010                         