                                                                               
                                                                               
                                                                               
                                  10000111000                                  
                                101010010111000                                
                               01111111011111111011                            
                               0011110010010011101010                          
                               01000110110011101001010                         
                              011101011011111100000100                         
                            10100110110100101110101101                         
                             0 01010101010101101 00010                         
                               11111010100111110 010110                        
                                  101011000111   111100                        
        01                         1010011  11    00000                        
      00100000                   1001101011101     1011         01000          
    1100  10110101             01011100100011111            100010 010         
 10110011  1000 101010011111111001111000010100111111   0000000001 0101000      
100000010  0110  1000111101000011100111100101000010010010101 11010001 100001   
10   010   000   001111010   11110100010011110001  010001010 1   10  0010010010
000  00     1   0111111000  1101001110000010011111  0110010         10011111010
01              001011     11010100011001100111110       1              0011001
0               11         10 100101001111110101100                            
                             0001100110010010011010                            
                            011010000110000111101                              
                            0101100110010001111100                             
                           1111 0010100011011100110                            
                          0001  0110001100000110101                            
                          111  100110101101100101111                           
                         1001 1111001010111001100101                           
                        0010  00100111001011110101101                          
                        1111 101110010010111101110101                          