                                                                               
                                                                               
                                                                               
                                            0110100001111111                   
                                     0110  000101010010001101                  
                                   101101110001010000001100111                 
                                  1111110111101110011010110011                 
                                 11001110011110110011001010100                 
                                 111100010100001000100011011101                
                                      00111100001101011001010100               
                                    0001110011010010111101101000               
                                   111101 100000110000010011011                
                                  1100010 01100100110000000110                 
           11101                  01011111  0111100111001001                   
       01110011010                1101110    100 00100000                      
  110111101    010100             0011100     10 010101110                     
01101011101      110110             0101    011100100011110010                 
00101  10010     11101101            0    111011101000011010100                
1      110100   101111 0100              01110111010000110001010               
01     011100  0001100   11011010       1000000101111101101100111 10100   00100
01     11101    00000    010110110000111101011010011011100101100010111110111100
01      1101     0001  111010    00111000001010001111100000100110      1111   1
11      111      011   1101010  01011    1100000100001001010110000    001100 01
1        10      010   100111  0000101  101000101100000111101001101   111000  0
1        0       10     01111  000110    0100001100111000011001101    10011   1
                        0111    00000    1000110100101010110001010     1101    
                         111    0101    0001110001000101100001001      111     
                         01      011    0111101001111000101101010       11     
                          1      10     0010100010010011000100001       11     
                                  0     00011001100101101010101100             
                                       10101110011110011101010010              