                                                                               
                                                                               
                                                         0                     
                                            1100011111100011                   
                                     10011 111011111111100101                  
                                   101111011011001011110110000                 
                                  01111000100000011001000011111                
                                  1111010101110000101111111000                 
                                 110100011001101010110011111000                
                                      1100100100010110001101011                
                                    11101 0110101101001100111110               
                                   110010 0000101111011111011100               
                                  1100000000100100011001110111                 
           01000                  00010111  001110110101100                    
       10011111011                1111000    1100010001110                     
  000010010    010111              101000        001000111                     
00011011111      110011            01011     01111111101110110                 
00100  10010     11111010           01     01101011000110010001                
0      101110   011000 1001              10101000111010101000101               
10     111001  1101100   01011011       1011011100010001110111011 100001  01001
10     00001    11100    111111111000101110000010111011110100001001110000110100
01      1101     1001   11101    101110011110010101001111111110101     0111   1
01      110      000   0110001  10011    10001011111101001101011110   011011  0
1       100      011   100010  0111110  010011010001010010101000011   010101  0
1        0       101    00110  111100    1100000010111011011010010     10010   
                        1111    00001    1101010101000101100001110     0101    
                         100    0001    1010011110111100101000111      0000    
                         11      100    0001010101111011100110100       10     
                          0      01     0001011111010100110111101       01     
                                 10     1001001111001111000001111              
                                        0101001011101010010100110              