                                                                               
                                                                               
                                                                               
                                  1011010001                                   
                               011011010001100                                 
                              001101001101001111000                            
                              0001111010110001011001                           
                              11110010100100111100101                          
                             0000000011011110111000111                         
                           00011000100011001000 11110                          
                            1 10001001100011110 11011                          
                               0011001010010101 10101                          
                                 111100011111   101110                         
                                  1 001110  1   10100             00           
      0101001                    101100111101    011           0101010         
    0111  1000111              1001011101100000             01101   1011       
  1011101   00100110101011010011101001101010010101011011 0010100 1100001100    
00001 0110  00010 000001100101000011110001001101100111001110110111111  0111110 
111   01110  1010 1101  0011 0111111010010100111 001111111101  0101  00011  101
1001    0010   001 0001 0001101110010000101000101001111000    11   110011 00010
01000     00     0  110 111 00101111010110001001110 001           1100  1110000
  1001               000 110010110010011101111001                      011  010
    00          110      101011010011001001111110                              
                1001110  010000 100101000011111010                             
                 0100101100110  1000101001111 11101                            
                  001110111     01001000100001 1000                            
                               100100111110110010110                           
                              11110001000001000 1100                           
                              100000010110110000 1001                          
                             0110111110111011100 0110                          
                            10100010110010110001001110                         