                                                                               
                                                                               
                                   11010010011                                 
                                10000000111101111                              
                              11011011100001001100                             
                              101110111000110100110                            
                              0111011001110001110001                           
                              101001010110001111001                            
                            111000110100100000001001                           
                          100010011000001111111000011                          
                           0   01100001010000110111                            
                                  010100001010011                              
              010                 0000111011110                         11     
             01011100                  1010001                       01101010  
           001   0100110            010001000111                  1011111 11111
        001000    11000101         10100001100010               11011110  10111
      001101001  01100 01110       1100101000100110 11101101110100  11010110001
   111010010110 110110    1100111 11110010100000101001010110011001  00010 01101
01110000  00010  00100   11001100011101001111010011101 10010  10100  1101  1111
10001001  0111   0011  101010   11000101010100010100010 01100 11000   000   001
11 10111  111   1111   111101 011101111111110100000110  00011  0001    01    00
0000111  010    010    01110  100000101011010101100001   001    010            
0 1100    0            1100   01000010100001010  00000    00     01            
  110                  100    101  100100111011  01011     1                   
  1                    11     01   1010100111010 01000                         
                              0   10110110000101001011                         
                                0001100110110111011100                         
                              011000000010001000101011                         
                             1010101001100000000010001                         
                           1111111010011000101011010101                        
                          10110 11111111101010000001011                        