                                                                               
                                                                               
                                                                               
                                 111011000000                                  
                               110010000101001                                 
                              100101001011011001010                            
                              1110110110001110011100                           
                              01001010111100011111110                          
                             0111101101101100100000010                         
                           11111011010011110000 10000                          
                            0 01010111101111000 00111                          
                               0010010111001000101110                          
                                 110100010001  100010                          
                                  1 100101  0   11111             10           
       101000                    111110011011   000           00001101         
    0101  0101111              1100110110011010            000010   00001      
  0111011   1110000100011100011001101100001001000100101011010010 01011000001   
10001 11011 00001 101101000011011000110110110011001111001010001 11100   1001111
001   01100  11100 1011 000  1011001011101010000 0110 0100101  1110   10100 010
11110   1101   000 0000 1101001111101101101000001011 001110   10    100101 0011
 00010    011    10 1001 1110011001111101000000001  11            00111  111011
  1110      1   01    01  01110100000000011101101                      00000  0
     11        11110      00111101111101100101111                      1     11
                1010011 0001010  10111000101110110                             
                 011101101100   0110000101111 10000                            
                   001010       11111110110101 0110                            
                               101101101011100111110                           
                              11110110001101101 0111                           
                              000111100111000110 1000                          
                             011101110101011010000100                          
                            00110111110011100011011110                         