                                                                               
                                                                               
                                                   0 1                         
                                            11000001010011111                  
                                     11010 1010011110000100111                 
                                   0011001110011110011111111010                
                                   00010011111000000111111011110               
                                  10010101010000110100000010011                
                                  01110000111100011111000000000                
                                      111011000001010010100010000              
                                    00110001000010110100110000110              
                                   01011100010111011010110001010               
                                   10111011110111111010011010111               
           001011                  1101111   11101010000001 10                 
       11100110100                 1101101   11  111110001                     
  111010011    100010              001000         01010010                     
10110001111      111011             11111    01000000111100100                 
10011  11111     00011011            01    101100000111110101111               
1      001110   110110 1100               00011111010010001000001              
11     110010  1010001   010100          1010110101111010101011101         0011
10     00011    101101   100110011001101000100011001101000000000001010010101011
11      1111     1000   10110   1001011000100001110110011000001011110111001    
00      000      0010  1001000  01111    10110110011110101000000010    01001   
0        11       10   0010110 1011111   00111010101101111110010111    110001  
1        00       11    10111  0100011   01000100101011011111000000    001100  
                        00000   01001    01110101001000010011101001     0001   
                         110    11110    0101111101010010110100101      0001   
                         010     110     1100011010100111101000010       01    
                         10      010    1110000000010110101101001        11    
                                  0     01010011100111100000011101       1     
                                        00101110110000001000000010             