                                                                               
                                                                               
                                                                               
                                100010111110011                                
                              110000010100001011101100                         
                              110011101111101010001001                         
                              01101100111000111000000011                       
                              10011101110100001001010001                       
                            011010101110010010100111                           
                           01010011110100101101110011                          
                               0000000000100011101100                          
                                101001110100000100010                          
         111                   101  1111100   0111000                          
      1011110001                     111000   011000                01         
000011100010110101              0100010011011100101            11111111        
000000001011111 011101  11111  10101011110110111            11011010010110000  
000011      1100100111111111000001000110010111001001001001011111011000100111111
0010          000111  00111   00110100010100000000010111101101110010   00110000
                              0110010010110011110   01011100111            1011
                               111110110110101100                            01
                               111001000011101000                              
                               110111010010110111                              
                               100110101100100010                              
                              0101111100111001001                              
                              0100110111000010011                              
                             01101101000100000100                              
                             10110110100110011001                              
                            110010000010010000011                              
                            011100110100101111010                              
                            1001001100011100000110                             
                           111000100000001011010100                            