                                                                               
                                              0 1 1    0                       
                                           110010101110111                     
                                         010101100010001000                    
                                       1110110111001101101000                  
                                     1110110110010100101100001                 
                                      110101111101111110010111                 
                                      01001110110011101001111                  
                                   00100011001001010110110110                  
                                 110100110100101000011111111100                
                                      110001001001011001111101001              
                                          1000011101001000111                  
               101011                     000101011110101001                   
          0011100111010                    1011000111101110                    
0010011010111100    00010                 0     00101111                       
00101100000 00001     11011                  10100001101100                    
00  001      01111   11001111              01011101001010010                  0
   011011   100011  1011101001           00110001001001101101             01000
   010000    01100  1000010  1011       0100000001001001111101 0010100111010101
    00110     1111    0011   010010010 0011011001110111001111000010000110   001
     0111      111    1010  01011 1101111011000000000111110110010    01000  000
      000       10     110 1111010  011111100010110010101000101111   10111  101
       10        0      01  11011  1101101101111111011100001101000   00011   11
                         1  01110  001001100101000001000110011100     001     1
                             1100  10100000100010010110111010 0100    111     0
                              010   0110000111000010010000110  10      10      
                              10     000011000010101100100000  1               
                                     010001010011010110101101                  
                                      001110001100011101000100                 
                                      011011010010011011010110                 
                                      110101101010100110110010                 