                                                                               
                                                      0                        
                                            11001101011110                     
                                         0000111010110101011                   
                                        110101000111000111111                  
                                      001001001001001111110010                 
                                     00111000000011000010001101                
                                      10111000010000101101101                  
                                    00010010110000000000111001                 
                                  0001110100100011101111010100100              
                                   000 101001000010011011011001000             
                                        1011100011101101000000                 
               1100101                     111100100101001111                  
          011000100110111                   00010110100 0111                   
11111011100011101    00010                 1    0011011                        
111110011010  0110    011001                   001111001000                    
     0100    111011  10010010               0100110010111011                   
    010000  1111010 1100001 011           1111011010010110111               111
0   100111   11000  110101   10000       1000111010110001010000  01000011100100
    10010     111    00000   0000111111000010111101010000100011111111111001  11
    0101     0111     010  100100  1001000111010111001010100010101    1010   01
     101      00     0101  101111  00110 0001111110010100000101010   110010  01
     01        0      10   110001 011111 0101111111111110100010110    00111  00
     01                0    1001  101100 0001111100100000000010001    0110    0
                            1111   1100111101011101001110101110000     101    0
                            011    0000 0101101011010001000001100      00      
                             01    1111 0110110010110101111011 10      10      
                                    01  0010101001001010101001                 
                                    00 11010000101001010100011                 
                                      0000100001010110100010110                
                                      1010011101000101011010100                