                                                                               
                                            1   1                              
                                        10011010001010                         
                                     011010110101111010                        
                                    011000101100101100111                      
                                   0101101000000000101101                      
                                   10101010000100111011000                     
                                  10011010111101010101110                      
                                0010010101111101101010001                      
                              000111010000100101100001000101                   
                                   0101011101111111010001000                   
                1                      000011101000111011                      
             111010                     0111000111011001                       
         110010 01011                    0101100000 0                          
    0001000111    00010                    00111011101                         
000101100  1000    110010               0100000000100110                     10
1001001    11111  000111000            101000001010011110                 11010
   00001   01101 0100000 1100         10011111010000010101   001110 000101000 0
1  00110   11001  111001  0001100    000000001011011000010111011010001010010   
0  11001    0010   0011  101101101101111111101110111001100110    0111  101000  
    101      11     111 001011  1011  100001001011011110000100  100110 011010  
    000      01     100  11111  11110 010011010001000110000011  110101  10000  
     01              01  11001  001111011111000100101001101101   0101   0101   
     1                    0010   0111 00110110101011101001100    1010    01    
                           101   1011 01100101001100100010000     01     01    
                            11    010 1010111011101001101000      00           
                             0    010 110100101000011111100                    
                                   0010101001101111010110000                   
                                     11100111000100001010101                   
                                    111111101010010000111001                   
                                   0010101001101000101110000                   