                                                                               
                                                                               
                                                                               
                                  011010001111                                 
                                010110100010000                                
                               111101101010110001000                           
                               0101010000001110010100                          
                               10100100111010010011100                         
                              011111101110110000111000                         
                            00001000011100111001 0110                          
                             1 00101111101100001 01001                         
                                1011000101010010 111011                        
                                  000001001111   1001100                       
        11                           10010  01     01000                       
      100100000                  1011010000010      001         10001          
    0111  111100111            00001101001100011            1001011 001        
 0011100  01001 1010100011111010001111100010000011110     1000110 0111110      
010111000 00100  0011101000101001011011110101001100010111100  000 1010010011   
11  110   111   1100000100   01001101100010110001   101100101 1   1   111001000
10  00         0111001110   1110111110001000011111   10001100        1100001010
0             100100        1100100010101111101010                       110110
                             0001101000101011011110                            
                             1000101001000110100000                            
                             00101001100101011010                              
                            1101001011000100110000                             
                           10001 001011101111101101                            
                           1001 1110110011101000000                            
                          10110000010100101110100010                           
                          11010010101000010000000011                           
                          001 1010110110110000000101                           
                         0101000001100001101001110001                          