                                                                               
                                                0 0                            
                                           1001001001110                       
                                         000111010101010111                    
                                       000001101010110110110                   
                                      01001001000100001011100                  
                                      10010010001001101111000                  
                                   01011110001100000101110000                  
                                 10100110101110001000110111101001              
                                 000001101000110100000100101011010             
                                 010011001100111101111000000010                
                                  1 00011001000011111011101111                 
               01100                111110110100010010001010                   
           10000011110              001010 101101101001 11                     
   001011101110    01101           10011       10100111                        
01000001010 1000     01110          010         00101011110                    
00 011     11101    01001110                01111100001111101                  
  11110   0000110  100010 000             00101001011000111100                 
 010000    00101  0001000  00111         1011001010001110110100    01101  01000
 101111    1111   110111    10110100  0 010111111110101000010101100110001011101
 10110     100    10110   010100 001010000100001101001110010110100 01  001   11
 1111      01      0001  0001010   0010  1001011100110010110101000    10000  01
 000      010      000   1100010 101101  01100101001010000011011000   11101   0
 00                11     10000  010010  11011101111100010000000011   11010   1
 1                        1010   011101  0000001101111110011110011    1001    0
                          011    00101  0111010011110100110101011      01      
                          10      110   111111100110110001010100       01      
                                  00    011101011101010110100001       0       
                                       001010101110110100111100                
                                       011101001110000001111110                
                                      00100010010011100011100010               