                                                                               
                                  1110000110                                   
                               0000010000011111                                
                              0010110111111000000   10                         
                             01111100101000111110011010                        
                             01010101100001111111111111                        
                             11011000001010010000011011                        
                          00000110001110111110010110100                        
                          00110000111000000111111101010                        
                            01101000001101001011 110100                        
                              10011011110101000010010011                       
                               10101011100110001 1000100                       
                                011 001001000     01101                        
                                    011011        0000                  1      
    011111                       1011011010100     00               0011010    
  110011101101                 1100101000100001                 0011011110110  
01100    111000111       011  0111001111101010001  100      0000110111    11010
100001  10111  010011001000111010010011000101111101110110011110   0101  1000111
0 11000 01101   110   1100 010010110010001101000111  111   0101   0001  10011  
  1010   011   11111 11101  10111001011010010101111 10001  01110  1001  0100  1
1  101   001   1101  11111  0000111000110001111010  10101  11110   01    010  1
1  11    11     111   1111  00100000100000111000010  0000   1001   011   00   0
   01     1    111    010  101010111000101100010011   001   111           1    
                11    01  11001010011101011000110011   11    00                
                        0101000 00100011010110  1000110                        
                     01111000   111011011100001  011110001                     
             10110011000110    0101101000010101     1010111100111              
             00111010111       10111100110110110        100011010              
      10101101111110          1101001110011101100           00001111000        
        0101000              001111011100100010001             01100000        
                             000010001111000001101                             