                                                                               
                                                                               
                                 0011001110110                                 
                              010110101011001010                               
                              00101011000101100111011                          
                             1000011001001000010110100                         
                              0111101111010111101000101                        
                              10111000000101110101111110                       
                           0010110101111111110010000010                        
                           000100000101000010011 01010                         
                              1000101101000011010111100                        
                                1101001000010101 000000                        
                                 001101111111    1100011                       
       0                            001011        10000                        
     11010101                    0000010000010    0010             1100010     
   0000 00000101               0000101100100111                0000010111000   
0100111   1010001101011111100 0001100010100110000 10  0    1101100001   010101 
01111000  1101   111111101010111010001100110111000111100100011   1100  11010101
0   0011  1111   0101  1011 00111111101111100001100 0001  0100   0011  1010  01
10  0000   110  01001  00101 010101100101011101111 10011  00011  0100  0000  01
11   11    00    0100  0011  100111100101110011001 11101  00110   01    011  10
11    0     1    001    111 1100000011000010111101 1110    000    01    10   11
00                10     00 00101001001011110010000 01     010           1    0
0                         0101101101000001010110000011     00                  
                       00100110 10000100100001  10011010                       
                     11001101   110111000110001   00101111011000               
              011011010100      100001010010111       1100010110               
        01000100011100         11111110101101110          011001110            
        1100111110            1101101100110011000            010101011         
            00               001101111010101100100               1             
                             011100011100111111010                             