                                                                               
                                  0     0 1                                    
                                000111111010010                                
                              000100001000010010                               
                              001011100000101101011100                         
                             00101101100000000011001011                        
                              0001101001111111111010000                        
                           1001101001010001101100000001                        
                           111101101001001001111 00101                         
                            010010000110011000000111001                        
                              1011000110110001011001001                        
                               01001101111011000 0110111                       
                                110 111110100    001100                        
                                    001000        11101                        
     1001000                     1011010000110     011             0000001     
   1000000111101               0111000001100101                0110101011010   
101010    0100111101    1101011011000001110001001 0000     1000010010    111110
0100111  1011   01101110110000010110011001011011100110111110000  00001  1100010
1  1101  0111   1011  10111 11010011101110011110111 1000   1000  01101  1010   
0  1000   100  10000  11111 00100000011111001111110 10101  01101  110   0001  1
0   01    11   00101  00111  001101110011110010011  01100  01010   11    110  1
1   00    1      11    001  00010101010110101000000 0011    111    010    00  1
    1           011     00 100111010011101000111000  000    111           1    
                 0       011000101100001110101110100010      11                
                       00011110 01101011101111  1010001                        
                     00111001   110001000100001   010111100111                 
              010001001011      000010101100000      10011111011               
        1   00001000011        01111000011100011         110101010             
       110010011001           0010100111010100000            0010011001        
          101 0              101110010010000000110              0111           
                             000010111000011110001                             