1101001110011000001101000011111101               100000011100011010111100101011
00111110010000010010011010000011                  10001001000000101101010110001
10101011110101111101000110010010                    011010000001011111110100001
1111111011110111000111101001111                     111111000010011111100001011
1010111010000011010110011011111                            11111001000000000010
010001001101111111011111000                                00010010101010111111
1110111000110111100111110010                               10001010101100011100
0101001001100110100101001110110                           001100110111010010011
011101010000011101001100000110                    111     011101110000101110110
110101011111011110000100000010      10            000    1010101101101101011000
1001110  11101000001101110101111    010011        101     1010110010      00001
0100  000    1111010110010011000000   001      100010     010011  0  11011   00
     00000  01  00101101011110100110      00001010111     0100  100  01001   0 
111   011    100            10010010      11111110       111  0111    111    00
11     00    1100  110000  1 10               000 001   0001   100    101    01
011   1011   10    1100   010                    111   1110    111   00001   10
011   1001   110    110     1                          0010    0111  00010  001
0111 100011 1000   00100                               10101  00110 0010011 110
0000 000100001111  11110                              110101  01010000111101010
10001100101111110  100011                            0001100 000111100111010000
01110011111110110100000110                           10001000010011100101101001
01010101010101001000000001                          000000101111001000010111100
0010110010011110001100001    01                      00010110001011011010010110
1010110000100100101110100    01                      11010100011101001010010010
010111011101111001110000     00                 10    1101111101111010011100111
11010111011001011000110     000                 11      01110000000111011111011
1 0110010  10111100        0001                 001        10001100  1110110  1
   10   1   0001         000000                 00110         1110             
0                     010110110                 100011000                     0
101               100011111000                   01010011001                 00
00100110111001101110010001100                     01100100111111101011100000000