                                                                               
                                   11     1                                    
                                101100001010110                                
                              000010111000011110                               
                              111111011011000010001111                         
                             10110101100011010111011001                        
                              0110010100100011110110011                        
                             111110010010110001100110011                       
                           101100000100000000000000110                         
                            01111110101011111111 110111                        
                              1001110101010101010100110                        
                               01101100101111100 0110010                       
                                 11 011110010    1101100                       
       1                            011101        10011                        
     0100110                     1010101001000     100             1110011     
   110  00001001               1101100010011001                1110011001011   
100100    0110100111   100110 0000111000010000101 1111     1111001011    11000 
01100101 01111  00100000011010111001010110111000001100010001100  00101  0000101
0  00100 01100  0111   1011 10011100110110010011111 1001   0100  11010 01100  1
11  101   011  10011  10110 01000001000010110011010 00011 011110  000   1100  0
01  00    11    0111   1111  101001011000011011111  0100   1111   111    01   1
1   00     0     001    111 00110111001110000111110 0001   000     01    00   1
1                11     11  00011100000010010001010 011     111           0    
                         01100000111111011100000110101      00                 
                       10001010 10010110010011  00111111                       
                     00000010   111011001000111   0001100101011                
              010001001001      110100000011011      00100010011               
       00  111100001010        01101011000111001         111110001             
        1110100100            0110000000011111011            000000010         
           01 1              001100010000111101110              1111           
                             100011110010000001010                             