                                                                               
                                                                               
                                                                               
                                1011100111010                                  
                              00101111101011000                                
                              0010100010110100011011                           
                              11000001001001001010111                          
                              111011010000010010010101                         
                            11001010000010000100100100                         
                           0001000011011110000001011                           
                             010111100010110001001100                          
                              1 1110001111111  000001                          
                                 00 011000101  110010                          
                                  0 00100011    01001            11111         
       1010001                   0110100001111   10          0111011 110       
     0001 10101001             0101101111011000           0100100    111111    
   011001    10010100100001001101101010100111001010101101100 1001  011110111001
10101  1101  1111 001001001000111100001111111100011111 0011 10001 11100   01011
1111   0001   100  1001  1011100000001111010011101000 11111 011   0111  11011  
 11011   010   000 00010  1000010101110101111100111  0001   01    01    11101  
  1000    10     1   110   1011001010111101000010    11           1     001   1
   1010                00    00101011011111010000   01                 100    1
1    11                    01010001100001100111111                     0      1
0                       0011001  000111111101110100                           1
10                00  1010011   0101001101110011110                            
           1    0001101110      00110100010110 0011                            
          0101101001011        011100010011101101100                           
            111010            0000011111111000000001                           
                              001000110011100111 0010                          
                             110110010010100010101011                          
                             0010010001000101111010110                         