                                                                               
                                 10 0   0 0 1                                  
                               1101010011001110                                
                              110111101100111001   001                         
                             11011110010001101111100110                        
                             11011001010101001101000101                        
                             01010111001100010000001110                        
                           011001000111101100001110101                         
                          1010011001110000011011 001010                        
                            100101110110101111000111010                        
                              01000011101010111011100000                       
                               00011101111000010 110101                        
                                1100100110000     10000                        
                                    011011        10111                        
    1100000                      0101100110101     10               100001     
  0110111110001                0000110111110010                 0010111101110  
101000   0100001110      000  1011000111100000010  111     0101001010    000001
0111001  0110   00011011001111110111111000011010110011101110011   0111  0011001
1 10111  0010   000    101  00011000010101001001000  0101  1010   1111  0010  0
   010   000   11110  10110 11011010111111010101110 11011  11110  1100  1100  1
0  011   001   01000  11100 0010100101011110001001  10011  00000   11    100  0
0  10    01    1101   1000  00101010000101101000110  0100   1010    00    01   
               000     10  101101100011110110101101   01     01     1     0    
                 1      1 11001000010011000011110101  11     0                 
                        0110110 111101100111101 0101010                        
                     10011011   010001010000100  110111101                     
             0001001000010      001111110000011      10100001001               
             0110110111        11111100001100001        010101101              
       1011001100101          0110010111100010010           11101010101        
         100100              011000010100000001001              10000          
                             111110110110101100001                             