                                                                               
                                                                               
                                  000010101010                                 
                               11011001001100001                               
                              10011000111110111111001                          
                              1101001001101101101000011                        
                              0111110001010000011110100                        
                              11111001000110011100101110                       
                            011011101000110010001010010                        
                           111101100101100101110 10101                         
                              1001011111101101101101000                        
                                0101100000000111 111000                        
                                 111000110000    111101                        
       010                           001000       00110                        
     010100100                   1001111001000    0110             010001      
  00111   11111000             0101000111011010                110010100011    
01111010   01111010000000011101110111100010011110010  0   1011101010    00011  
00   1111  0100   00101010101001111000000010000010011000011001  1101  100010101
00   1110  0101  11001 01111 011011110001011001111  101   101   1000  0101   10
000   000   010  11110 01110 100010010100111100101 00111 10001  111   110   101
011    11    00   0001  0100 10110100100101111101  1010  0100   11    10   1111
111     1          011  000  011010011010011111110 011   100    00    11   0001
 01                 0    10 1001110111110000010111000    01                001 
  0                      101010  00100001001010001001                      00  
                       10100011 100110001000110 01100111                   0   
               0011  0100001    000001111001010    100110100010                
               1110000101       011111110111101       011110010                
        00011101100110         01001011101011001           0001111001          
          1010111             1110000010001001000             0000111          
                             000001101101010000111                             
                             011101000010011110111                             