0001000011110001001111101011111101001011100111111111100101011010011100000110001
00000111001000010001100011011100010       1001000100011100111101100110100101011
011111110001000011100000100010101                110100100101010101011010000101
10000110000011001011010111100000                  01010111110011001010110101110
00101011010110001101111110000100                   0100110101000101001100111100
01011111100110100100000000101010                        01101001001100000000110
1101101110111111000001101010                            00110000010000001110010
0010110010001100111101001000                             0000111110110110010011
0000100100000000110111111101100                    1     0011010001010110011000
0001011100100111010010000110100                   01   010110010000010101010111
01001000010100110011011011000100     0           11     11010101101    00000000
1100001     111011111110100000011   01110       100     0001110    0111   11111
01010  11101    011011000100011101111  100 01 11111      1001  00  0000        
       01011  00  0001111010100110000    000110001           001     11     1  
  0    100    1011     00    111001       1100100 01    01   1100    1001   11 
 01   111    011   000010 01000                  111   0001    1111  00010  001
01  01000   0100    011    010                  100    1001    11011 000001  10
10 110100  10110   1111                           10   00010   100001 001101100
001111110 000001  00010   10                      101  011101  0100111110111011
0000011001011111 1111100 010                      100  1001000 0001000100100000
1110100010000101 1100101 110                      0111 000110011111001111011001
011100111011011111100010000                        1100111111100011000101000100
10000000101001101000001101                          111001011111110101111101011
01100101100001100110100100    01                    001000100111111001000100001
00011010101011100001000110   111               11    10100001111001100100010011
00111100110011110001000      110               000     01101101000 101011000101
1011 1010111  011101        1010               000        001001   111000  1101
0001           01        000100                001011         1            0110
111010                011100001                 111110101                 10100
1001101011111101  111010110010                   101110111101    11010 10001000
01100101101100111111111010001                     10110011101110110001001001011