                                                                               
                                 00 0 01100 0                                  
                               1010101100100110                                
                              1100110100000111000   11                         
                             10000001000011001100000010                        
                             01010011101101000111000001                        
                             10100100001001001000011101                        
                           1101100101100111001110111000                        
                          0101101111100001001111 110100                        
                            001110011011101111100010001                        
                              0001100000101100010011101                        
                               11011000100100011 111110                        
                                0100110010100     10001                        
                                    000010        10011                        
    1110010                      0110000110011     10               1110001    
  0001110100011                1011001001011111                 0010111101010  
11101     11010101       011  1000110100100111101  001      110111110    011011
0010100  0010  010000000001101001001111000010111000011101000111   1101  0011111
0 01001  0000   111    011  11100010111111111010000  011   0011   0111  10100 0
  1111   111   10011  00010 00100010011100100101000 00001  00010  1000  0001   
0  001   010   1011   0000  1111010001100000110111  11111  01100   00    000  1
0  10    01     110   0100  01010011100000010010010  0111   1110    10    11  1
   0           001    000  110001010001111010010100   010    10     1     0    
                00      0 10000010000111000101000111  11     1                 
                        0010001 101101111111110 0011101                        
                     00111000   111001111100011  010001100                     
             1100010011001      000001011101000      110110111110              
             0001011110        00010011111101011        110100101              
       0100111101101          0111011011010011100           10101110111        
         010101              011101101001010011001              010111         
                             101010011000011010011                             