                                    00 1                                       
                                 11000101100110                                
                               0110111011110000101                             
                               0000101011001110110                             
                              1101101001111101010110111                        
                              11100101000101000001011110                       
                            111100010110010101111010001010                     
                           1010100111111000110001101100010                     
                            101111011011100011111011011011                     
                             101010010100011000101110011            10         
        111                  111111000100001111000101101         000001101     
    00100000111                 10000011101101000 0101111     111001   00000010
10000010   0100000               01 11001011111   0010110  100110101   01100011
00 10111  1001 1100000              000010        011010000111  10010  01011 10
10 10010 11100   101010011111   10111001010001  100011110 0100   1101   0111 01
0  000   1000   0110    10101001010000000001001001 01110  01010   110    101  0
   001   110   01110   1000  100110110100110001101 11001  101010   111    11   
  01     001    1100  0110100010001001001101010100010110   01110    00     1   
         10    1100   11001011011001111010101010000 0110    111                
               111    1110 010101101010101100001010  111     11                
               10     010  001100011101001100011000  010                       
                       00 00001011000111011101001001  10                       
                          00100001100011111001001011                           
                         1111111010101011001110010000                          
                         10111 1011000111001010110101              0           
    0      010        00100001 0111011010001101  11001001       1011     11    
    111000100000   1101011100  10010011000110110 11110000010   101111000110    
    01100111000010001111110    10101100101101101   111101010110001011011011    
     011010001101000011       0000110000001001111      1110000000111101001     
        0   0010010          111000111000111110100         1111001010000       
                            01111101011110011000011                            