                                                                               
                                                                               
                                 1100101110100                                 
                               01010111010010100                               
                              11000111111100110010011                          
                             10101000010010110010111110                        
                              0010110011011011000111011                        
                              11100101110001011101110011                       
                           1010101010011110110011110001                        
                           011110101101101111001 11111                         
                               100101110110111111000000                        
                                0011101010010011 001000                        
                                 110001010111    1001000                       
       10                           100100        10001                        
     10001011                    0100100110000    0110             000001      
   0101  11110100              0001110100001010                100110010100    
1011011   1001111011001011100 0000111010010110001 10  1    110010010    011100 
11001000  0001   001100010010000000001101101111010010011000110   0011  10000011
1   1101  0000   0110  1000  100110100100100100001  1010  1111   1010  0101  00
11   100   001  01010  00111 100101110110111000001 11001  11000  111   1011  11
11   010    00   1101  01000 101100011010010110011 1110   1010   110   101   11
10    11     0    110   101 0101000111111000011001 0100   010     0     10   10
11                00     11 0101000110100110000101 111     10           0    11
10                        110011110001011101001101010      1                  0
                       11110001 11100111111011  01101001                      1
                     1011000    111000101110011   01000101101011               
              00101011101       001001101010111       0110010001               
        11000110111101         11100001101001100          000100111            
        0110001110            0011110110000110010            110110111         
                             001101111000101000100                             
                             010001010110111000000                             