101001011100000000100100001010001101       110000101011101110110111010000011010
0101100101000000110101101100001010             00110110101101001101001001100000
11000001011001100111001110001111                  01100001100111110110000100010
10010000110010111101111111000101                   0000101010101110001010001100
00001101001000111000101001111001                    01   1111111001001000011110
010001001010010101011111110000                            011011001111011110000
001010101100101110111100101                               101000000100100101111
01101000010000010000101010101                            0001010100111001111010
0011101001001101110110000101111                          0111100011010010111001
110111000001111100010011100100                   011    00011100001100100101100
11011001000001110110110010011000    10 0         101    001111010101   01001000
0100011     001110111010011010000   11001      11001     1100111    1101   1000
001    0101  0  011101100001010011100      01 111110     1101   10  0010       
  0    0110  100   110011000011101110    001111110           0010    010    011
 00    10     000  01110     0010           00100  1   1111  1101    1100    00
000   1110   110   110110 110                    000   1101    000   00010   00
011  01100   000    100    11                    00    1100    1010  010101  11
011  11100  0000   00011                               11101  111110 1110101 01
110 010111 100110  01011  11                          100111  01101101100011001
00111100000100100 0110100                          0  1000111 01011001000010011
01110110000011111 0011010 0                        0111110010100100100111100111
01010111010101101100101001                          011001111010001000011000101
11011011011000111001001110                          100000000010000011110010101
0110100111111110000111011    11                      01000101101101000101010100
1000101110111001101000000    11                11    10011001100111111011001111
00101101011001001101101     001                000      110010011001 1110110000
101 101010  01010011       0000                 100        1000101  0000001 101
10            101        000011                 00001         101           100
0000                  010001001                 000001001                   000
1000001 010       011110010010                   111011101010        1   010111
01111100100001010000001110111                     00111010100010010001000101011