                                                                               
                                                                               
                                                                               
                                1011110111011                                  
                              00101101000101111                                
                              0001100010010010001001                           
                              11101000011111000011001                          
                              101000100101001111100001                         
                             0111101101111001101111110                         
                           0000000001011100111011111                           
                             00100111010111111 010110                          
                              1 0110001101101  111010                          
                                 10 111001101  100110                          
                                    101111      01000            01011         
       1100111                   1101101100101   00          10111111011       
     1010 00010001             0001111111110111           1000111    010111    
  1100011    10101101001000101110001011111000011111100111101 1001  011010101110
00110  0000  0110 101100101100000110000011111010111111 1100 0000  0011    00111
1100   01001  1010 0010  0000100100011110010001001101 001111000  0000   1110   
 00010   000   110 01111 01001101100001111101000100  1111  01    00    01001  1
  1111    101    10  001   1110110011101110010101   000          1     010   11
   1000     0          01    10001011101101111001   11                100    11
0    01                    00101111101011100000111                    1     111
10                      1000011  10110101101010000                          1  
11               011000001111   0000101101111101011                            
           100110100111000      11111001101110 0110                            
            1011010000         010111011110100011011                           
                              0001000100110100111111                           
                              110111110000100101 0110                          
                             100001001001000110010011                          
                             1110101000110010010000101                         