0110010000011101110011101000001101100111011100011000111111000001010001010110001
1001011101001010000101101011000110101100100000101011010101000001100001000001001
00101101001110100000110111001101110110010       1010010110100010000101100111011
1000111000110110011010001100                    1000011100110011101111100101011
00101111001010110000010101100                   1101001001100011000100000001010
011011000010110001001101110110               1011001101011011101010100111011101
01111011011111010011011011111011              010000100000111101010100001110000
11101110110000000110001101101011              101110010001110101111010000001000
100100000101111101000001110011010            1101100110011010010100100011001100
001100101111001111010010000101011            0111010000111001111110111011010101
10000101001111101111110101100011            01111111110100101110010011000110001
00011110001000111110011001100000  01        01000111111010001001010100111101010
1100101011010010010110001000111               001100100111101001111110000001011
100110110100011000101100100000                 00100001110111110010011110011011
10010100011010101010101101010                  10001001000110111001000011110101
0101010110111110000011010011                      10000100011010111101001110000
1110111111010101100101011100                     001001000011110100111000011101
101110011000001000101111010  1    11             000100010001000100011001101010
001100111111010001110010101 00    01              00100101001011100111001011000
010110100010011010010111001 00    11               0011000100000010111000000100
000110000101000010011010111       10                011011011101110001010001110
010000011011100100000001100      011                100000011101100000011101100
111101101101010101111100110      101                 00111101010111000110010000
010000111111100001110000101      10                   1100000100010100101100010
111000101111111110011010110     10                   10101011000100101110011010
11110100010011000011001001      11                   01110100000110110010000011
110100111100010111010001110    10                   000011000011000100110000000
00110001011000111101010100    01                   1011011110111010110001110100
00001110000100000011111010   01                     000101111110011010000010101
01010100001000010101101111  001                     011110010011011000001110111
100001010110101001000000100011                       11010111010110101011010001