00101100111111010100100111100                                  1110001010101000
1001100011100011010101000                                       110110110111000
1011110110110011111111011                                      1101111100101101
00111110101111010111001000                                     1101100001101011
01110010010000010011001110100                                 11101001101101011
01100101001111110110001110010                         00     000001001101011010
11011000110110101001011011001                       0010     111011111110110011
011011000110010000011111111000      1111            100      000000111011101010
00   10111100100011010100000111      010           1100       01110110100      
 1100    00111111000111010111000001             0001010       0101111    000111
010101   1  0001001110100001011010101    00111110000111      00010  100  000011
  011    0001   10110011010011100000      00101111000 0           1100    111  
   01     101   10         00000              11110  10     111   001     00   
   001    11    110010  110 1                    0  011    101     00    000   
    000   01     0100    11                        011    110      11   1000   
00  100   01    11110                                     1101    101  00100 10
100 1011  110    0100                                    010010  1010 11001 100
01100001100010   00001                                   01110  111100111010011
111110010000100  111100                                 010010  010100010111110
00110001000000110000110                                100101111100000000010001
100110010101111100010001                               101010000000010010100110
01101100001011010001010                                110111010001000100110001
00000001111000101111100      0                         001001010111111110000010
0100010010111100011000     10                           01010010100001011111111
0111010010010111001011     01                           00000100010111000110001
100011100110000110110     011                    101     0000000000101010011001
10 001011010001011       1010                    111         0111011001001  100
011  000000001           1000                     000           001101110   111
 1     1000           0000010                     010101            0000       
                   0010101101                     101011110                    
               0000011000011                       0010101101011               