                                         11001011 111010                       
                                          0111111011001011                     
                                             0111111010111                     
                                              010010000000         11          
                                               0100111011          0           
                 011                             11000                         
                  01111               110                                      
                    111101    00111001010             01    00                 
                       10110 1011000100101            01               00      
1                        1100110010011101                                      
111                         001101001001                                     01
1110     1011                   001000    11                                 11
01000   11101                 11001001001                                      
        11000                10110111100011                                    
         1010                0000010110 00011                                  
        0000011             00000011111    00101                               
       00000111             01001001011  1001000                               
         10110      1100        000000101011                                   
         00010      110011101101011110101                                      
        110100               001100001110010110011100                          
        0011011               100001101010     11000                   11      
  0001001110001         00100001000100000110                           0       
00010000010          0001100100011110101110111                                 
                    110110  1011000100110110000                                
                           01101011111010111100                                
                          01101100010001001001                                 
                            01010101001100                                     
                              000      1010                                   0
                             1101      1100                                    
                             1011       110                                    
                             111        1010                                   