10011000010101001010101111110 11 10                 01   0011111001            
00101011101101010110001000000101 00        1 11  01 0010111111011010         0 
000111011101011100000111111111111            001001 1111110001010000         0 
001010111101111110110100011111010           0100110111110110000101101         0
 00100011011000   010100100                       0110010001       00          
                   00000                              11010         1     1 000
00111111001   01    1                                   00    100   010  00 110
 11101011     0100                                           0000     1  01000 
  101110       010                                            1        0 1010  
   1111                                                                 01100  
  11100                                                                 01000  
  101010                                                               0010101 
 0100100                                                               00110100
10010110                                                              001010101
000010010                                                             110110101
001001110                           1 000011110111000011100001001111  110110100
1000011001010010111111001111010111010101000101100111111110100110011000111111100
1001000101011101100011101011101010001110111111011011010100100000011000101101011
1110001011100001101101000111100101100000011011100101001101100011101101000100111
0111111001001001011101110001000000001100000 1   1   0               00000100111
0001010111                                                          01111011010
000000110                                                           01111110000
001110101                                                            1011011100
01010011                                                             0010100100
01100010           1                                                  100100011
1100000           10                                                  101010010
1011011          011                                       1          000000001
110100           110                                       10          01011010
00              0100                                      011               111
               00110                                      1100                 
              000111                                       00001               