1001111110000101011010011101001000111101000001111100001101010010111001011100110
0001111111101101010111100101000010101111010111      010111100001110000100110010
0111110010011011111010000010100001     01           101111010101101010110010101
0011011001100100111010100011101                     010111111110110010000110110
010011101101010000011110001010001                01 101111100101010011100110111
1110110110111011100110101000001111               100010111010100000100100000111
000011111001001001101110000010110010               1010000110110011101011001010
101001000001111100000000101011011101             000101011011011010111000000101
0011001011100011011110100100110010010            101000000111111010100110001101
001000001001110000111101010101100101             101101100111111100001001101101
011000110001101011111011000110110111            0010110010111111110101110111111
00101000111001000111010010011000110001           000110111101111101000100000011
111110110101101001010111101010000100               0000110011111001010111110010
001000000111000001100101101001000110               0111000110010010111010001000
110010001000000001000110100111110                  1111011010110110010111101100
111011111100000111001000010101100                    10111011110011110010100010
0000001011000001000001011011110111                   11011101011010001011101100
00100110000011100111111000000001                     00010001001100010111110000
0010111100000101010000000001100                 11    1010010001110010000111011
000110001001001100111111011000                  01    0111010011001011011100101
11000111100111000000001010110                   11     000100111010110111000110
0010111100010001100100110101                    01      01000011101000100001010
0000010111001110100000001110                             0110111100100011010100
1010100000001010110100000010                             0011111000111110000010
111000100100110100000010001110                           1010010010110001101001
101101000001110001110010001100                           0011010000111011111110
101100100001010100111010010111                           0010101010001000010101
0001100011101001011001100101101  0                       0101101001001010111010
0100001111111111110100000011111100                        001000000001111011111
001110100010011000111011111000101                     01  101110111111011000000
11110100000110110010000001110011                      0100011100001101010011010