                                     110101011100101                    0      
                                     1001011100000011                   1      
                                      110001100  000100                        
                                        01110     1001000                      
                                                    1100101                    
                                                      0011110                  
                                                         110101111             
                                                             1010111           
                                              01                  0000         
                                               10                   010        
                                                                     0         
           1                                   110                             
         10001                 101110110111110010101                           
         00011     01001101010110101001111000100001100111                      
         0000      01011010000001110010  100111011100 01                       
        100110                            01110110010                          
        1100000                             101010010                          
        1011000                             0100110                            
        101100                              0110000                         1  
        100010                              1011001                            
        1001100                 110        01011111   00100                    
        0110011                 10110110   010101101000011                     
011010101100000                    110100101010111111                          
100011                                  0101001101                             
                                 1  110110101010111000111111                   
                             00011111010110111101100  0011101                  
                              1100  001110000011010111                         
                                   111000011100100111101                       
                                 1000011100001111000001100                     
                                00100001010000001011010011                     
                              01110 10010100010011010011                       