                                                                               
                                                                               
                                                                          01   
                                                                               
                                                                         11    
                                                                               
                                                                               
                                                                               
                                                                               
                                                                               
                                                                               
                                                                               
                                                                               
                                                                               
                                                                               
      1100001011111000100111111100010011110000100110011011010101110100011000110
1100101100101011101011110011100101111010001110001000111010000100011001101100011
1111011111000110100010010111101010010111011110100110010000000010111101001000000
0100100011011001110111                                                         
                                                                               
                                                                               
                                                                               
                                                                               
                                                                               
                                                                               
                                                                               
                                                                               
                                                                               
                                                                               
   0                                                                           
  11                                                                           