100101011011010100100111                                          1000110100010
101000001111111111001101                                         10000111001111
00010010001010111111011101                                      110010001000000
0110010010110100101101110001                           11      0110111001000100
0011000101000010110101110000                          110      0011110111010001
1001101111111001011110010111                         0111      0111111110001100
110111010010111011110011010000     01101             0101      1100110001101111
  10011000011010100111010101011      111            1101       1101100111010   
01    1110101101000111001111000101  1             1 100         00011111    000
1100  1   100010001000101111010111110        10 000010001      10110   1    100
011   01001  01010000010001001011111      101001000001000      10   1111    110
 01     100   101101      0000011          100101000      0   10   0111      1 
 00      01   1010111  00  11                    11  010 0   1110   100     11 
 010    01     10001   101                          110     100      01    011 
 0000   00      101      1                          01      011      10   1001 
  1011  100     1010                                       1001     000  00100 
  1000  1011   00110                                       1101    0100 1101011
1111000111110  110101                                     010111001010001001111
1010111001111  011100                                 0010100000101000110010101
10110110001111 0100001                             0101110110111010101001111100
1101011010101100101001                           110111110110100001100100101101
0001111101011000001111                           00110  01000100100001111100101
101100101111010010101      11                            1111100010010010011101
110111100011010100110      1                             1001111110101001000110
001000101011001110000     11                      10     0100111100010010101000
00101010000111110110      100                     01      001000011111000000000
11101100101000011        0100                     001        11110111100001000 
  010010110000          1001                      0001           01101010101   
    101111            101010                       01110            1110000    
     00            010001010                      000111111             1      
               0111100111100                       1001000100000               