                                    10110111110101                             
                                     011110011100001                   1       
                                      1001101111011110                 1       
                                                  111011                       
                                                    111110                     
                                                      0011111                  
                                                         010111101             
                                                              1111011          
                                                                  001     01   
                                              0                           11   
                                                                               
          10                                   10                              
         10110                 0000101110111101010 11 1                        
         10000      1001001010010110011000111100101101001                      
         0110      000001010001101101    111010001010  00                      
        1011101                            1100101101  01                      
        1001011                             011110101                          
         1001                              01010011                            
         00000                              0011011                        0   
        0010100                             0000000                        0   
        0001000                 01         00100011   11101                    
       0101110                  10100011   011111000110110                     
00100100111111                      11010010110101001                          
011                                     1010011100                             
                                 1  111100000001011001111111                   
                              01001001001100100011011 0100011                  
                              0000  111001010111011111                         
                                   010110111010011110100                       
                                 1000010001001111010110110                     
                                10100001101101110110111011                     
                              01101 10001011001011111110                       