                                    100011001010111  10                        
                                    01001101011000000                   0      
                                    01100101100 1000010                        
                                      01100110    0011100                      
                                        011         010011                     
                                                      1011100                  
                                                         011011011             
                                                             0100010           
                                             00                   001         1
                                              1                     000       0
                                                                     0         
           0                                   11                              
         00001                  011001100111000101 01                          
         00011      1110001010010111011101110010100111100                      
         0010      0111011011011100010   010101111000 010                      
        111000                            11101110010                          
        1011111                             111010100                          
        1000110                            11000000                            
        111000                              1000010                         11 
         001000                            01010110                            
        0001100                 010        11001001  000100                    
        01001110                00110101   010110000110011                     
110010011111000                     1110001001011010                           
01110                                   1010001110                             
                                11 1101011100111100111101111                   
                             00111000010111000111110  1010110                  
                              1010  000111111111100110                         
                                   011001100011010111001                       
                                 1011001000011000000110000                     
                                10001011010100101001010111                     
                              01111 01010010001011100110                       