                                        111110010                              
                                         10001100110                           
                                               1011101                01       
                                                  011110                       
                                                     01110                     
                                                       010010                  
                                                         001001101             
                                                              0100             
                                           0                        001        
                                          01                         0         
                  100010110010               0                                 
          110     0011110000100000110101        11                             
         0000      11000101100010101101000010100001                            
         1010                           10100001010100                         
         1111                            1001101110010111                      
        0000110                            001011001  001                      
       10110000                            1111101111                          
         1000                              100011110                           
        101101                              0011101                            
        011110                              0110110                       1    
        1000100                11          00001010    1111                    
    011001101 1                1100001     1100100111010111                    
1100101101001                      11001000001101110101                        
01                                      00001010110                            
                                      010100100010101101                       
                              0 111100110111010111001011000001                 
                             000111 011111101110011001    000                  
                                   111010011110100111110                       
                                 001000111101010110110010                      
                                11101010001000000100010010                     
                              01110 111010110010110101001                      