                                                                               
                                                                               
                                                                               
                                                                               
                                                                   1           
                                                                   10          
                                                                               
                                                                               
                                                                               
                                                                               
                                                                               
                                                                             01
                                                                          01011
                                                       01110001         1010001
   1111011011001011011001011100010011010001110011010110101100110101000101011010
0100001010110010101100100110010011111010001010010000111001110110100100010001010
0011010010111                                          10  1010110000  11010101
                                                             101100000011000101
                                                                   110100000101
                                                                       10100100
                                                                           0101
                                                                          11101
                                                                          11100
                                                                           0010
                                                                             00
                                                                               
                                                                               
                                                                               
                                                                               
                                                                               
                                                                               