                                                                               
                                                                               
                                                                               
                                                                               
                                                                  0            
                                                                  0            
                                                                   0           
                                                                               
                                                                               
                                                                               
                                                                              0
                                                                          10011
                                                                       10100001
                                                     00001101        1100011011
   1101100111100000110111011001100100111100111001111101000100111100001001110100
0100010011101101000010010001011110101011100001110001110011010110100011111011011
01000001                                             00  1011100000 00111111001
                                                            0000101101111100011
                                                                 10101100011001
                                                                      011110000
                                                                        1111001
                                                                       00101110
                                                                       11010100
                                                                         001000
                                                                             00
                                                                              0
                                                                             10
                                                                             00
                                                                             01
                                                                              0
                                                 00001                        0