                                                                              1
                                                                            011
                                                              1           00001
                                                              00          10000
                                                               11         11000
                                                               001         1111
                                                                111010 01010111
                                                          0      01000110101100
                                                         10         11001001101
                                                                               
                                                                               
                                                      1001101                  
                                                   00100001001                 
         000001011001010001111100101100000100010100110000010110                
       1001011111110010000100001000001011010101011111100100011                 
       10011                                 1110110101101011100               
                                                    10111110110                
                                                     11011101001               
                                                    111000001101               
                                                    01010110000                
                                                     1010101111                
                                                     1101010110                
                                                     1110011101                
                                     1110            10101101011               
                                      100100          0001010011       1010000 
                                         101011001  101011000001 0011011011100 
                                              0100011100001000111010111110     
                                                 010011001001010100            
                                      10        0100111011100110               
                                      110101000000010011110110101011           
                                 0000100000101011000100001100010011100100      