                                    11101101001001  00                         
                                    1000000010101111                   10      
                                    001001000000011000                         
                                      011101      001010                       
                                                    001100                     
                                                      0000101                  
                                                         011011110             
                                                              100010           
                                                                  1110     010 
                                              10                            1  
                                                                               
           0                                   00                              
         10110                   11010000111000000 0010                        
         10010      0100111010010100101110101011011100000                      
         0110      000010101001010101001 110101000010  10                      
        101010                             0101110111  11                      
        1101101                             011000111                          
        000111                             00100100                            
        100011                              0010101                        1   
         011101                            01111100                            
        0111011                 01         01011111  001100                    
        111000 0                10000100   110100101111001                     
00001010110000                      0111101100100000                           
001                                     0001100011                             
                                 0  100100111000011111111100                   
                              1100000011111010110111  0001100                  
                              0001  001111010101011010                         
                                   011001111000101101001                       
                                 1011001100100011100011101                     
                                00011111010001101001111011                     
                              11110 11111101110110010001                       