                                                                               
                                                                               
                                                                               
                                                                               
                                                                    0          
                                                                               
                                                                    1          
                                                                               
                                                                               
                                                                               
                                                                               
                                                                               
                                                                             11
                                                         10 00111          0011
    001111011101010101001000001011000010001001010010100111111101110110011110101
1101111110101000101101000010111110011111011000100101111100001000101110110001100
11110110101011101001                                     0001011010101    00101
                                                         10   11000111100101101
                                                                   010110110001
                                                                        0001100
                                                                             00
                                                                              1
                                                                             11
                                                                             01
                                                                              1
                                                                               
                                                                               
                                                                               
                                                                               
                                                                               
                                                                               