                                                                               
                                                                         100010
                                                                      101001001
                                                                     0111011000
                                                            10      10011100111
                                                            001     01111110111
                                                             111     1001110011
                                                              11010011111010000
                                                        10      110010101111110
                                                                               
                                                                               
                                                    1010001                    
                                                  001110000                    
          111010100011110101100101001001010100111100001010010                  
         110110011010011110011000011101000010000011001011000                   
         01                                  1000101100010111                  
                                                  00110110101                  
0                                                 101110011101                 
0                                                 010000111110                 
                                                   110110100                   
                                                   011110001                   
                                                   1001010100                  
                                    00             0110110110                  
                                    111110         0111001110       01001      
                                       001101010   0011110001  01001110010     
                                            11010000000100011010100010         
                                               11110110001010010               
                                     01       000000001101000                  
                                     11101111101101111101100110011             
                                001010101010111100001001010011111010000        
                                 11100    0011100101100011001011  10010010011  