                                         00100 1                               
                                          011011101                            
         1                                 0000010011               00         
      01111100                             110010101111             1          
     01100110100                           100100101 1100                      
    00101001011101                          0111011    1100                    
     111000111101001111                                  100                   
         1100101101 010101         10101111              00  00            00  
                       101000   001011110100             000 1             10  
                          11111 110000111111                                   
                             01011011110100                                    
         001                    100010110                                      
        10101                     000100110                                    
        01100                    001001101101                                  
        01000                    1110001110011                                 
        0001011                  11000111    0101                              
       11010010                 010000011  010101                              
         0010                     00101101000                                  
         11011        0101010101 110101100                                     
        000100             100110101100011100000101110                  1      
        001011                  101101111000  0000001                   1      
  0110000101110             10100111101001110                                  
10100010111             001010010111011110100010                               
                      10101   11111101000010110101                             
                       1     1100011011011100100010                            
                              1100110101000010101                              
                               100101011100000                                 
                               0011       0010                                 
                              0101        0100                                 
                              100          001                                 
                              011          0100                                