01011000110100101111011                                           1111100100001
110100111110010101000111                                         11011001010011
1001111010110000101001110101                                    001101011110100
1001111101110111111001011010                           11      1010001010100010
110110000110110011110100001                           100       011111110001011
1110101101100011000100011000        0                1101      1010001000100010
111101101110001111001111100000      001010           0100       110111110100011
  01111110110101010100100101111        010          01111       001110001000   
01     001110001010011100000111111101      1     11110101       0101110     100
111   11  010001010110111001110000001     11001 000010111       1110   000  001
01    00000   0000000000111001111001      000001101101 00           00000    00
01     1100   10  100     11111                10101          1110  000      00
11      01    1011001 001                        00  111      010    11     111
 10     0      1101    010                          101     0000      00    011
 100   010     0111      1                           1      0011     111   0100
 1100  100    11000                                         0101    0000  11101
 01101 0111    00110                                       01100101110100010111
010110110110   11111                        00100111000001100010001110010111010
1010100110011 1010010                100110000011101000001011000101111101100010
1111011111011 0011111             110100011101101101000100111101110110001100000
1001100101001000110110          0100110001011001011011  11011000010101010010111
1000010110001001010010          11010                   10101000011010000111100
101100001000101000111                                    0001011110111010000111
00001001000010011100      01                              011000111100100100100
11111010011000111111      00                              011100100000110101011
11100001101001001010     001                      101     111100010111101111110
0111101000000111         110                      111         10011011001111101
 101110100111           0100                       001           001010111100  
  00101011            111011                       01110            10000100   
    010            111011111                       00100000             01     
                011001101001                       001000000011                