1110001101100101100101100100111111010110001000111100001001010101011010101100100
1111100001011101110101111010001011100001111000110  0000011000010101101110000110
0001011111111001001011000000010011000111001        1010010101110111110101000011
1010001111101000101101110011010                    1001011101011110100110100011
01111011111000110011110100101111                1  0100011010010010100011010110
000000110001101011101010100000001               0010101101100101011111110100111
00001111100100011100101010011101000               11111001001010011110000000110
00010110110010101111100101001111100             0000011100001010010101001001010
011111111011010010100000011010011101            0101101101110010011010001000011
10101101111000001101011111101111100             1001100101111000011010011000101
01111110010111010010010010110010101              101110111101000111110000010111
100000001001100110110000110101111111           00001111110001111111010111100010
001110010111100000001011000101011100              00100001100001110000011001101
11100100000110011111011111001101000               00011111110000101000111001101
0000000010011101101101111010111111                 0000101110111100101100011010
000101001010000000001101100101110                   000001100001111111001101011
01100110100101000110000110101010                    100100111010111111011010001
01001001111100000011110101000111               10    00000110111111010101001110
1101101010110101111100101100100                11    10010011110010011010001000
000110101110110100000110100011                 00     0000000110011101110010000
01001110110111110000011111110                   11     101000101111111011101100
1010010100111001001001001101                    11      11000110000010100110001
1100001100011101111100110011                             0011101101011111101100
0010000011000000101110011001                             1110011011001100010100
101000110111110001100001101101                           0000001010101100011011
000011100110001101001001110110                           0000011100111000100011
111110001010110000100101011100                           1110100001110100101000
1010011110000100000010011100101                          1010110111110110011110
101011000010001010111101110000011                        0001110110000010101111
01001101111001010010101101101101                         1100110001000001101111
0100111010101100000111000001110                       1010111001001000101000101