                                          01111 0    0011100110                
                                           110110001111010111101               
                                             110000100010000101                
              110                              111110100100110    0            
              11100                                100100010                   
                101001                                                         
                   01011      0000 00010                                       
                     111110 001101001010            00     01                  
                        1010100110010100            01     0         1         
                           10000001111                                         
                              01101101 0                                   1   
         0101                000111100    1                               101  
         11001              001000110111                                       
         0101               010101010101100                                    
         1010              111011011     001 1                                 
        1011001          010  0010110     10111                                
       01011000          100  1111011  111001                                  
         10000    0101001000  11000011110                                      
         01000      1010101100000101110                                        
        1110001            0 1010101110010000011000                            
        0000010       0  11101001000001101       0                    10       
  0110001001011    1 0000110011110111101110                                    
01010110110        10010     1010000110000110                                  
                            10011011110001111                                  
                          0011100001101011010                                  
                          10010100010111010                                    
                             000111101011                                    1 
                             0010     001                                   000
                             000      011                                      
                             001       111                                     
                             011       111                                     