                                            10111101001001                     
                 10     00                  0000100100010101                   
                           0                 01110000   00100010000            
                          00                    001        01101101            
                           11           10                101        1         
                           10          0011              11          10        
                                0001111100     01      101             1       
                               00110101101         111110              01   1  
                              0101100001     101111000001                   1  
                    0         010110111011110111   111                         
                   11           0001101100011    11011000                    0 
          011                 00100011010       10000110010                  1 
         10110               00010110110       1010001000001110                
         1010               011111101101     111011010100100010111             
         1111        1100   101  0110100    111101101011011100011001 1         
        1100000        10100001  1101000   0001110010111001110011111011        
        1001110            100001110101   000100001010111100110110000100 10    
        00110                10110101100 0011110101000110100111110101100010100 
         11110            0000001000010110001001000111010001101110101011100111 
        1000001       1111011100101101111011110101100101111011110010111111111  
        0100010 1 01000000   0000101001000010010100011000101100111101101111    
    101100100100111101      110101110100100011110011011000011110001111010      
01100100100001011          00110001001010101000100011100110110001101100        
011                        10111100101001001111111010100010010011111           
                           001111110011010101  000000110101010                 
                             0111111010110                                     
                             0110      010                                     
                             0101      1011                                    
                             100        000                                    
                             111        101                                    
                             010         011                                   