                                           001000001111010                     
                 10     01                 11001111100101100      1            
                           0               1100010000  1111001000101           
                          01                 0001111   11 10000011             
                            00          00            10                       
                            01        10100           01              1        
                                11111111001     11   10                 0      
                              011101011100         1001           1     0   10 
                              0101000000     10101010000          1  0 0   0 0 
                   10         1010001010101100110  00111110110111101110011100 0
                   10           0111010000111       010010011011011100010111001
          000                 01110011000          0000001101110000100100110011
         10101               0110111110            0111100001101001111001010110
         0010               011111010111          10010010100101100001111001110
         1110        1001   000  1001001          01101000010011110111000101010
        1101001       110000010 11101010          00111000000011101101011010010
        1000000            0010111111111         001000111000001000100111111000
        10010                10100101010         010010100100000110001011101011
         00111            111111110100011        10101110000100110011111101011 
        0101101       110111000011001111101110   1101011010001111011001101010  
        0000110  110101111   1111010110101100010110100010010100101100000001    
    11000101110010110       1011111100101100    10100101010010111101001001     
110101111011 101            010111000010110001  00000100010011001101000        
001                        0011001110011111100  1101111000011010011            
                            10100101000011010    0110110101000                 
                             0011011010111                                     
                             1010      001                                     
                             1111      1101                                    
                             000        101                                    
                             000        001                                    
                             111         011                                   