                      00                      101                              
 1       100          00                      111                              
                                     10101   10101            10               
            0                     0101100111100111    0                        
           10                    001010011010010                               
                11              1110100000100010                               
               011              1110010000111101                               
                          0    110010111110001                                 
                         00    100110111110001                                 
                                   10010010                    011             
                                  01100011001                   1              
                                11010000011101             10             10   
       1110                   110001111100001000           10          0111010 
       10000                 10011010000001001010                   000001 001 
      11101                  00011010100100000111110             000010    01  
      000111                 1110010100101100100000110011000  111110      11   
     1011100                0011100011000111  0111101000001000101         1    
    0001010100100           0101111011101000          00010001                 
     1110100110011001        1011101101011001     00011001000                  
      110000     011101110    1001101001000   1001001111000                    
       00100         010001010 0010111111011111011101                          
      010111              1110111011111111010101                               
     11000110               0 0101010010011011                                 
     01010110                 11011010101001000                                
110000000110                 01110010011010101000010                           
1110110                  101101100011010000011110111001100                     
                     0011011010011100100000001011    1010011101010             
        01      1101000100  0011111111100001111101        110101000            
        00010110011101     011011111011101111010101                            
       0000000101         00111001100010111010111000   01                      
    00111111              111010000001011000111010011                          