0                 01                       011111001101100         0 1100      
                  00     01                01101010001000110      1100101110   
                                           0110000110   000111110  01001100110 
                                            01111010      000001110 01101001101
                            000         01    01111          0   11011010011100
                             01       0011        00           00 1110111100100
                               011111000001      1010    1101110111100111101110
                              011010100101         001   0110110101001010011010
                              0101010010      0100000011 1001110100000101100000
                    00        01101010101100111000   10101110001001010011111011
                    00          0111000100110        00111010010100100111010101
          001                 101100111110            0110000011010100101000010
         10100               1001101000                110001010110111101111111
         1000               101111011101                00111100010010100011110
         1011        110    000 10110110                 0011000000000100011011
        1100100       111111001 00101100                  001101100100001101010
        0100011          01000011101110101                 11011100001110001000
        01001                01001011111                    1010011011100100010
         10110            011000000101001                    100101010101111000
        0000101   0  10000011111001010100111100               000010000000111  
        01111011 100110001    00000001011011111000             101101101000    
    0100000000011111         111011010101100    0               001111110      
11101001111                 010101111111100100                   111110        
100                         0100100001110001000          0                     
                            11010101110001100                                  
                              000100101100                                     
                             0100      001                                     
                             0111      1001                                    
                             011        001                                    
                             110        001                                    
                             100         101                                   