                   1001100111010110100111001011111000  01    0  100 011        
       10         11111010100111100010001100011011001 0011  101101000          
       1         00101011111001000110111100011010000101    11110       0 10 1  
                  000110011101100010010100000000010111     000  00   011010000 
                 101100011110001010101101110011110001 01  001000  1 1100010    
                01110001101001100100001001100001101101001011        1110010   1
             11  000111100011011110001010010010000111000010       0101  000  0 
    0           00001001100111010101111101100010111 10101     01100110 1100001 
  0  1         001101000101000001000010111011001101100  01011001011000110110100
0             001011001100110101110000011100011 0111    010110  0       1111010
        1    0111111001111010110100110111001000 0010  1110      0      10101001
             1101111000000011000010010010001010000111101        111100100100000
               0100111010100100000110110111001001100100     1111100111010011010
             010000000111011110110011100011101010000001101100111  0 001010101  
          0001110000011100100010111110101100010001010100100011000  101110      
         01101100001010000010100001111101000010111110111011110101111000        
         000001001000110101110001011000011000101111000111001010000010          
        001000100111011000110001110110011000011010001110000001011111      1    
        01010110100011110101110001011110000011111110100010101101111      00    
          1111110001001011100111011110101000101100010000101001101              
           111011010101110011101101111010000111010  01110000000001001 1        
           10011101010110011011100100010001001110011 0110100011001011 11       
             0110000001110011000001110100010111 11001101101000101110           
              01001110111101101110010001010011      10111100010101             
       1               0100000  0000100            001100000000011             
          1                                        001010100100000             
00                                                1100000011010011111          
                                                 0111011110110000000           
                                                 10000010111011000             
            0                              01    000011001000001111            
                                           10   01011000100000000100           