                                                                     01        
                              1 1                      11011011                
                                       000      001000110010111011             
                                        00        01  0110111110010        0   
                                                       100111111001            
                                                        1000011                
                                  010110101               000 10               
                                000111101111  01                               
                             011100111000001                                   
                               1110010100                                      
                                 1011001                                       
           111                   01010101                                      
          00100                0100101110100                                   
          10100               110000100000101                                  
         010100               0010001101001111                   1             
        10000010      10      110101110001  00110                              
        01000001      100100 110 1001011  00 00110                             
         01011            010111 11101010110011 1111                           
          00010       000 110010001101101         00100                        
          00101   1010111111111100000011001 1       01001                      
         000011    0           00000000000000101100  110011                    
   010100111100               11101111001100   11011    01000                 1
 00001101010                 1111111010001111111          01011                
                             11011001000100011110           10111              
                             1100101111001110101              00000            
                             1101010001011100                    0001          
                              1111101110000                        01011       
                             0011       100                          00001     
                             1110       1000                           11100   
                             110        1000                             1110  
                             000         111                                   