                         011101000110001101111111110110101110111000001011011110
                        1000000000001001011010001000101001101110001000010010100
                        1110001010010111000011111111110011000111101101010     0
      0 1               1010010001111010000010111000011001101010001100100   110
         1101            101000011001011000111000011111101100111001100100 10110
         11 0            1101000110100110101110001110111100000100010010001100  
           10             10000000111110000100100001111111110011100001010011   
        0   0   10        0010010010010000101011101101010100110100101010000111 
            10   1     00111011111010111000011010000100000000101001011010000010
                       00101101110110110001000011101011011110101001101111101000
         11            11100011010101000111000101000100111010011011111001100010
          1            00011011111010111010011100110111100001110010111010110110
                         101111010010001011110010101000111011000110001010010100
                         000101111001111000101111001110111111101111101000001001
                        0010110010001101011011000011110100110100101010000011111
                       10000110110111000001110100000011010100010100010000100001
                        0010001111011010110110101011100111111011000100011011111
                        1111101111000010001110001100010101010010011011100100010
                           0001001101100101001111001001101111000110011110001101
                            000010100001010001111111101010001010100100001110111
                             11011001110100010100110100001010110101    11011100
                                0011001001110101110100000000111       111101000
                                     11 0010001001001000000111         01011000
     0                               10 01110100111011110             010111101
   1                                   01000100111111011            11100001010
                                       0001100001110001010         100111000110
                                      100111100110100100001111     101101010010
                                      0100011010000010   111011    101011101101
                                      01111101010111001            110101100100
                                     0000010110010100001          1110110000011
                                    10111010110001110111          0001000010000