                                                  1010111111       1           
                      0                             0111111001                 
             11                                            1101000             
                        11                01                 111111            
                                          00                   0110            
                      000           0100 1111                001    1          
                       01         100111100                1110                
                                 0001101011        1111110101             1    
                                01011100000   000110111000110    0             
                                010111010111100010 111101                      
               10                 1010011110010  00001                         
         000    0              0110011111011   01000                        0  
        10001                 01001110011   001111                          11 
        11101                010010100110 10111                                
        1000          0110  0110  01110101011                                  
        100111          0110100  100011010            0                        
       10011101            0010 10101011                                       
       111100                00010100011                                       
        01000             100110001010111                                      
        011100         1000011101001110001                                     
       1000101     1011011   11001011010110010                                 
       110001   0001011   1 1101100111000101100000                             
0000101001000101011        00100101011001101   1111              0             
0000011  011101           0001101010101011110          1                       
         0                10000101111001011111         00                      
                          1000011011001011111                                  
                             11110100000001                                    
                             0111      0000                                    
                             0000       1100                                   
                             1000       1010                                   
                             101         000                                   