                                                  0001000100       1           
                      00                            111111111                  
             010                                          00000010             
                          1                                 111011             
                                          11                   10              
                       11           111  111                100     11         
                        0         001111011               1001      0          
                                10010100001        000111101              1    
                                10011110100  010000001010101     0             
                                11101101100101011  100011        1             
                00                010011000000   01001                         
         111    11             011000100010   110111                        01 
         0010                 00101011110   001100                          01 
         0010                000110011100 01010                                
        00000         0001  001  011101010001                                  
        111001          0110101  100000001                                     
       10011101            0110 10001101                                       
        01101                11011000010                                       
        11001             011010111101111                                      
        101000        0001110 100011100111                                     
       0011010     1101001   000010010010100110                                
       10111011 111000      111110111001011 1111111                            
1100111101000111000        10001110100101100    110                            
11001     0001            11010111000111110101                                 
                          00111011111001110101         10                      
                           110001001011111101                                  
                             1010011000000                                     
                             0110      1100                                    
                             1111       1101                                   
                             001        1000                                   
                             000         000                                   