            1                        01     01   10            10000           
              0                      00     0111011 011000110011010111         
               010                            101001100110111100011000         
                 10                             1001010001100100010000         
                    11                                      0111010000  11     
                      00              1010                    000011    00 0   
                       1110     1100101110                                     
                          000 0010100001010           1                        
                             11000000011010          011                       
                              10110100101                                      
                                000101                  0                      
          001                 00101000100              111                     
         01011               010110111010                  001                 
          1001               01111110001                   100                 
         10011              11100110001                                        
        00010001    1011   100001001111                                     1  
        11111100     00111111  0111110001101001                             1  
         000010     0    0010010101001000011010                                
         100110   000000111111100001011                                        
         001011  000011100 0100111110111110000                                 
        1000101            1010001011011 011000001               0             
  0110101011101         11111000001010110      01                00            
0011011111             000101011001000110                                      
                      01101101010011000111                                     
                      101001001111010011                                       
                         011111101100010                                       
                             1101    0011                                      
                             1111     0101                                     
                             011      1010                                     
                             100       000                                     
                             100       1111                        000         