                                           001  11         10100010000000101010
 10                                      10001        1 00111011010100111110001
 11                            100100  11010111      11111000000110101111111000
                            1111110000110110010      10000110101001000000001111
                           0011010111100010101       00001110100110100011101100
                         00101100111010100110         0001111110111101011101100
                         00100111001011100011           00000001000010110001010
                         00100110111001100              10001011111100010111110
                         01011111010111111               1001010100111001111111
      0                  11101111000110001                000001001101110110100
                             011111011                    100110110010001000001
                    0100   1001001010110    010           100000010110000010011
                 1       00111000101011011   01          1010100001101100000111
                        11010000100111010001                      1101011001100
                       101000011101011100100                   1011000000100101
                        0010001100000011001101              1101000110110000000
                         000100101011000000100000         11101  1001          
                        000111101000011   000010011011  0011      010          
                        0001111010011011      000110100100        00           
        1100             001101011011011        01100111                       
        101000111          110000101111       1110100001                       
0 0         11100011010   1110001100110    001001110011                        
                 011101000010010010100001000011       1101                     
                        00101101011100010000            01                     
                         0001100000110101100                                   
                        11001000110110000010100111001                          
                        0000001101110000001  111110010010100001                
                       011110010000011100011         011110000                 
                     11101110101011011111111                                   
                  011010111111010011100010101                                  
   0         100100110101001111001000010001111                                 