   10         11                                00                             
            10                                 111               00            
                                       0       000                             
                                     01111010 00111                            
                                   01000101100110                              
                       10         010100001101100                              
                       01        0011011110111010                              
                                 1001100010101000                              
                                 00100011001000                   1 00         
                                  010111100100                    0 0          
   11                               0101101100                               01
                                 011100111000100110                       00011
      1111                     0111111011001111011001                  110000  
      00000                   00000011000100110111010110110101111010000011     
      11000                   0010101000001010010110010110001110000100         
      01100                  11000000000010011            0010100011           
      011101    100         10111  11101010001          10010010100        1   
     000010101  001100      01010 01110101110      1000011011  0               
     00010100      100011    0101100000110001   101111101                      
       10000          10101011101100110111101010000010                         
      011001             00100000000111110100110000                            
      010101                001101100101111010                                 
     01000100                  011011010001100                                 
     01110001                01010111010001111                                 
010000110100             01111001111010111100011                               
000001              010011111010000111010110010011000                          
      01        0110110110   1001100010011000010010010101                      
     110   00111111010      0100100110000111001111   01000001                  
      11101001000          001011011011001101100010     1100000111             
  001000101 1             11000000111110001110111010         1000              
  011                    1011101100001010110100101110                          