                              01                                               
                              00                      11010 110                
                                         01   110111011001001101000            
                                         10     10011   10010101100         0  
                                                        101110100              
                                                        010000000              
                                   0100101101             0011010              
                                0000000111011   1                              
                               0101110010101                                   
                                10110011000                                    
                                  11101110                                     
           101                    0101011                                      
          11100                 001011111001  11                               
          10100                0011010000010001                                
         110011                001100100011000   110               01          
        11000110      10      0111111011111 1001  1                01          
        10111100      0101111110 0101010  01 01100                             
         000111           001001 01010101111110 0000                           
          01011        11 000110011101001        101101                        
          01111   0010111100110100000110110         00011                      
         001101    1       1   110100100100110010     10000                    
   100110111100               0001001100110011010001    011100                 
 1001100100                   001011101000011010110       01111                
                             010110111111101111110           1100              
                             1010011111111111000               10001           
                              101100101101001                    00110         
                              0100101110011                        00001       
                             1001       010                           0001     
                             1001       0100                            11100  
                             110        1100                              1111 
                             011         010                                   