           01   011                         0101                               
    1            10                                                            
    000                         0110111                                        
                             011001110101    10                       1        
           10               1100110001111010 1011                              
              111   0     0000000111000111000    0                      0      
           1             011011111101011111100   0100 01       0               
                        0110010011010010101011 11  00101 0110010   1           
                     111011000000000000010000110     10110 01      1           
                  11011101001101101011011001101   111101  00 1011              
                110001111100001011111111100101100010101   0110110      0       
              00011011101110101000001110111100011110     001101 00             
             1001101000100111101111001001000 101 00  100101    11   1  11  1   
             1011011110110110010110011100 01000  100100000 000 111 0011 0110   
   10        010101010110011100001110111000010 10101        01011011000101 11 0
            1001000100111100101010001101000111100     1000101 100111011111001  
         01100000011101011111000101010011111101   010001001000  1001101101     
         1010101011100111111011110010000000100101000110  0 1000101      10     
        0110011001011011111001110111101001011100010 1  10001000      1      1  
       111011110011111010000000111011101110001101  10101101      000        1  
     0  0110001110010110110111001010101011111101101110 101  011110001          
0        11001011101101011001100000000011100111111  0111   10101 0010          
0        11110010110101111011101110011110101 1001101  0  101     0001          
0         1001000010100001000001110110100111111000010110110      101100  1     
             111110101010111100111000000    00111  001           11101   1     
                  0100100   001110          11011                11000011      
                                            10101               101111 100     
                                           010100               1111010        
                                           0101000                11001        
                                          0011001                 101          
                                          0010010                  11          