                                                 00011001110       00          
                            11                    11101000111 10    0          
                            00                          0001010111             
                                  10                     0100111011     11     
                                  01                        001 101     01     
                                      0100          1                          
                                1111111000              00                   0 
                              100100001000 11           11                  11 
                        11    011000111110           101                       
                        000   0111111010              000                      
                                0000010              100                       
          1001                 001101011001        100                         
          1011               01111101101111100001101                           
          0011               10110001001    1 01101                            
         01000              0101 0100010    10011           10                 
        0011101       100    00010011011  1011001                              
        00000000       110001  0011000011101011001                             
         01000        0     01100011001000110101011                            
         01000     010101101001111011111101001000110                           
         010001   11011001111  1001101110000010001101                          
        10010011              0000000111000100000111111                        
    10111111100             0110110011101011010100100101                   1   
111000010011             110100000000011111010010000110000                01   
001                    111010111101110011000011101100101101                    
                        100110000011101111011101000101010000                   
                          01010101111101101110001001001111000                  
                            10010111100011001111010000100000000                
                             11110000101000010100111110100100000               
                             0110010001101000110111110111000111001             
                             111   11011000101100100111101101111101            
                             001        00110011111110001010010100             