                            0111                                               
                           011110                                              
                    01000100110100001                                          
                  0010111111000000100000                                     11
                 010010110101000010100000                                    11
                10110101110100011000011110                                     
               1011110001111000111100001111                                    
                100101110010000001010000001                                    
                010100100110011110100011101                      01            
           00101001110000010010001100100010                       0            
           1011110100110000010001111000100011                                  
           101100001100110101110110010111001                                   
  0            0111111111100000010110110101                                    
                0100000100001000100001010110                                   
               00010001000101000000001111000      11                           
               000011010100001100001110110111  1  100       00                 
              1011011110111111111111111000111                                  
             00010110010100101110111111100100                                  
            0010001011110111001111001101001011                                 
           10   0101100000010010101010101   10                                 
                  01000101001010110011011110                                   
                 010110101001101101010101110       10                          
                10011010011100011100101110101      1                           
               011000000001111011010110110101                                  
               00111011000101101100110101100000                                
              10011000010100000110010010101000                                 
              10111100100100111111000110011110                                 
              1001001001101100001111000100000101                               
            10100100010001000100001110111101011                                
           011100111001110101111110000000010101                                
         10111011010100101001011111100011101000                                