                     0                                                         
                    011                                                        
                  000000                                                 1     
               100100001001                                                 0  
           00101100000111000000                                                
          00111111111110110111100                           11                 
         0100010100011010001100101                 10                          
         00100111111101111011000100                                            
         01011110111010101101001000                                            
        011011001101011100001010101                                            
    1110000101110011101000101101110                                            
    00101010101001010010011000111001                                           
    11100010000000000000010101000011     0        001                          
          00000001100100100010010000              10                           
          100000111110100010111000101                                 1011     
          000111010010000010000111010                                101       
         11110100010110100100100101010                                         
         110011000001010001001010000101                                        
         01010000010010010000101010010110              0                    1  
         00101111011101110100011101 1   1                                      
        01 0100100111010111000000011                                           
          110111111001111110000111011                                          
          1100010010111001101011100101                           0             
          1110101100110001010111011010                0          10            
         01011101000111010110010111111001                                      
        11100110001111001111011100101000                                       
        01100100000010001100110110011100                                       
         11110110100100011101110001100010000100001                             
        10000001010010100001110001011110001100011100110011                     
        010000110001001010101100000011001101111011100001100000                 
         11101110000001111001101100001011011001000010101010101010              