                              000      00                                      
                            01001                                              
                    11100110010000                                             
                00100101000110010000                                           
               01010001100110110000110                                         
              1010010000001111011101101                                        
             101111111010101010101010100                                       
              11010100111110110010100101                                       
              10010101010001111011001100                                       
         1000110011101001100100011110010                            10         
         00000101001000110100100001111100                           10         
          11101111111110000111101000011100                                     
             0000100100111111101010110000                                      
    0          01011010100001111001111101                                      
              0111011001000001111000110001                                     
              00100010100110111001111000110      01                            
            00010101010011110101000101110001     00     01    0                
             0100010010101000100111110001111100         1                      
               01110101100110111000    000000100                               
               1011111000101110001011                                          
             1000000010100100110100011101                                      
             1110101010011111110111001010                                      
             0100111011011010100001010110              11                      
            110110011010010101100100101011             1                       
           010100001010010001111110111111001                                   
           00001101000101100100011110010001                                    
           11000101101110111101011000010110                                    
          00001101111101110001010000000011110                                  
           1101110100110001000111010011010010                                  
          0010001011111101101110111110110101                                   
        1101110110110110110110001101001100001                                  