       0          11                                                           
                00101                                                          
             01111111                                                          
      1010011111011111                                                         
     110101010110101110010                                                     
   011010010101000000110001                                                   0
   10000000011101010001010000                    11                          00
  010011101001011001101000010                                                  
  1101010100001100110010001100                                           100   
111111100101100010101111001100                                            0    
11100110111111101101010101011                                11                
11111101000111110101111000100                                                  
  0010000011000111010001111011       1              10                         
 1000110000111010010010101110         1                                        
 1111111010111110011111011000                                                  
11100001000010101111100101100                                                  
00000101001101101100000011010                                                  
100100010101111001000001101010      00                                         
110101110011110000001001010000      01                                         
 011 1011101010100000010111100                                                 
   0001000101110111111111010100                                                
0011010111000010011110110011                                                   
100111111110010010100101101110                                                 
01011000011100110001110111011000                                               
01100010110110111001001010011111                                               
11000101001001011000001000000001010                                     1      
0001010011100000110100101110001010                                      11     
10111000101110101010011000000111000                                            
1001000010010000010010010110011001000                                          
0111100111011000001101101101 000000000                                         
0111100010100001000101010001 11000110100                                       