              00                                                               
                       00                                                      
                     11100                                              11     
                101100100101101                                                
             010101101010110001011                                             
            101001011000110011010111                                           
            0101011110100001100011100                                          
            11110111001100100101001110                       10                
           001101111010011010000101110                       1                 
           10010110110111111110000100                                          
      0110000110000001011000000101110                                          
      111011101110001000110000110111111                                        
       0100001100100000000101000000011    110                                  
            10110000000111110111000111                                         
            01011101000110101001101010     00            11                    
            101101100111001110011100000                                        
           01011000101101010001011001100                                       
           10001110010001011010000111101                                       
          001100111011100111000010110100                                       
         110110110011111000001100100011000                                     
              011011001110001110110101        00                               
             00011001100101110111001000       0                                
             011110010110010010010110101                                       
             101100000011111001110001110                                       
            0101001101000101000001111110010                                    
           0000111100001010100000101011100                                     
           1001111101011010011110110110010                                     
           100101100101000100110110111010001                                   
           11111110000011110111011111011101                                    
            00100001010011011011010110100000                                   
           0010010001010010011110110111111011                                  