                                                              01               
                   0001                                                        
         11110010001001                                                        
      00111001111011101010                        1                         1  
     11001100011001011001010                     000                           
    10100110010100010101001011              01                                 
    010101000100001101101111011                                                
    010001110010000101010100111           1                                    
 111110111001100100011001010011      1010                                      
1110010001101000100011000110010     10000                                      
010111010011000101111110101100  0                                              
 01101101110000110100001100111000                                              
   100101111011010100001000001010                                            1 
   1111000110000010001000000001                                             01 
   0001110010101010001101001011                                                
  01110100010111011001101011111                                                
  000111000001001110010011100101                                               
   110011001110100101110010110100              10                     0        
   00110001011011100111100100101100                                            
      10000100111111111000101001 001                      1                    
  110011110101111001011111010        110100010110         0                    
 11001111110011010101010000101 110001001101101101100100                   00   
 00011010110101110110011011101011111001011111100101101001                 00   
 011010111010111101111010101000101111110110011111100100001011                  
10001010110011000111100100000010011000110010111100111111000010       0         
1100000011000010010100010111011000111111001111110001100100110                  
01010110010110110101110100001010111001011010011010110010110                    
0001100000111110000111010010110111000010101101010111100001                     
00111000011000010111100111001011111110010100110100100011                       
001111000010001100010000110110111100101111000110011111                         
1000000111110010111110110110 01001010110011110000001                           