                               10     10                                       
                             11001                                             
                           0001111                                             
                    0001111000110110                                           
                  111100111101100110111                                        
                 00011011011100101001010                                       
                1110101100111101010110001                                      
                10000111001111111101010101                                     
               111001100100001110101000111                                     
               100110110100010001110000001                         001         
           1111111110110000010111010000101                         01          
           000011111010010100001100000100000                                   
            10011110101000000110000011010110                                   
                110100010111101111100001101                                    
                0101100000011100100101010100                                   
                0100110010101101100011001011    1     10     11                
               101101100011011000010100011100         11     10                
               1101010010000111101000001100001                                 
               100011000010110101100111111100000                               
              010000010001010110001101   1100 010                              
             01  11111011111101110100011                                       
                110110001011101111101101011                                    
               0100001101100110110111011111          10                        
              01010000001110100101100110100                                    
             0000010100101110101110010101111                                   
             00011101111001101000010011000101                                  
            000000101100110111010111111011111                                  
            011100101000111110111110101100100                                  
            01101111101111111010000001110111000                                
           10001011010000010110111100000111111                                 
         0101100111110110101010110011101110111                                 