                             0                                                 
                           00101          01                                   
                 010010111001011                                               
              1110101000001011101                                              
     001     1111010111011111101101    01                                      
     011    0111001000100000010101000 1                                        
      11    11101111001101010001101100                                         
            10010000011111001010010111                                         
       0011100000110111110110000100101                                         
      01011000000011000100011011110110                                         
      00110101010110001101000010110111                                 0       
         011111011000111110010010011000                                00      
          11010001100100000100101011101                                        
      1   000000011110010010111111101                                          
          100010110101100100110010111                                          
         0100000001111001111101010101                                          
         00110110011110101100100100111             10                          
         000011010000100111110111000111          10          10                
        01101000001101011010111110101000         11          00                
        0   000100110110100011010110  11                                       
         0110111110011011100101011101                                          
         100110000101000001110010001001110                                     
         000011011000000101010010000010000                10                   
        0011100111101111001111101111110001                10                   
       001010011001100100111101010010101000                                    
       011110100110110001101010011011111111                                    
       101011110110011100011111000111100101    01                              
      0101011111100000001011110110000001101    10                              
      0011001000101011101011100010101001101                                    
       111001000111000100010101110011010000                                    
      00000111110100011101001010 0010000101                                    