                   1                                                           
                 1011                                             110          
           1   1010010                                                         
        10000000100101000                                                      
       111111101000100101001                                                   
      110001011011000010001010                         0                       
     01011000001111010001010111                1                               
     10000110001100100110101110         1                                      
     010100010100111010010100111        11                                     
10010101011100111000010000000111            10                                 
0111000011001101110011101100100            011                                 
1110011001001010011001100100111            100                                 
   00111111111001011010001010101                1000                           
    100011111100100010010101011                 010                            
   0010001110001111101100101011                 0                              
  01011100110000110001111101100                                                
01100011111100011111001110110110                                               
110011011010000001001000010110001                  00                          
 100111001111000111110111101110                            1                   
   1      01001000000010100011                                                 
      11000010101110011001111101                                               
   11111011001000101000110000010            00               11                
   011011101100110110100111000101 000001000111100100100                        
   11111010111110101100010001001010000011010111101011110101                    
   0111000110011111110001110111101001111100110110000111100011                  
 011011011001100100111011101010111111010111101010110100001100100               
  001000101101110011101100110110000010000101001111001010111100100              
  11101011110001101011011000100100111001000100010001110111011110011            
 0011001111011101101000001011100001011010110110111100110001011110101           
  0111010100110010010111111110010001101010011101101100100011000001110          
 10101111 00110000111000101011000001000111000110111111110101010010 0           