1100101111010100010001000000111001110000011000110111110100010111000001010010111
1101010111011101011001100010110110110110110010111100110101001111000100000000000
011010000010001101000010110000      1011110100111111110001110111010100100000100
000110010011100000101010100101                   110100001100101000000011100001
011100010000101100001010011010                     1000010010110001110101001010
000110110101101111001101001100 10                010011011101101010111100011000
011101001111011011001110100100101               0000101110101010101010101001000
1001001010101000000010010101011               101101001011110000101000111111001
10010101111100101101101011010000              101111110010100010100000001001011
00000000101110011100110110011000             0101111110100001011010110011001100
000101011101001000111010100101001            1011010000111010001001010001010100
010110100101111000010100000010100            1001100001001110111111011010111011
01100001110111100001101010000010             0011011001111011011001010110101110
1011110001100011011000000001101               010110101101011010110101011010100
001011010111100010011011101001                 11000010000110110101101110111000
001010000011001000010000000001                  1110101100101111110011101111100
0000011111110000010100100000 1                   010110011000110100111101010010
0000101010101001001111010000                      11101100101110111000100001001
1000110000111011110101010001   11                  1000010110100111011111110011
000011101010110111000000010    00               1  0101000110010000001101001100
00111011111110100111001010                         1001110101000001010111100100
0110010010100100101110001                           100100110010110001110101001
001010111111001010110111                            110101011011111000100100001
01111010000001101110110                    11       011000001010000000000001110
00100100001000011111001                    1        110111011101110000000110101
101111011101100010001010                            110111111111111101010100111
010101000100000001001001                           1000010011010001111110000010
100001101100001000000100                           0001001101110001011011100000
111111110110011001001011                           0010001000001011100101110010
10101101001010110111000                            0010000000011010011100001101
110101011000111100110110                        0001110001011010000001010000111