                                                                               
                                                                               
                          111               01                                 
                        000011                                                 
              11101010011111110                                                
             00000001111011011010     0                                        
           100101010101101000101001   01                                       
           0100011001111110110110001                                           
          11111011100010110110111000                                           
          00010100110000110110011000                                           
      000011111110110001110001011001                                           
     11111100111100001010111100001011                                    11    
      01101100110001100001010101110001                                   1     
         00001001000111000100110111111                                         
         011011010100110101110100101                                           
        1011000010001111010110000100                                           
       00010010011100111110001101010      01         0                         
     00000011101001110101001110000000               1                          
   100100010110111010010110001111100                00           10            
  00  0000  011111010111000101111010                             10            
          11011001000001100010001101                                           
        000010100100000011101000000 0      110000                              
        111010111011000010110011001        1010101                             
       10011001100001001110111110110       110101            0                 
       10111101100011001001101010010      0111100                              
      01101000010011110000100010110000    001110                               
      11001010011011101110100011010001    110100                               
    01110000100000010001011110110110001  101011 01                             
    11001110100010110000010011100010100  101101                                
    0011101010000001011100010110101111   01011                                 
   11010101010011101100101111000000111  110110                                 