            00                                                                 
                     01                                               00       
                   01111                                              01       
                 1011111110                                                    
            0111010010010001100                                                
           0001111010010011100010                                              
          0101011100101011110110010                        0                   
          10111111101111100011101101                      010                  
          00111001011101001000100111                                           
          01001011101000001111001110                                         0 
    0001010011111111011010001000111    0                                    11 
    000010101011000111010101001111000 100                                      
     01110101111101110011010111000010                                          
        10 11111000011110111111000010     10            11                     
           11100011110110011000011110      1            00                     
          1110011100000111111011110110                                         
          11100010101110101100101011110                                        
          101111011001000000100101111000                                       
          101111011111001011011000111101101                                    
         10111011100001101101010000  0   11 10                                 
        10  000101101101111001100110        01                                 
           001111001101100000011000011                                         
           010010000101010011011000110                                         
           0011000011011110010010001111                                        
          0011100001110111100100001110000                                      
         11110000100011010101101110011011                                      
         0010000111100010101100000111111                                       
         1110111111000111110101010001101110                                    
         001111100110111011111001101000101                                     
         010100000000000100110101011100101                                     
          011111111000011100001001000110100                                    