             0                                                                 
                      1                                               11       
                    0010                                              10       
                   000110  0                                                   
             011101111011101111                                                
            1111110010010111110111                                             
           000110010101100101011101                        01                  
           0100000001101111010101110                       01                  
          11010010010000101000000011                                           
          10010000001110001110001001                                          1
        0000000110011011111100010111    11                                   01
     00110010010001000001110011110011  011                                     
     011111101010010001001101110011011                                         
        11100110011101011001100111101                                          
           01101111110100011110101001                                          
           000001001010000101111110000                                         
           1100100010001001111100111000                                        
          110110010010011100000010001111                                       
          01011001001111011100100001011011                                     
          0010001111100010011000101 101 100  00                                
         10  100011100101100100110011        01                                
            10011110100111110110011001                                         
           1011001011110010101011011011                                        
           1000111110110011001000111001  0                                     
           11001110011000111010011101100                                       
          1110100101001011100010100101010                                      
          0101111001010011100010000100010                                      
          011000001000110000001111100010010                                    
          00111111000011100001011110111000                                     
          11010001100011011011100101110110                                     
           101000111000011110010011000100101                                   