                1                                                              
      1       01111111010100                                         0         
     01      1010100101111110101                                     0         
  0        1010111110101010000100111 00                                        
          1110001101111110101100001011                      00                 
          10000111010000010111001001110                                        
000010000100101010111100011100000111110 01                                     
0101001111101100011110000010100000000111        11                  0          
0101001100100000100011101011100000100100       111                             
0101111011010011000100101011101000010100    10100 10 0                         
1011110100000010101001110000100100101100 11101110 01 00                        
001011111100100111011001010110111110001 0010110 11                             
000011100011111100010110111111011111011110000011011                            
0100110001101001100100110111100111000001  00110111010                          
0010000101110000100100011001000011110111  111111           01           1      
100011100101100101111101101110000100000101011 00001   0 1100      00    1      
10101101011111000011101101101110000101000111 10011110 01 01  001001            
110110001100000111011011010011000011011110101010  1   111011100011            0
001001001101001011100100000000010101101110101 11      00111101010              
01001010101101010000000001001101101100010110100   10001001110                  
001000011011111001000100100010110101011101001100100000100011                   
011100110011000000101110010101010110000110010101101100                         
10101011100110011011000010101110000011101100010110            0                
0100001000001010010011100100010101000010011010                  1              
10000001000110101110110001100101010111000110                                   
0001110100111001101111111110010111111101101                                    
100100100010000010111101001111101110110                                        
00001110101101010100111101111010101                                            
    111001110100         1111000001                                            
   111000000101             11011000                                           
   101001000010           0111011011                                           