                                                  01                           
                               011                01                           
                              01001                                            
                           011010111                                           
                   0001100010111100011                                         
                  1011010011100001010010                                       
                 110011010100110001111010                                      
                01001001000101111000110111                0            1       
   1           1010001111000111101100010111               10           10      
                011100110011111111101100101                                    
                01000101101100011010010011         00                          
           010001110001101111110000101010001       011                         
           001000000101100000100000101111100                                   
            0000100110110010101010110110111                                    
                 111011111010000111011100100                                   
                1010110111011111001111011111                                   
                01100001011111010011110101000                                  
               1001010010111010101100001100010                                 
               00011010101100110110001111110101                                
              11110101110011111010100 0100110100             1                 
            01110010011010010101110100                       01                
            11   0101000010100100101010000                          1          
                 101110100100111001101001101110000001                          
                01000010010011111110000000011111011110110                      
       01      001010001100000001111011110111110100100010011                   
        1     0001000001011101101011000011001110000101000000110                
             0110001100100101000101000111010011100100001110101000              
             11110111101001011001000010011011000111111000110110101             
             1011110000000011010010010111110101011000111011111010111           
           1110001001011000011000100100000001101011001110111110101001          
          000101001101101011101101001101111000110110111111100010000000         