00001110000011001011001101000       0001100101010000010001111101111010001010110
11100111111100010010111111001          1001000001000111110110001001111010010111
11000110110111011111001010000                           10111100110000101010001
11101111000110000111100101111                           00111000011101010110100
000100100000101001100010110000                         101001101001101100010011
011111110010011000110011100010 00                      011111110010111011001001
111111000001001110000111100011001                  1 01110100111011100000100001
10111101011011011010001010011100                  10000011101101100011011111001
011110100011101000010100001011010                  0101001011111011100010111110
101110101000011111010110000101010                 10000001000111110011010110010
1000100100010111100111110100111011                11011011100111000110011011011
1101000001000100101000000001100010                 0110010111001101011000111111
0011011101010111000100101000110001                01110110101001001101001001100
1011010111001101111100001100010100                11010110000010101101000001101
100100110101110111000101000100001                 11101110101000110001111101111
1111101000001010101100010000110                    1100110110010111000110100100
1000111100110110111001101111110                     011110100001000100101010000
1010000010111010111111000110101                      00010110001110101111001101
111111101011010001111100101101                          10100100010110011100100
1100111011100110010111010010                           111110000111000110010001
00001001100000100110111110111                          101101011011001101011100
10101110000100110100011101001                    00      0000110010011111100100
10000101100001101110011000100                   111       111111000011010100100
0100100000111110111101011100                    111        01101000100110011101
110010101101010011111001000                      110       00001011111110001011
11011010010010111000101100                       100        1000011000000001010
11110000111101110111100000                       110         111101111101111111
1111010001011111110010110                         10           1101010100001100
110111111101010000110101                          01           0011111111000111
0011110001111011000100111                         101         11100101010111000
1000111000110011111111010                          01          0101011101000101