                   00     1                                                    
 0                       0000                         01                       
                 1     010100                         10                       
             100100110000010111                                                
           1100110011111101111000                                              
         1010110010110101100100111                                             
         1000111000010101101000110                                             
        111010101101100100010111011                                            
        10100110101001111000110010011                        0                 
        01011010001100011011001111111                        11             00 
         10001110010010000011100011001                                      0  
       110110011011001110011011011010                 0       1                
     1001001101001110010010111100011                                           
     010100011000101110000111011100 0               110                        
         100110010000001110000100111               010                         
        1000111100010011000010000011               1                           
        01111101101111000001011000011                                          
        000001001010000111110010001111                                         
        01000011110011000110                                                   
        0111101011001001001001011                                              
      1101110100001100011110111010110                                          
     000   00110100001111101011101111                          00              
          000000010001010111001010100                                          
          1001110001011010101000100110                                         
        0110001011000100111111100001001                                        
        1000101110011101111011110101000    00   0                              
       1110010011111100011101111011100011110001010010000111                    
       11001100100101110110111011001001110101010010101011000100                
       01110000011011101100111110100110010110011010101010100110100             
       0100010111010010011011101111011000100111110111011110110011101           
      1110110001101110000010000001000111001001011110111000000110110001         