1011001011011100110111101111101001111101000001010110001100000111101001001000010
10001001111010110001110001110       1111100101101010101111011110110101001010101
00100101110110011111101011101             01       1101101101100100101111101010
10001111011010100010110111111                        11001111011111010111101010
110111011001111110000000010010                      100100010010010110010111000
010001100010010001001001000111001                  1110001000011000001011110110
001111111011010000101001111010011                 11000011101000100011110110110
0000001111011100111001111100001                 1010010001111101000101001110101
011001100010001100110000001001001               0011110000111010100111001000100
010010000011111000000110101000111              01110101110100011010100000111010
101011110111111111011110000001000               0111001110111111010011100101110
001000000101100010101011011111110               0110011110111110100111010000110
1001000010110101001000111101010110             11110000000011100000011001111111
0100110110000110011000100000011111             10100110001110011000100011110010
0000110111110001111110010110111                 1000100010101000000011010010000
001001001010001100111101111000                   110011110110100110111101010001
100011000001011000111100010101                    11100010100001001110100110010
0011110100110000001101111101                        001001101001111010111010100
01110000010110011001010010011                       101100000000100101010111011
11111110011101001000100110000                        01010100110001011100111101
0110001110110001111100010010                  10     01010100001100010100101001
101111010100100011000110100                   10      1110100010010101000111011
00110001100001001100011011                    11      1110111110011101011100011
01110001100110101001000001                    00       110000011000110100110110
0100001111110110000010101                     10        00110100000111101100011
001001010111100001100011                      10         0101011100100000001000
01011010101001000100001                                 01111001100100001011110
010011011101101010111011                                 0011110100110100010100
101000101111001011011011                                 0011011011010011101011
101000101000010101101110                               010111011001111001101000
001011001100101101111001                               101100100010111101001100