                            0                                                  
0                         0111                       01                        
               0  0011111001100                                                
            10101001011111000001                                               
           00101101001111011100001                                             
          1001001101011101101100110                                            
         001001010001101011000110110                                           
         001101100011010011111101111                                           
         10111110111001010001111100111                      0              0   
      1  01100000111110010100101110011                      10             00  
        010100000011001101000111001110                                         
      11001000110000010110100111111010               01                        
      1100010111010111100101101101000               01                         
          101001111011110001010111001             001                          
          110110010000101110000010100             11                           
          00010101000010001110000101000                                        
          1110101101001000101011100011000                                      
          00010101010101010100  00110  10 11                                   
           010110000001000100                                                  
           011011000001101101000110                                            
          100100001110100110000000100                          0               
           000001100000001100001010001                        00               
           111010010000010000101111110                                         
          011011101010110100000111111000010110101101010                        
         000110101010110010000010100011011110101111111010000                   
         00001110111110100110001001111000011011010001111100000                 
         01011111111000000011101001110000101010110110100011110100             1
        01110000110011110100011011010000011111101101110100100101011           1
         00001010100110001110001110110001111111101000010101000100010           
        0101011100011000100001101010011111101110001110010000111000010          
       0010010100001101001110000  111100110110111001100001011100011001         