       1                                                                       
                         01                                                    
                          110                                                  
                     111111100                                                 
                11010111010111010                                              
             110000001100011011110                                             
           111011101110000110110001                                 00         
          01111001011100001100000010                                           
         000001011101010111100001110001001                                     
         000111000100101010101101110110110                                     
 1       10100001011011001010010000000001                                      
 0        10010010001011011110010111100            10                          
0         10000110111001001010100001101            100                         
1          001001011111001101010001100                                         
            100010100111110111100111                                           
            110110011110000011000101                                   11      
             010001101000110101010100                                          
             0110100001011010111000                                            
            011001001100100100                                 0               
            00101000111010001111011                                            
           0101110111000110000001010110                                        
           1001001011011110110111110000   111101101                            
         001111101101100000111001110111000100000101011111                      
        01010011100011110111000101101100010101001011110010001                  
         010 10001000110111101100011101000000111110100001010000                
            01001110110110101111000111111100000101010011000001111              
            1110111111000000110010110101001001100000111100000001111            
            111100100111011011000100100101110101101111110011001110101          
            0100101011011111110111110010110110110010001111001100101111         
            10111011001110001001100010000011111000100011011101011100111        
           001000011111100000010111100000000000001011011111000011000100        