                                                                               
                          01                                                   
             1            011                                                  
                       01111100                                                
                 0110001101101111                                              
               11101011100011001111                                            
             1100001000011111110010                                            
           01110011010010010010110111  10                                 0    
          000101100110001010011100111101010                               1    
          000100011110000111011001001011010                                    
          010111111000000101010001110111                                       
          001111110001101110000101000101                                       
           11000110110001010001101010101     0001                              
      1     10001011011000010001010110       1010                              
              11111110111111101000000                                          
             0000010101001101010000011                                         
            0000101100100001101111111                                       1  
               01111000100011100010011                                         
                01101111100011000    0                                         
                10100111011001001                                  01          
               0100011110000101011011000                           0           
             1111100101011110011110011010 10110010011000                       
             011100001100100001001111100000011110010011100111                  
             100110000001100010110001000010100100011001011101000               
            001000101010000010110100100110101001110000101111101000             
            01011000001110011010101101010100100001110011001011000000           
            1010011000110011011011011110110000101001100001001100101010         
           001011000110111000110111110000010010010001100101110011100011        
           0111000111011100001111110010111101100001010111001100101100011       
          01001000111110010011000100110010011000001010110001011011010000       
         000100110111111011100000110101011110100001000101000011100             