                     11                                                        
                                                                               
    1               101                                   01                   
            0011001111100                                 11                   
        01000011011110111110                                                   
      10010011100110001101101                                                  
    01100010000000011011110010                                                 
    00100111010101110111111000                                                 
    000011101011010011000101101                                                
    1010001110110100000000000011101                             1              
    0101000010010001100101010011101                             11             
     10111000111000011010010110100                                             
     0110110100100111000100010010                                1             
    1111000111010111011011011111                                               
    01101011101001100111001010                                                 
      100000111010100001001111                        00011                    
      0001101000101111111001010                       1100                     
      10111011001011001111100101                                               
     101110110000100011101    00              01                               
     110100101010111100100                                                     
     010000100011111111010000010                                               
   110000111111010100110001010110                                              
   000000111111100101111111100001 11100111010001100001           1         1   
    11010111110100000100111001011001010111001100111110111                      
   010110001001101111101000101001101101111001000111101111010                   
  100011100011101101111010101000011100001111011111101100100000                 
  00001001000010111101111010010011100101000011101000000111100110               
  111000101101110100101110000010111000100000001111010011110000101   1          
 000011110110010010111001011101101011111011011010001101101010011111            
 0001011001110011101100010000000100100000101100000101001010110001001           
 1010110011010011000011101000 001011101010100001010011011001011100110          