                           11                   10                             
                       1 100010                                                
                   10001001001100100                                           
                 111001010001110100010                                         
                011110110110001001100000                                       
               00010001001100100010110110                                      
              1011111101100100010110100111                                     
1              101011000001011000010100001              1           1          
0              01101010100000001010001100                                      
          01010111101111110001001100000101                                     
         0010000101100110100110001000110010          100                       
          011100011100011000011010000110111          110                       
              1011010111000000111010110010            00                       
               011100101100100110000010111                                     
              0111010011010111001001100000                                     
              10110000010001101001010011110                                    
             101010001110011001011111111001                                    
            1100111111000001010011100010110                                    
           01100110110010111100111100110001                                    
          10    001101101111010000011000  11                                   
                 11001000110000111000011010                                    
                100011010001101011111011111                                    
  00           00100111111000001000011000001                                   
  10          001110111011011010010010001010                                   
              01000100010001011110100111011110        10 0            0        
              0111001001111101101010000011010            01           00       
             11100100010001101011110100001110                                  
             100001011011100110001100001011100001010110101                     
             01110100110110111110111010100100101000001011011001                
           0110110111011101111001000110101000010000001000111100101             
          0101100110100001110101000010111000110001101100111000010010           