                                                                               
                                                                               
                                                                               
                                                                               
                                                                               
                                                                               
                                                                               
                                                                               
                                                                               
                                                                               
                         0  1111                                               
                  001100111001100  00                                          
                  111001100011010111001110                                     
                    011000011101010110001100000101                             
                     0111110101110100101001110100010100                        
                       001010010010111100111011011100001110                    
                         00000011100001110000010110000111101                   
                             1111110110100011111100011100110                   
                                 000111111101011000100000100                   
                                       010100011101000010110                   
                                                   0                           
                                                                               
                                                                               
                                                                               
                                                                               
                                                                               
                                                                               
                                                                               
                                                                               
                                                                               
                                                                               