                                                                               
                                                                               
                                                                               
                                                                               
                                                                               
                                                                               
                                                                               
                                                                               
                                           000101                              
                                          1110111                              
                                          0010101                              
                                          1 10100                              
                                             0111                              
                                            00101                              
                                         1 0001000                             
                      1100010010111       010111111     111                    
                     1010001110001101010 000000110     1110                    
                     100100101011111110001011000001110100101                   
                      100111011010000111101011111100011111                     
                        0110110110010010011111101110010010                     
                            00001011000110110011011000001                      
                                110000100111011010010001                       
                                   1010001001100101111                         
                                                                               
                                                                               
                                                                               
                                                                               
                                                                               
                                                                               
                                                                               
                                                                               