                                                                               
                                                                               
                                                                               
                                                                               
                                                                               
                                                                               
                                                                               
                                                                               
                                                                               
                                       01                                      
                                   001000                                      
                                   111101                                      
                                   0000011010110                               
                                10011010001110010                              
                              11011100101010110110                             
                               0101010110000101111                             
                              10101100110001111011                             
                             001001000001101110011                             
                            101111101100101111011                              
                            10111000101101100100                               
                              1111101001110111                                 
                              101110010101000                                  
                               1010110101111                                   
                                 110101101                                     
                                                                               
                                                                               
                                                                               
                                                                               
                                                                               
                                                                               
                                                                               