                                                                               
                                                                               
                                                                               
                                                                               
                                                                               
                                                                               
                                                                               
                                          10 01110                             
                                         1010000100                            
                                         11  0000                              
                                         10   00111                            
                                         00   011111                           
                                         10   1010                             
                                         00  1010000           1               
                                           101010110          1110             
                                          1100111100         1011              
             10111 10000100  11           111101011  0 110111000               
            110001111000010011000001110    11000110011001110111                
              000110011110011111001111011101111110100001100110                 
                101001010011000110001110000001100101101010000                  
                 01 1000100011110111111110111110000110001001                   
                         0111101001000011001111110000111110                    
                            10101001111000101010111101110                      
                                010                                            
                                                                               
                                                                               
                                                                               
                                                                               
                                                                               
                                                                               
                                                                               