                                                                               
                                                                               
                                                                               
                                                                               
                                                                               
                                                                               
                                                                 0             
                                                                               
                                                                               
                                                                               
                                                                               
                                                                               
                                000                                            
                                0011                                           
                                  101                                          
                                    11                                         
                                     010                                       
                                      0001                                     
                                        0010                                   
                                          11                                   
                                                                               
                                                                               
                                                                               
                                                                               
                                                                               
                                                                               
                                                                               
                                                                               
                                                                               
                                                                               
                             0                                                 