                                                                               
                                                                               
                                                                               
                                                                               
                                                                               
                                                                               
                                                                               
                                                                               
                                                                               
                           0                                                   
                    1111000101000                                              
                    1001001100010100                                           
                     100100111001001010010                                     
                      1010100000000110111110011                                
                        101110011100001011101100011                            
                          1111110000100110001001001111                         
                             01010100110110010100000111110                     
                                001100011000100101000010010                    
                                   000010111000001111100011                    
                                       00001110110100010110                    
                                            11100011010110                     
                                                                               
                                                                               
                                                                               
                                                                               
                                                                               
                                                                               
                                                                               
                                                                               
                                                                               
                                                                               