                                                                               
                                                                               
                                                                               
                                                                               
                                                                               
                                                                               
                                                                               
                                                                               
                                                                               
                                                                               
                                                                               
                                 00                                            
                                 10                                            
                                  11                                           
                                  010                                          
                                  1111                                         
                                   00001                                       
                                    11100                                      
                                     00000                                     
                                       100                                     
                                                                               
                                                                               
                                                                               
                                                                               
                                                                               
                                                                               
                                                                               
                                                                               
                                                                               
                                                                               
                                                                               