                                                                               
                                                                               
                                                                               
                                                                               
                                                                               
                                                                               
                                                                               
                                                                               
                                                                               
                                                                               
                                            00010                              
                                        001000110                              
                                      10010110101                              
                                   0110010011100                               
                                  0110100001111                                
                                00001010111010                                 
                               00010101101101                                  
                              10010100000101                                   
                             00011110110011                                    
                            0100011100100                                      
                            11100111110                                        
                                01101                                          
                                                                               
                                                                               
                                                                               
                                                                               
                                                                               
                                                                               
                                                                               
                                                                               
                                                                               