                                                                               
                                                                               
                                                                               
                                                                               
                                                                               
                                       110  0101011                            
                                       011010010010                            
                                       10   100110                             
                                      110     00110000                         
                                      001     010101100                        
                                      000     11001                            
                                      010     00101                            
                                       01   00110010                00         
                                      01   0000000110              1101        
                                         101000001100             0110         
                                        01111000010      010011110111          
   011110010101011011  001               1 111010101 111000010000101           
   1000110000111000011011011010011000        1100010010101000110100            
    1000111010010001111001011001001100100010110010110001100111011              
      1110011100110100101010010000111101001010011011010000111111               
         111101010110001100011110011100101010100010111001010101                
               1000000100011010011100101000000101000010101001                  
                  110010110011001011100100010100111001000100                   
                      110011          00010101110101111111                     
                                                01010001                       
                                                                               
                                                                               
                                                                               
                                                                               
                                                                               
                                                                               