                                                                               
                                                                               
       0                                                 1                     
                                                                               
                                                                               
00                                                                             
0101                                                                           
10010                                                                          
001111                                                                         
1011000011      010                                                            
0001101111110111011                                                            
110100010001110110                  11011                                      
111110100000011101                  100100                                     
01001001101011111                      101                                     
10000100001001001                                                              
0110101001101110                                                               
100000111111010                                                                
011111001110010                                                                
10100111000100 0                                                               
100011001111                0                                         0        
1001010101011                                                                  
0000100000101                                                           11101  
01100000111011                                                         1101    
011101100011100      01                                                        
001101110110  00     11                                                        
0000010001001  1                                                               
1110110001  0                                                                  
0000110010                                                                     
10000000 01                                                                    
00001                                                                          
010101011111                                                                   