                                                                               
                                                                               
                                                                               
                                                                               
                                                                               
                                                                               
                                                                               
                                                                               
                                                                               
                                                                               
                            001                                                
                      1  001100   101                                          
                           0110   0100000011100010                             
                  0001111100011000001111110001111100000010                     
                0111101110010110010000001111001011110111111                    
                 1010000111010010101001110110011111011101100                   
                   101001100000100101011110110010011100111001                  
                     0111111010111100111101010001000011100001                  
                        10010100111111001111010001010110                       
                                         11                                    
                                                                               
                                                                               
                                                                               
                                                                               
                                                                               
                                                                               
                                                                               
                                                                               
                                                                               
                                                                               
                                                                               