                                                                               
                                                                               
                                                                               
                                                                               
                                                                               
                                                                               
                                                                               
                                                                               
                                                                               
                                                                               
                                  00                                           
                           1000 0111               0010                        
                       11001111   01     1110111111100011                      
                    01 01 10110  101110101111111001101110001                   
                          1100101101100110001001100101011110                   
                    010010110010100000011101000101001000101                    
                 010100100100101001010101011110110010001                       
                 000100100100010111011111100101001101                          
                   00101100111011100100000011001                               
                     100111010000110011110                                     
                        001101                                                 
                                                                               
                                                                               
                                                                               
                                                                               
                                                                               
                                                                               
                                                                               
                                                                               
                                                                               
                                                                               