                                                                               
                                                                               
                                                                               
                                                                               
                                                                               
                                                                               
                                                                               
                                                                               
                                          01                                   
                                          11110                                
                                          10110                                
                                          00100                                
                                         101101                                
                                         111110                                
                           11100101010   0111001                               
                         110101001010000001000111                              
                        1100111011000111111000010  011                         
                         111111011100100001010100010101                        
                           00101111000101001000010001000                       
                             00010100011000100010101101                        
                               11000011101011111101101                         
                                  1111111001111110011                          
                                    1000110011110001                           
                                      1010                                     
                                                                               
                                                                               
                                                                               
                                                                               
                                                                               
                                                                               
                                                                               