100101011110110111011100010110000100110001001110101011010111      1101101111100
1010100011101111001011011001100110001001011110000001110101        0001000010000
110101001101011010100110101011111000100111010                      011111010101
00010101101001001001101011110110101010100100                        10100110001
0000101101110100001001111100000101100011111                         10110011111
11110010001101101111010001000010101011110                            0010101010
00101100011111101000110100010010101011100                            0111111110
1100100101001001101110110001001011110001                             0000101001
1001011101010100011100001010000010110101                              000011000
01101110110011101101100100100101010010101                             001001110
1001010111011010111011011010000001101001101                            10010011
1001011110110011001101011111100111001111000                            10011101
1010111100101001110101001010011101101100110                            01000101
10010000101100100111101000100011111001111011                           10110110
000000011001110001100011100111001011101111111                          01000001
10011011011111100111101111011000101111110011   100                     01101100
100001010011010000111101011111101000010011100 1010                     11111111
100000010001000111111001000000011001110110001                      1  101100011
100011000010010000011000111000100111010101011                      1  110110000
00100111100110010111111011001011111000001000                       1  110101010
11000000100000010000011111011110001001010001                      00 0010100010
1000100011100100011010111110011010001001001                      00110101110011
0100000110111001011010001100010010000010101                      10110111100100
111011011101100011001100001111110010100011                        0110101011101
001001011011111011011001010100001100000001                         101100010100
100110100001101101101010110110110001011101                          001  000011
000001110000001111010011011000101110010110                              0010001
1001100000101000111101011  101110110101111                              1100001
1011000000001101100111       110111000                                   111110
00011011100000110011          01                                           0011
11100010000000111001                                         100            000