                                                                               
                                                                               
                                                                               
                                                                               
                                                                               
                                                                               
                                                                               
                                        10                                     
                                      00011                                    
                                     0101111                                   
                                    111100011                                  
                                   1100000101                                  
                                   0001101110                                  
                                  00001101000                                  
                                  01000011100                                  
                                  10101100110                                  
                                 110000101111                                  
                                 000100011100                                  
                                 001010011000                                  
                                 100100100011                                  
                                 00010010100                                   
                                  0111010010                                   
                                  111011001                                    
                                   1101001                                     
                                                                               
                                                                               
                                                                               
                                                                               
                                                                               
                                                                               
                                                                               