                                                                               
                                                                               
        0                                                  0                   
                                                                               
                                                                               
0                                                                              
101                                                                            
0111                                                                           
01000                                                                          
1100011111100001000                                                            
0011011111101110110                                                            
010011011011111001                  10111                                      
101000111110001101                  11110                                      
11011110010101001                     110                                      
0110010101101110                        1                                      
1000000110111001                                                               
0110010000111011                                                               
01011111001010                                                                 
00010010001011                                                                 
0110101100001               1                                           1      
11000111001                                                                    
111110110110                                                                   
11001101010001                                                              100
1000101000011                                                               01 
101111010010010      011                                                       
01010000001  10                                                                
111001000110                                                                   
101101111                                                                      
101100011                                                                      
00101   0                                                                      
001                                                                            