                                                                               
                                                                               
                                                                               
                                                                               
                                                                               
                                                                               
                                                                               
                                                                               
                                                                               
                                                                               
                                  10                                           
                            1001 0001          0111111                         
                          11011   11     00000111110001011                     
                    11 11110111   10 11000011110010011001100                   
                    11     0010000100111101000111111001011                     
                          110111010011101101001110010001                       
                    1110100000001000101101000011110110                         
                 1110011111101110010110001010001010                            
                  00001001010000101111010011000                                
                    00111000010011101110101                                    
                      0010001010000                                            
                         11110                                                 
                                                                               
                                                                               
                                                                               
                                                                               
                                                                               
                                                                               
                                                                               
                                                                               
                                                                               