                                                                               
                                                                               
                                                                               
                                                                               
                                                                               
                                                                               
                                                                               
                                                                               
                                           0111011                             
                                          00100011                             
                                          11 10100                             
                                          01 10110                             
                                             11010                             
                                             11111                             
                                         0  1001000        1                   
                          10000          00000100100      111                  
                   001010100010000001010  101110010  001 1110                  
                   110111100000011111000111000011100011111100                  
                    001110010000001100011000100001011010110                    
                      1011111111100111110000100010000010111                    
                          00010111111111010111010111001101                     
                               1000000001011000100011111                       
                                 1101110010001111000010                        
                                                                               
                                                                               
                                                                               
                                                                               
                                                                               
                                                                               
                                                                               
                                                                               