                                                                               
                                                                               
                                                                               
                                                                               
                                                                               
                                                                1              
                                                                               
                                                                               
                                                                               
                                                                               
                                                                               
                                   11                                          
                                000001                                         
                                 001101                                        
 000011                           111001                                       
0111010                             1100                                       
0101100                              1100                                      
101111                                 100                                     
101100                                                                         
1010001                                                                        
0110110                                                                        
010101                                                                         
100010                                                                         
111011                                                                         
110 00                                                                         
011                                                                            
0011                                                                           
11 01                                                                          
1   10                                                                         
                            0                                                  
                                                                               