                                                                               
                                                                               
                                                                               
                                                                               
                                                                               
                                                                               
                                                                               
                                                                               
                                          10 1                                 
                                          101111                               
                                          111010                               
                                          011111                               
                                          100000                               
                                         1 00111                               
                               11100     10101000                              
                        0110101011111111 00000100    0                         
                        10110111011111001110011010  111                        
                        10000111001101111010001111 001000                      
                          0011001101100000101001110110010                      
                            000110011010010010110010011                        
                               111101000010001010110100                        
                                 110111100110111000011                         
                                    0000110100011100                           
                                       1                                       
                                                                               
                                                                               
                                                                               
                                                                               
                                                                               
                                                                               
                                                                               