                                                                               
                                                                               
                                                                               
                                                                               
                                                                               
                                                                               
                                        110  011010                            
                                        01101100101                            
                                        01  10100                              
                                       101    0111010                          
                                       00     00110110                         
                                       10     11111                            
                                       001   010100                            
                                       10   11011111              001          
                                       10 00111011001            001           
                                         01100010101       00011110            
       001100011110001 0110              11101111000  001000010000             
      1110001001000100111011011110110        10110011010111010111              
        01111000101010010001100101100101001011100001100011111011               
          11001001100100011011011010110100101101100000011001011                
           1 0100000101101000100110001100111001001000011010011                 
                   10101000111111000000010000000000011110010                   
                      1001100110101101100010011100011001101                    
                          10011         10001001011111010                      
                                                     00                        
                                                                               
                                                                               
                                                                               
                                                                               
                                                                               
                                                                               