                                                                               
                                                                               
                                                                               
                                                                               
                                       110                                     
   0000                             10011011100                                
    00110100                      110101000101001                              
    11010101000                 100101100110001111                             
   11000011110110100         000101001110010011010                             
  0100010011     00110100       110101000111011001                             
  001110011          1001100010  111101011010000                               
 001111110                01101010110000001110                                 
 011101110                     0011110101010                                   
 00001011                          01010100011000                              
 00000011                            1001101100000111000                       
10001010                            101000110100  010001011100001              
01110100                            1011110111111         01000110110000       
01101100                          1100011010001011        100100001000110111001
00100100                         010100000110000101011011010111        01000111
 0010101                         100011010100000110100111010                  1
 0111101                           01001100110001101011                        
 1110000                             11000000010                               
 11111101                             11011111001                              
  0100011                             100100000001                             
   1110100                         100001111110000                             
    000010                       0010111011101111000                           
    0010100                   10100010111101110100001                          
     010110                0101111000110101110010011010                        
     10101              001010110001011010001001101101                         
     10111            10100111000101001001000001101101                         
     1110           0111000110001101011101111101100001                         