                                                                               
                                                                               
                                                                               
                                                                               
                                                                               
                                      11                                       
   10                              101001000000                                
   10010110                       11111101110011                               
    01011100001                  11100100011000100                             
   0111000001001000            0110111001101100000                             
   011000000    010100110     010010101111110101                               
  1101101100        11001111110  00001011101111                                
  110111101               1000001000000000110                                  
 101110001                      0101000011001 0                                
 111011010                       001001110101001001                            
 10010111                           01010110111100010001101   1                
 10101100                           0011110001000   100110011110001            
 10001101                           101001011111110         11011110010110110  
 10110010                          1000101010000101        0010111 010000000001
 1001101                          101001000110001100101110001111           0010
 0010011                         10100 1101001010011110111101                  
 11011011                          010001101111010110011                       
  0000101                            010101100111                              
  0010110                              11110110001                             
   1000010                            0001011000100                            
   0110001                           00101011101001                            
    1111101                         0011000010001100                           
     1010111                      11011010000101000010                         
      110011                     10001100110101011110010                       
      110010                   001011110010011100100111                        
      10011                  0000011100110011111001111                         