          001111                  0110010111101                                
          101110                  1100000011110                                
          000010                    110010100000                               
           001101                     0010111110                               
           101101                    010101100100                              
            001111                  10111100001110                             
             11000                 0111011110010111                            
             1010                 110001011111111101                           
             101                01001000100010011001                           
            0000              11101011111100011100011                          
             110         00001111110111110110011000100                         
              1001       00010100110111100000110011111                         
               01100         0100111111000001101011                        0101
                      100001011001110110111010110110                10100010111
                     1001010000000110010011011101101          10010110000010111
                           00     000011100101101001  0110001010000011010011100
                                       1010110001011000011110010001111101110010
                                      00011011100001110001110000100111011011011
                   011100001000000111111001000001111001010011000101101011010100
0100011110101001100100010111010111100111100001110001011100111000111001110010001
1011011010100011001010010010110100000110000000001001110000011110000100000111110
1110001111100000010111001001001100001001100011111100100110100001000000101110100
0100010100110110111000000110101100101010001111101101010000101101111000110001011
0010010100000101001100101110000111110110100001000110111101000011101001000110101
1010011010001010100100110011101111110010100110110110100110011011010100001001001
0111101101110011111000101100011011110011011110111001110011110001001100100001011
11111110000101001100100011111101100010010011011010001100000111111001111111011  
100001101001000000101100101010110100100100010000000110010011000000000000001    
01111100010101001000111111111111000101000110110101010001110100110111111110     
1000000011001011011001111100111000010010100010001000110001100100011010001      
01101011111001010100100000011001001000000101101000110011101101001110           