           01001                  0100000101000                                
           101000                   001011111000                               
           1010010                    0100100000                               
            011001                   011111000001                              
             010100                0111100010110100                            
              1001               000011100100010010                            
              000               01010010100000110000                           
              000            11101100111101110111110                           
             1110       01101110111101001000101000011                          
              011       00110001010001100001110110000                          
               10001       11100101100000011110010010                          
                 1100100011011001000011101101001011                       00101
                    1000010110100111100001001000100                 11011000111
                            10100000111000001111001          011111001100010010
                                       000101111011   1000000011001101101010011
                                       1101011101001000111010101110110111011100
                                     001011001110000110011111011111111001000100
                  1101111111100111001111000100101011111011001000010000100100001
0010100010010001001000111100001111111011001101100100010001100101010010100010000
1111011101101110100011000010110110100100101111000000110010110000000010111000001
0100110101010101101010010101000001001101010010001111110011011000011010111011101
1111001111111110011101000100000101111111111110001111101010110000110111000010000
0110111001001000110110111100000011000101001101100101100110110010011111000000001
1001010001110000001101000101111111010100011111000110010001010000000111111001001
00001111001111100000100110001010001101111000110111110011000001101000111011110  
1010110100100001001011001100111000100110010100010000111000001011100010111100   
00011110101010100001010000010001011100010001110001110101101100011110000101     
00010010010000011010110001001010110001011100000100000101000100100100100        
111110010001101101000010100110001001100001100100100101111100100101100          
10010111101010111010001111000100001010101000000111001000000100011              
000011000111001111001001011011001110100100000100100111101                      