                                                                               
                                                                               
                                                                               
                                                                               
                                     110010                                    
                                10010111010000                                 
   011                         1010010101111001                                
   000110011                  1110010000011111                                 
   1100100000001             01001110011011011                                 
   11111001111101100101      00001110011100101                                 
  1110001101      111111101011110001110011110                                  
  100100010             01100001110000110010                                   
  011011000                     10101111010111011                              
  10000011                      100000101101011001011001000 0011               
 011000011                        0100001011011101 110110010010101110011       
 11000111                           011001011111111         0101101111110001100
 10100100                           0111110010101010      1011101      10010011
 00100111                         000100000000100000011010110001               
 00010001                         1110  010000011111000001000                  
  0100011                         1110110011110000010001                       
  1001100                            101010000001                              
  0100111                              01100111101                             
   0001010                             000100100110                            
   10110010                           1110011110110                            
    0101111                          101001001001101                           
     0010001                       0000101101101001100                         
      1011000                    00101101011110100100000                       
      00011110                 1000100100101101001011100                       
        010101                101001001000100100000010                         
        10011               110100110101011110100010001                        
        10001            100101011000101010110010110000                        