                                                                               
                                                                               
                                                                               
                                                                               
                                    111101101                                  
                                101111100110110                                
    00110                     01101011011100010                                
    1110010111              0010100011001110010                                
     011110110010100     1011000101010001111100                                
    0110010100  0100100010100100111000000010101                                
    100110001        001000110110000011000111                                  
   011111100                   011011101011001011                              
   000110011                   10111011011010111111000                         
   01000001                   0100000111101000000111001110100001100            
   01010100                      1    0000101100010    011100010100001011110101
   11010000                          0110110011100010        111101111010101011
   0101110                          0111100011011011    0100011010           00
   0101010                         10000001101110111110000100001               
   0100101                         1001 0010110011000000000                    
   0010101                          11010011100110  10                         
   10101111                            11000110110                             
    1010111                             01111000010                            
    10111110                           1100101111011                           
     0000110                         0010010010110101                          
      0001101                     01000101010010101110                         
       0111110                10110001110100110111010101                       
        0101101            000111000011011011000110011011                      
        1110010         011011110011010100001001001010                         
         110111       001111010111010101101001111110100                        
          01101     10100100111100010000000101010110001                        
          1001     0001011110100110100000101110111100110                       