                                10000  0111101101                              
                                0000      011011011011111111000                
                               0101          1010001111010011110               
                               1011          0001011        11                 
                               1100         1000111                            
                               0001          101001                            
                               0100         01000111                           
                                011        1101111001                          
                                111       011010000110                         
                                001     10100001011110                         
                                10    00010011111001011                        
                                101   10001011001111011                01010110
                                  0  01111101111001110          100110111001110
                                    01010100110110110    1111001111000011111101
                                            11001001110010000100101110100100001
10111100                                    0001010111100000001010111100100000 
10000101011010110000 1 100 1 000000001000001010110101111100001001011010000011  
111001101011011111110010110101000111010000010101100110101011000000110001110    
10110011101000100011000100001001000100011001110110111010110000100101111010     
111010100010011010100110111110100110001100101001110100010110011100110101       
1111010111100011001110001011000100100100011000001001001110101101011011         
011010011100110010010110001000101111000011001011110101110001000101110          
0010010101001011110101011001001110110000100000001010101110110110001            
100001110        000010100000100001100001010111001000100111100100              
101                             001011101110110101010101100000                 
                                    000110001100001010100111                   
                                             0001001110000                     
                                                  01100                        
                                                                               
                                                                               
                                                                               