                                                                               
                                                                               
                                                                               
                                                                               
                                                                               
    0                                  00010                                   
    01000                           001111101000                               
    101100111                     0101111111010000                             
   10011100100010                00101001111000111                             
   0000010111 10000111        101110110100111100001                            
  0110000000      1001001101   010000100011000011                              
  011101111            010001110001001011100110                                
 100001011                  10111011011000101                                  
 000010011                        0110001000111                                
 01101011                           0000110100110011                           
 00011110                            00101110001000101110100 10                
 0011000                            1001101111101    110011110100111           
 1010101                           1001000100111100        110111000010000001  
 0001110                          01100011100101001     001100100  000101101011
 0110001                         100010010100101011100001110001           10011
 0101000                         10110110111011110101101010                    
 0101010                            100111000111001110                         
 00101100                             01110100111                              
  1010100                              00100110001                             
  01100111                           1001000010000                             
   0011010                          011010000000010                            
    1110011                       1011111110010100000                          
     000111                     10001101011001101001001                        
     011100                  11100110100010010010001111                        
      10101                010111011011101101110111011                         
     01111             10101111011010001101001100000101                        