                                                                               
                                                                               
                                                                               
                                                                               
                                   0111010111                                  
                               111110001011101                                 
   000100                     0000000001100111                                 
    0101111101              010000111010111110                                 
    1010000101001100       1010101111001110000                                 
   0100111101   100000010011101110100101111000                                 
   101110101         11111101110010010001111                                   
   000010111                 1110111111111101100                               
  010110000                     10000100001101110011110                        
  001100000                    1001111100000011011010011010011111001           
  10111010                           1000110100010      00  0101010110110111100
  10010110                          001101100111100         000010  10000111011
  10101001                         00100011110001101  11101010011             0
  10100011                        0101001100000100001100111010                 
  10000100                        110101100001111001000001                     
   0110001                          00011101010100                             
   0100111                            100101001100                             
   01010010                             001001111011                           
    1110100                           00010101101000                           
    01101000                         010101111110011                           
     00000101                      1010000100100110000                         
      1101111                    00001101110111101100011                       
       1101001                01001101100010111101000110                       
        1010010             00001100001001011100100111                         
         100111          011011111110100101111110111101                        
         00111          1010110101000010101110001101000                        
         0001        01110010011101001001111010010111111                       