                                                                               
                                                                               
                                                                               
                                                                               
                                                                               
                                       01                                      
    10                              101111011100                               
    0101001                        10100000010101                              
    01000010011                  01000101001100000                             
   10110111010000011            000110101011010001                             
   010001110    010100110      110101111101101101                              
  0101011011         11010010110 00011111001101                                
  111001001               1110111110001010010                                  
 001010110                      0100010111100 0                                
 100000100                        01111010011011110                            
 11000011                           0101010001101100010011                     
 01101110                           0011111101010  110101011010101             
 00000000                           01011100000010          0110010011011011   
 10100100                         10100111001010101        11110101001011110100
 1000111                          000100110100101110101111100100          10000
 1010001                         0100010101101111111101110001                  
 0000000                           000011111010110010100                       
  1010100                            000111101001                              
  1100111                              1011000100                              
   0010101                            1100111001000                            
   1001101                           10101101001110                            
    1011010                         1111100000110110                           
     1000101                      11010001001110010101                         
      111100                     01011111110010001011111                       
      100011                   101110000110011100101000                        
      00000                 001010101101010011001111000                        