1000110001010110100100110010011100000011011001010101101110110010101010010101101
0010011000100000111010010110011010000000010101010100010100010010000100110001000
1101000000001111100001001110101011110101000011100000     0100101000000111100000
0010000110001010010101101110001110100100100011011010      101111001010100111111
0111010010000111011001001111110111101100110101001011       00111010110111111001
01100000100000011110010100101110111111001110110                 011101001101100
00111001111111011111011101000001000001110011                     10000111000100
0000010111110000110011011101110101001110001                       0110011000001
111100111011101110011100001110110010010101                        1011000001000
11010010110101100110010111111010011011110                          100100001101
011111000101110001101111111000101110001110                          11010010110
0110110111100100011110000000011100000110001                         00010110000
111010010101100010010011111101000000101110001                        0000001010
10000111111000001111101010000111010111000011                         1011000110
110101010110000001000101111010111111110011101                        1101000001
1101000000101101010100100100001110010100101001                        000010000
000100100000101010101100110101010011111110000010                  1   101111000
0100001101100000011101100010101011001100011001110                     101011001
0011000100110010001000100010011100000011000001111                  1   00100000
100001001010111100000010010100011001011100100000                   001000101111
01010000001001000100010001011001110000011010011                 10 111110101001
01110100001001101001100111101100101011110100100             0  0100000110001001
00001111001001111101100       10101100001011                11 1111101111110111
0000101000101000010000        11000001100100                   0111110101110100
1011011011110111100110         0101101011110                   0001001011100010
10110100001010011101010                 01                     1010001101000101
001001111000001000001100                                        10  00111010010
011001101110011011001000010110                                   00101011111111
110100010101101001010010011000                                   01000000001111
10010101000000000000000110010                                     1101011111100
001110110101010100100101110010                                     010010110010