                                                                               
                                                                               
                                                                               
                                                                               
                                    011010000                                  
                               001010010011110                                 
    00111                    010001110011111101                                
    1111011000              001001111011100111                                 
    1000001100010100     011010011001001011000                                 
    111010100   011000010100011010110011010001                                 
   0100011100        001101000010111110010101                                  
   011011110                   01010010111011010                               
   11001001                    10011010011101001000001                         
   11100110                    001110100010010010111111011010011101            
  010011010                          10001110010111    0110 0101001111010100001
  10010000                           111000010000010         01011 100000110101
  00011111                         000110101110101101  0010001110            11
  00010111                        01000 01111010001111001010011                
   1011110                        00100 0111011110000111101                    
   0110110                          01100111100101  11                         
   0110001                             10011110000                             
   01011100                             00100111000                            
    0111110                            0011110110000                           
     0110000                         111111100010101                           
     11110101                     10111110100001010001                         
      11010000                 0001011011100000000000011                       
       1000100             01100011100011101010010011000                       
        1001111          11011111100100011101100101010                         
         111100        10010011010110001000001100100011                        
         00110       1001110001101111011011011111010001                        
         11000     101001000001100101100001111110100111                        