                                                                               
                                                                               
                                                                               
                                                                               
                                    00111000                                   
                                11111011001110                                 
   11011                      0000110100110111                                 
   0111101011                01110110101001110                                 
    00000011010001          110010111111101101                                 
   0011101110  10101011110  101101011100110111                                 
   101001010        101011000100001010010101                                   
  000001101                  000111110010101110                                
  011000000                     101111110101000111001                          
  00111100                      0000011101100111101000101100001000             
  01001101                        1011010110010111   11011100010001101011100100
  00010000                          101000110000001         0111110101101011101
  0111111                          11111110110111011    101010111          0011
  1101100                         11100010001011100100000100011                
  1011111                         1110 10111100011110000100                    
  1100010                         0111111000001111 111                         
  10000100                            101000110000                             
   0000001                              10100010011                            
   1010011                             111101111011                            
    0011100                          110101011110011                           
    01110101                       010111110001011010                          
     11111000                     11110100010001110011                         
      0101101                   001110110111010000100010                       
       0110111                0000111111000111101100111                        
        110100              00000011101001101111010100                         
         01110            110111011101011000101000100110                       
        00001           10011001010010010001001011001101                       