      11011001                  11011000010111101111001                        
      1101000                   10010101001011 010011010010101001              
      1100010                       11010010101        11001100000000010111010 
      0010111                      1000011101110 00011011111     11101110000011
      001001                       0010110100010000001001                010110
      100000                      0010111110101100101                          
      011111                     10010001110010                                
      011011                     00011101001101                                
      1001101                     0000001000100                                
       101011                        11110100111                               
       1101010                      100100000110                               
        110110                    010111011111111                              
         110010                 1101110111111110010                            
          00000              01100011011001010001001                           
         00001             00101010110100100110110                             
         1001            0011101100101000100101110                             
         0111           11111001010001100110110010                             
          101          011011111111010101110001101                             
          1001        1110111100100111110000100010                             
           010100      011000101110100000101101011                       111001
             00010     01000001001011001111101100                 0010111010010
                      101111101010110010010011             00010011101101100110
                     1001000100000010001000100     0001101011100010110101000011
                     1010001001100011101011101010111001110001111101010111100111
                               110100100100111100001000011001011101011001011000
        1 000101100111011011001101110111100100000101111011110110101001110000001
1110100111111010101010001001010000111010011100111001110101011011111101011100001
0001000001101100001111010001000111001001100101100100001111110111101111110001101
0100000001010010101000000000100100001011111010011111110001101100110001011100001
0111000100111011010110001111010100010111010111000110111011110101011101001100011
1100110110010011110111010001011100000011101111110101011111011001101000110101011