0010011100100000011010010010101101010110101110110101000101110101101000010100110
0110111110100011010110100001110001000111101011110100101111011011101011101011001
010101101010111010010001100000000101010000100111110     01101011010000111011001
001111010110000001001001110100001000001010001000110      0001010001010001110110
110001000000100001010110000111001110001011101000011       111100010101101011011
10110000111010100100101011001110010110100101110                 011111010100111
00100111010010110010011001100101101110010010                     00000001001100
100100000110110001111011010000111110110001                       01110011000100
111100001101111110101001011010100111100100                        0011111100111
01110100100100101111000010110110110101000                          010001011100
11000100010111001011100111100010001111001                          101010001111
001101111101100111000001110000010110001011                          10001010101
111111100111010101011100111100101111100010001                       01011011000
10011000101000100010111111011111001110101011                        10011001110
010100011100000100011011111110100100100100110                        1011010110
1110010011010011101110011011001001111011111101                       0111100111
011001111000100111111110111001100100001100000101                     0111111110
101000111000000110100010110011010111110100000111                  1   110011000
000101100111101001111011100000100011001010000000                  1001101110100
011100000010000110010011100010100000001011010101                  1100000001001
00100100010111001011011011001100110001110110100               0  0 011000100101
1100110011111010110001001     10100111111010001             0   110100011110100
1010100111010000010001        10111110011100                1  0101111111011001
0110000110110001011111        11000011000110                   0111110010000001
1110111000110111000111           1000000010                     110011111000100
100100011111000101110111                                        111101011011010
11100010101001010011100100001                                   01  11101001000
11111101011111000110011011010                                    11100101011101
01011111111000111011010011001                                    00000001110101
00110001110010100111110011010                                     1010101010110
1010100000010011100101000001                                       110010101111