                                       0001111001011001110001111010000001110100
                                       1101011011110011001010011101100110010101
                                       0000101001111101001110011001010111000100
                                       1001101101001101011011000110110100101001
                                       1111100100000111000110111010100000011100
                                       1011110011101000010010011010100010010110
                                       0100110001001001100110001101100110010001
                                       0011000110100110000011011000101101111100
                                     000 00010010001010111000110000111001111110
                               100001110   00  11111110101111010101101010000000
                                10001001      100111010101010010100111011110100
                              1000101101      000101011010011000000101110001110
                               110010011      100100000100001101010000001111010
                              0110001100       01011001000110100101101001001100
                              0001101101      1 1111000110100011110001111111101
                               011111010    10110011111001010010111001110010100
                                 1011010 00 10110000101000110001011001011011001
                                 0010101     1011110100010100101101110011111001
                                11001111       10100110001110111100100011010011
                               111111100       01101110100101111111101110010000
                              0011111110        0100000101010111111011011010010
                              0001001111         010001001001100011101010100010
                               010111101       01101000100010000100001011001101
                               110010011       10001010001110111011001110001001
                               100001001       01010000011010000001100010111100
                               001100011       00111001100111000011000001110111
                                 0010111       10111110110010110100101011101010
                                01011001       01100100101000011001011100010110
                               101011011       11011001100000110011111010010110
                              0101010101        1110010111000010110111101011001
                              0100100101        1111001110000100001000011011001