                                       1010101001110000111000001001010110110110
                                       0011110100011101110011110011011001010001
                                       0010110111010000010011001000010100110011
                                       0100101100111000100011000001111000001001
                                       0111000111100010111001100000000000011001
                                       0000010001001001000000101101100100110000
                                       1011100001111111001001111011000100001011
                                       0001111101010110100101001111101000111101
                                       1011111111011011011010000001100100101110
                                       1010001110000000110001011010000011011110
                                       1001110101001101000100111011010101101111
                                       0101110111010110101100110110000101111011
                                       0011111110101010001011011001101010010001
                                       0101000001100001010001111111000110110010
                                       0010000010010001010010100011000010001001
                                       1011011000110011001101101100111100100010
                                       1010100100110111110111001101011101011111
                                       1011010100000010000100110000101101110110
                                       1110101100110010000111100001001010011111
                                       0100001000100010111000011000011100000000
                                  111000000100110111011101100010110000010000011
                                01000101     1000110001010011100011010011000101
                              0111000010       11011010011100011011010110001111
                           1010100000100         110011100100010101110010111001
                          10101001011011        00  000101110101111000111010001
                          1   1000000101        1101100100001100111111011111100
                             11111101110         010001111010001111110100011110
                             01100110111         111011100000110011100100010010
                              1110101100        0101111000101100001000010011001
                               110100001       10110010001001001000000110001011
                               100010111       01111001101000010001001101011111