                                       0110111001110101001110011011101101111010
                                       1101001101111001011010100111111100110001
                                       1100011110110000110110001111101101001001
                                       0100110000110000010000110010110011110000
                                       0101010001001001111111100101101110010011
                                       1010010101001011110010000011110010101100
                                       0110010010110011110001010001110001110001
                                       1100100101110001010101100000101011101100
                                       1010011010011111010011010001111101101010
                                       1100000101111100000011010010000010001000
                                       0010010000000111001000000010010000100000
                                       1011001000011101010100100000010100000100
                                       0110100000000110100001111000100010110000
                                       1010010111000101101110001000011100010001
                                       0001101100011101011000000100011101111000
                                       0110100110111010000100111001011010001111
                                       0111101100011000111010010010100011100011
                                       0101010110100001001010011101001100001001
                                       1111001110001101000001010101010001010101
                                       0010100110000111110011110111101101011110
                                       1110111000110000101011000101100101001011
                                       1111110110101100100110101000001110111110
                                       1011100010100000010011101011000100101111
                                       0110001100110111101110011110001100100010
                                       0010000101110100001000001010110110110000
                                       1011111100110010100001100000000110111011
                                       0011100110100010000111010101000000110110
                                       1111101010100111001010000110010101010011
                                       1110101010100000111111100110000001101111
                                       1110011000110100011010100001111100100100
                                   11010110111011011100101001111100010001101111