                                                                              1
                        0000  0                                           00110
                      10000111110111                                    0011011
                        100001110011111001                             11110110
                        01100000101110111111110                       001010110
                       11001000110011010001100100001100              0100110010
                       1000011100001001       001001010100010010     0101101111
                      01001111110110001               0110101101010100110101111
                      1111011101000010                         0011100111111011
                     00000100111001010                               1010001010
                     0111101001010111                                01110  100
                      10111011001110                                 01   10000
                     010111000011101                                      01111
                    0011101000001100                                       1110
                    100101011110000                                        101 
                    101100000110001                                           0
                    010011001111000                                          11
                    111011010100000                                        0010
                    110101001100011                                      100110
                     00000001000100                                      010101
                      1010100010111                                     1101011
                     10110010011001                                      001111
                     10001101011001                                        0011
                      1000100111101                                          11
                      0001100011100                                            
                       0110001111100                                           
                       1011110101001                                           
                        0000010000000                                          
                         111111100000                                          
                          010011011011                                         
                          0100011001100                                       0