                                       0001000101100000101101001111011110011110
                                       0000100000001110101100111010000101010010
                                       1001000000110100001110000010010000001011
                                       0110100100100000110001100001001010101111
                                       1000010010010000100100001000010001010001
                                       0110100001011110101010010101011100000111
                                       0011110001111111110001010101000100001100
                                       1010001100101000010100000000001101101001
                                     011 11011010011110011110101101001000110110
                               010111101    00 11000010101110001110010001000010
                                00100001      010010111010000110010101011011110
                              0110100110      101101000101111010101110011000101
                               000001000      000011011011111000001100100111011
                              1000110010      000101001110100100110001100100011
                                00101001      110101011011100000011001101011111
                               011110011    00100000111111001010111010000010000
                                 1001101 10 00001001111100111000101010011111011
                                 0100111     0111101001101100000000011001101110
                               111010101       01110101110000000111001110011011
                              1011001101        0111100110101101001101000011000
                              0110101011        1100110101100110100011011000111
                              0110011000         000100101111000001011101110100
                               100111001       11111101000111000110100110100010
                               010000011       01110110100010001111101010001000
                               001001111       10000010110111010100111101010010
                               000101000       00101100111001011010001111100110
                                 1110000       01110101011011111110010000110010
                                11111111       00111111001101101100000101110001
                               001100001       10000100011010011101000001000000
                              0110011101        0100011111011101011011100111010
                              0101010110        1000100101011101100000001100101