                                                                            001
                        0                                                  1111
                      111010111                                        01100101
                       110111111110001                               0001010001
                        000000010101111100                          01001000100
                       111011111010110111010011011                  01000100010
                       11000110010101000  1110010111000101         010111111001
                      1010101000010100            00000000101110000010100001100
                     11011000000000100                    001000011010111110101
                     1000010000110001                              011010001111
                     110100110000110                               00001 010011
                    0101010111101110                               10   1001100
                    101110011000101                                    11001011
                    101101101000100                                    11000110
                    01100011110001                                      111 110
                    11101101100010                                          011
                    01110101101100                                         0100
                    11100111001100                                       000110
                    11111000111011                                     11000100
                    00101100001010                                     011010  
                    11101111100100                                     0110011 
                    11110101101000                                     00100000
                     0010101000110                                       001110
                     1101100110101                                         1101
                      001000001001                                           10
                      0111111001001                                            
                       000000111101                                            
                        111000010100                                           
                        1101100110010                                          
                         011000101101                                        01
                          0000101101101                                    0010