                                       1101000011111100000101110011000101100111
                                       1101001101110010101110011011000101011000
                                       1010111101101010010010001110001010110010
                                       1011001011110011111101001110100100100110
                                       1111011000100111110010111011100010101010
                                       0101110101000101111000100110000001001000
                                       0100010000011100100101101010010011001100
                                       0011010110010010000101110010110110000011
                                   10010111001011101100101011101001010000011111
                               010110010    11000001010101000001011110001101101
                               110111111       10111111100000110110001000010101
                            001001011100         110110010010000110111010010000
                            10 100111011       01 10111010001111101001101110111
                             10101010000       11001111000001010100110110111000
                               001110000    01101100010000011011010101011101100
                                  001011  1111001110010111000011011100101001011
                                 1100110  11 0010111011110100111001000001010100
                                11110000       10110101111110101100101111010111
                               111001110       01010000010111101101010101100010
                              1001011110        0000001011101011000101100100111
                              1010011011        1001110010010001000100000010010
                              1101001111       01111111111001011011010011011100
                               101000001       10100110000101000000100010101010
                               010010010       00110000001010110111000011000110
                                10110010       01101000111110100101101000011011
                                 0001011       00010111100001010001100110010010
                                11010110       00110000110101111100010001110001
                               101101100       11100111010000010101111011101101
                              0011010011        0001001010000011011111100100011
                              0100111001        1001101000001100010000010100110
                             10001001110         000101011011010111000000100101