                                       1001001010110010100000111000111011000111
                                       1101010111100011100011110100101000110001
                                       1010101111111100010111101101100001001111
                                       0000101010000001011000000001001000100101
                                       1001001010100101000001111001001000010101
                                       1010100010011111001000001010010100110010
                                       1101101100000010101011100000001001110110
                                       1010011010011100001011110110010010111110
                                       0100011100101101100001010110000111010011
                                       1110001010111011010101000101101001110110
                                       0011111111001110111011110011111000000100
                                       1010111101100011011110000111000110101110
                                       0011110010011101010010000000011000010000
                                       1100111100110010110110001100110000000000
                                       0111100001000010000111001100110111000000
                                       1001001011000001010001111010101101101111
                                       0101100011101110001101001010010100010110
                                       1010101011001000010000101011001111011111
                                       1001100101001011010010011010111100111001
                                       1110000001110000111100101010101101011010
                                       1011111111000101001011000010100101111010
                                       1101100100110010011010110001011111110111
                                       0001111110111100111010100111011010110000
                                       1011101110010100100111000101010111111001
                                       1000111000000110000011000101101101000010
                                       1100100110001101000001101011111010010110
                                       1101010101101100011110111000011001111111
                                       1010001111111011000000011011110001011011
                                       0010110000001101100110100101010110010100
                                       1010100110111010110011011011001010111010
                                       1010000101111010110111110010001000000000