                                       1100100111011010100100110101000110011010
                                       1000100010101000000011011011111110010001
                                       0011000111101001000110010011111100011001
                                       1101011100110100000000011110010000010110
                                       0100101101111011110101110001100101010000
                                       0001001111111000011101000111100000001011
                                       1101111110110000011001111111110010110011
                                       0011000010111010111010110110111110101000
                                       0001011010111000010111011000110100110011
                                       1111001100100011000111110001110101110110
                                       0001100101100100101010101001000001011010
                                       1101111011000001001011111001000001110001
                                       1110101100000011111100001011010110011111
                                       1101001010001000011001101100001001100110
                                       0111001010010010011001011110111110110001
                                       1111010110010000010011010010011101000011
                                       0000101100011110100000010110110101110111
                                       1110101000011110111111111100010110010100
                                       0001010101011001101111101010111111110011
                                       1101011101001111100100111111110101001011
                                       1110111000001111100101100000001101101101
                                       0101011110111111100010110110011011101101
                                       1110010100001001111001011010100110010100
                                       0110111011011111111110110000000101000000
                                       0011111000001000000010100000110000000110
                                       1111111001111011010101001011011001010101
                                       1100111001100101111001000000001111100000
                                       1100101001001111111111100111011000111100
                                       0011000101100101011011101111101100101100
                                    0001100111111100001000001011101000001000001
                                 1100101    10111001011100100011001010000011110