1100100010000011010001100100001011010001010010101111000101111101111100110110111
1000010110110011100100001011001001100001010101101110101110000000000110010011001
101010011110101101101011101010010100000010100010    011111010010111001010100010
000101111000001001100110110001101011001001110001      1010010100110111110101111
101100111100010101111111001110001100111111000110            1100000000010100011
10101101001000010001100110110000010100010001011               11010011101011111
0010010011010001111010111100000011011111011                    1101100110101100
110110100101001100011111000101001101011011                      110000101110100
00011110110101101011111010110110000011111                       001110001000001
0111110000010011101010100010100001101111                         01000011011110
1000000101101000110100111010101011101010                          1011001010100
11001100001100111000100011010110111101010                         0110110001001
1101000110110101001011010010111110011011110                       0001101010010
10010010000010001011000001001010101001101100                       111110011011
01110100000110111100101001111010100011111111                       110011100000
111011101110111000010000100011001110001010101                      111001011000
11001011011001000101111111101001001001001100001                    110101010100
11100111110010111001010000000010010011110110110                1   001101101111
010111001011100100101010001010100011001101011000               100 000101101010
111110101101101010000100110111111011101011111001               1101110101111111
001001111001110101000001      101110011100011100             1 0000001001000001
0001001010100101110000        1011110010010100                 1110011011011110
0100110000111011110111        00111001010001                0 11000000101011011
1010110001001101001000            001010100                 01 0101100010110000
110000110110111101010011               01                      0001111110011011
10100010001100011100011111000                                   111101001010011
0101011010101100001011011001                                    01  10111101001
0010010000101101001111010101                                    110101101011110
011010101011110101010110110                 01                  111001110011111
101101101110000010100110111                 01                   01010101101000
1001011011111110100100100                  110                    1111001001010