                                       0001100000011110110001100101001001111010
                                       1000011101100101011111010011010111000111
                                       1001000110010111100010110110110110100110
                                       1110101001011101101111001001111010000001
                                       0111000101111011011101001010000001011100
                                       0000001100100000010100111000101101100111
                                       0000011000110010010111111100000101000001
                                      00000001010110101001110010011111100000011
                                01 10100 10110100111111111011101011110011000011
                                00011010       01000110001100100010010011100110
                              0000110011      001011111010100000111111011100010
                              1111110110      110000111111100100111001100100101
                               100100111       01111110000001010100000011111011
                              0101011011      101011101000010000100011101111100
                              1010100011    10010011000100101110100000001110100
                                00111100 01001 10010110001111111000110010000111
                                 0110110 010 1101000111111111110111111100011110
                                10011001      110010010011110101100101001110000
                               001001000       01010111101000000000110001011011
                              1100000011        1000010010001011100000001110111
                              0111001100        0110111011011100001000111111000
                              0010001110       00100101101000011011110010011011
                               001100101       01000111001000010100010110110010
                               100011101       00000000010110011000111010001011
                               101010101       00101000011011011011010000011010
                                01100101       10111000010001100010001100000000
                                 0000001       10011101101111010010100110011110
                               011111101       01100011000001011011101011010110
                              1100101011        1101011000110101011010101110100
                              1010110100        0111110111100100111100000111110
                            100011101111         001110000101011110101010101111