                          100000001011110100110                                
                          00111010110011110011111101111                        
                          00100000010011000001010101011101111   0              
                         0001000000100111010000010101000110100101010111        
                         1011011000101110100             0100010001010010110000
                        10101001101100100010                      1001101000100
                        1111001110010100011                                0101
                       00111100111110100001                                    
                       1110111110010100110                                     
                      0111111011010011011                                      
                      1111000100000001101                                      
                      111010110000111110                                       
                      010110001101011111                                       
                      010101010111111001                                       
                      10000100111101101                                        
                      10110011010101110                                        
                      01010100110100101                                        
                      10001110010100001                                        
                      10110010110111011                                        
                      01100011111000111                                        
                      01110100110110111                                        
                      00000011110111100                                        
                       1110010110100000                                        
                       0001111011110101                                        
                       0000100001111011                                        
                        1101110111000101                                       
                        1110110110101000                                       
                         001100011011000                                       
                         1110010011001011                                      
                          000100101000101                                      
                           100101110100100                                     