                                                                               
                                                                               
                                                                               
                                                                               
                                         1111001111                            
                                     000000111011001                           
       11100                       101010010100011011                          
       01010001101               0000000001101011100                           
       1010111101011000        010000001101101001101                           
       1001000011  001010101011101010011110010011110                           
      1100110010         1100101011111001011001101                             
      0111010001                 001001110100000011101                         
      010011101                     101110100000011010101                      
      111110110                     1111110110110111001101101111111101110      
     101001000                       011  110100011010010 010111001011101011110
     110111111                            0111111101010011          01011101100
     111001100                           01111001100110101        01001101     
     011001111                         111011001100101000011000000000101       
      10001000                         11100 111001000101111000101100          
      00010111                         10100111100000111001111110              
      01000010                            00011101111010                       
      00000010                              1111100110001                      
       00010000                              0100101101111                     
       01010001                            100000110101101                     
        11101100                         101111010010000011                    
         00101011                    10111111000001010011110                   
         11001001                10010111001011000100011001101                 
           1011000           010101101011101010010000111011110                 
            0001110      001101011011010000011010010000100000                  
            1011101    001001011011010110000101001110010100111                 
             11010   000010111011001001110000000101100001111100                