                                11000000100110000101011100011011010000001001000
                            1   11111000011111100100000100100001011001101010000
                           0111 01000011011100000100101000001000010010010111110
                           1101 10010110111010101011110110001000000001110000101
                           1101 11010010100100000100111011010010011111110110011
                           0001 01010100001010101101100110101101010101000111011
                            011 00101101110110111110011001001111001101010000011
                            011 10111110010101110111101000000110010110011000010
                            1011 0111010011111100010110010010010010010100111110
                            111001101100010011011011010010111110000011110111001
                             10000010001010110000000000001111001111000101100001
                            011000111000110110010111001100111000111101001110101
                            000000101001001101110001101100100111001010110111000
                           1010100010011110110100000011110100101100101101010011
                          10111000111111000100110111101011010010001100110111001
                           0100111000101100111010100101011101011111010100111011
                           0110     0110111110011111101011111011100000011101000
                           10011     00 101000001110100011001110000001101001100
                         1110001        101100110010110010011101100111010001111
                         1010110         10000110001011001100100010010001100011
                         0011100         00000111101000010110111010011000001011
                        11100100        111110001100000100000100111111010000000
                         0100000        001001100001110000100111110101101000011
                        11110101     011111010001001111110110000100110011111011
                       010001011     101110101110101000100011101111100110011100
                        00111111        000110100010101110101010110000101001001
                          001101        011111000100110010110011110001001011101
                           11011         00111001000000110001001010010100100011
                        10 10010          1101011011100000110100110011111010000
                        11  1000           100010110101011110110010000111000011
                        10   111        100010110010000101010101011010001001110