                                       0110011100111110101101100110110000101100
                                       1000110110101110101101001110001101100001
                                       1101001011010000001010001011111001111101
                                       1111100110001001111011011001100100110100
                                       0111010101001100100001011111100011110110
                                       1011100110011000000000100000111111000001
                                       1110010101100111000101010101000110100111
                                       1110010011000110000100010001001111100110
                                     001 10001111000001101100111000001011000111
                               101111010   11  11110101001111101011000000101001
                                00111010      111101111000011111101101011001100
                              1011110011      110110100100011101110001000010001
                              1011101111      101011011101001111010011011111110
                               101011111       00000110010100010110000011000010
                              1001111111      0 0000001111111111111010110111001
                              1000100101    11011000000111010101100001110001110
                                11110110 10 01000111110110111110000110001111011
                                 1001101      001001111111010101111111100111111
                                10101101       00110001110100010011000001001000
                               111111101       10101110010001111101100110100101
                              0111011001        0000001001100101010100111011001
                              0010001001         010100011100100110111100100111
                              1111000110       00000110011010010001111111000101
                               111011011       00000111101010000001010101101111
                               000100001       11001111101111101101010001111011
                               000011000       10110000010110011000000011101111
                               101011010       10000010010101000100001000010010
                                01000111       01000001000010100110110010110001
                               010100101       10000001111100010110010000001001
                              0010101011        1011101010111101111110011001000
                              1100000110        1110111100011000111101011000101