                               010011011100100110100010101110110011110110000011
                          11   000101111001011000100111101111010101111010100111
                         1000  011110101000011010100111010101100100011110100110
                         01101 011001001100000001111111000000111000010111110101
                          0011 111100100100111100001110100100010010011101011011
                          1011 101011001000000100110111111110111101000110010011
                           0000100100110101011000111110101011000001001100100011
                           0000 10101100101010010100111011110101100100101001111
                            000010101001001111011100010100101111110111101111011
                            000100110011111010110111000000110000010001100100000
                             10100001001011111110100001110101100010110111100101
                            0011 1000010000001100110100110011100101101101010101
                            0111 0100000100001001010111110100101011100100010110
                            1101 0010011010010111101001110111101111100000000111
                           10110 1000101110100110011100001100011110101001010101
                            1001  011001111001011000100011100010010100000100101
                           01101     11 001111110000111001111001101100000111000
                           10110        011111100000101000000000001110001001001
                         0000011         01110010101110000000100110010101000001
                         1100011          0010110111000000001010110111001101000
                         1010001         10101000100101100101110001010101110000
                         0101111        000101111110110101010110100010110010110
                         0111110       1111011000010000000101101101001101111000
                         0101101      01010011011101100110000111001000100101101
                        10111110        000010110111100001101111101011111100010
                        01100010        011001110100000001001110100101101010011
                        01 10101        000100111110001001111010100110010000111
                        00 01100          0011101010111000010010110011101110000
                        10  1001           000010100010101011111010111111010011
                        11   010        110001100000010000100110000000010111101
                       111  1111        011000111000001100110000010111110000101