                                 1100010101111000010010100000110111001010000100
                                 0100010010011011011110101011110011001001001110
                                 1101000001011001110100010101011101011101101001
                                 1011101111011010011000101110100110110011001111
                                11 01101100001101110111001001011010110001101011
                               010 11110100111001001101100101011001010001010100
                               011 01101000100010010010100101110010011001001000
                               000011110010010100001010111110010001011011111111
                               110 00000000111100101101011101010110001101000000
                               001100011011110001010000000010000001000011010011
                               101110101101101001101111110001011001010000101110
                               010101000110101001110011010001011100100001010010
                               010 01010101010111010101001000011011110000101001
                              1001 00110100101100111101101011100011011010101110
                             11001011011110110000110111100100010011010011011000
                            101011110111100010010011100110001010101111001111111
                            101110001101011100000101001001110101011010100101100
                            000111110111001011001101000000111111001011001001001
                           1101011   110101011001110010101100110010101010011100
                          00101110      000010010111111011111010100000100101011
                         010000001       00000101101110011100000110111001111101
                        0000010001       10100100100110101011001010111000010110
                         100001110       00000110001110100010010110110000111111
                         110010011      110000101111011110010101001110010010010
                         001111100      011000001111110100011011010001100101100
                        0011011000   100111100100111110101101111110101010001011
                        10 1110110   010111100110011101100110101001001100111010
                         101111000      000110111111110110001001010110011001110
                          01010101      010101010101111001010111011010110010100
                          01011110        0011100110000100101000100100001101111
                          01000001          01001101000001011000100101001101100