                                  100111100011111000001111000111001010110100001
                                  011111111111001011010111000100011010101011010
                                  111000111001000101010011010100111001011011010
                                  001001111100000001110101011001110100100101010
                                 0010111100110100111001000001011101100000100101
                                101 0010010000110001111101100111010111010011001
                                011 1100111010100001000010100101110001011111110
                                000 0001010101001001100110110111010011101101111
                                01111111001011000001010100010011001101111010101
                                01010000010110011011001101001111001000101101101
                                10111000000000000100010011000011100110111110010
                                11101100101001100001111011101010111111011010101
                                01111000001011111111001101111001100000110101001
                                010 1010001001110010111100100001011011000001000
                               1011 1011100011011100001111110100010101101110000
                              1111011101110010101100010001101110110110110101001
                             01011111000011011110110010001110000011001110111111
                             10010111001100011110110000111011000010110100110110
                             000001 0110011111001100110101101111000100010010100
                           10100011   00110111011010110011001011100111101010001
                           01101010      01001101101011011101010111100010101011
                         1001100000       1111111101000100001001111110101010111
                         0010011100       0111100101100010010010011001001100010
                         1100110100      10101001000111110001011100001111000101
                          010110101     110010110110101100000011110001011101111
                          111011111      11110000111101001011011111100000110011
                        00010010010   00010001101000010100110100001101010111011
                        10 11010011   11 00100111101000110100000111111000101100
                          011011000      00111011001110110001000100100010110010
                           01100001      00110100000011101010111100111001001000
                           01001010        101010000011100110011101101010100011