                                       0011101110000011101010111101010011011010
                                       0110011110000000010100111110110110111000
                                       0000101000000100100111010101011001000110
                                       1010110001100110101010101111111100001001
                                       1100111111001010100101111111001000101110
                                       1010010010110111111111100110110101011010
                                       0101011100001011110101001111000101011111
                                       1110000100001111000000100100001011110111
                                       1110101010100111010101100010000001100000
                                  10  101  100010110011011001111010011010010000
                                  111000          11011111101111001110100101010
                                   10110         110010010000011010101100101110
                                  100100          11010011111010101101100010010
                                01000111          01010000010101101010010110000
                                00000011       0 11 000110111000111011100100100
                                  011110       00001111011010001011111110101100
                                   010011   00001110011001001001111101111010001
                                  100000    01110101011000000001100001011001011
                                 1111011        0011010100001000001000010000110
                                 1110110        0101110111000010100011101000011
                                 1001001        1010010110111110110111000101110
                                   11111         001101111100001101010101000110
                                  010001             00111111001011110000110000
                                 0100011      1 011     10111010100010100111100
                                 0000101       111100  000011110001101110111110
                                01101100        1101111100011001000010101110111
                                10011000        1100001011101100111100010100111
                                11101111         001000101010111010110101010001
                               100010101          10100100011011110110001011010
                               101110111          01110101000100110001101010110
                              1001010101        0101010100011101100011010000010