                         000001001001111001100110111001110000101111001000010010
                         001000011111011001011000101111110111111001001100101011
                         100011001100110100110010100110011100111010111011011001
                         011001001000001110111101000001111100111001101110011010
                         010101101111000111100101001001001000011000100111000000
                         010100011000100000111110010010011100010110000010111001
                         001010001011101010101000111101100100011011000100111011
                         011000101010000001111001110101000010110010001111110110
                         01001010   1101110101011101001100111101110000011100101
                         11          101011001001001010111010101101000001100000
                        011            1111011111000001101110101011111100111011
                                        101 10011101111001110101111101100110110
                         1              010110001001011001111101010001010011011
                         00              101 0100111000000001011010111010001110
                         0000         110   00110011001101000101001110100101111
                         101001 11    00111110   101000000010111010110110010111
                         001010          01101      100010000110110111110000100
                         101111                     011000100100110010101011000
                         000001             11110001011000101001010100011110000
                         111101              1011100111011000001000111011111011
                         0010  1           101111010010000010000000000000001101
                         110  11           001100100001010101010010010001001011
                        011  01         01   0010100001011100111110001000100010
                       1000 10           11   101000001110010110111100010000010
                         0 011          00010   0001001101001111011001100000111
                        1001             1001001   0011010111101110100100100101
                         111             100111001  100110010011100111011000110
                         11               111001001 000000010001111101101010000
                         11                100111000100001100010100110010100100
                        10                 010100000110010001010011101010110001
                        01                   0100110101100101010100101011010110