                                       0000111011010111110101010011010011011111
                                       1110011111011001010101001011110110111111
                                       1111101010000100000101111110101110111111
                                       0111001110000001101011100100011001010000
                                       1011001101000111100111111010100011001101
                                       1101011110100010111100110100001000011110
                                       1110101011100100111011100110100010011001
                                       1010110100111111111100000111111000001011
                                       1011110110100011100001101101110001110110
                                  01  1101 001010111010010100100011011001111100
                                  101000         011101111100011110101101101010
                                   11100         011001101110001000101000011000
                                  110001          01110000011111000001011000000
                                11000011         000101100001010011101000010001
                                10 01110       1 00 101001101110011100111000010
                                 1111010       01000111100011101110110110100110
                                   000111   11010011100110111100100011000111110
                                  101010    11101111001101011111100111001101110
                                 0010001        0001000110011000001100010110110
                                  100001        1110000101000011100000100000001
                                   11101        1001000100001011001010000101111
                                   10011                01001011100010010110010
                                   10001       1  00     1110001111011011010010
                                  010000       01100011   101100100100010111101
                                 0110001      111110011010  1001111010100011010
                                 1100100        1111011000010110111101111010110
                                10100100        0001111001110100110001011100111
                                00010101         001010110111001100000010100010
                               110001011          11100001011100100010111001001
                               010011001           0000000110011111010001000001
                              1100010001         101110101100100000111100101111