                        1111011011110100011011101101000010111001010111011100000
                        0110110101010110101000010111010110011110000011010100111
                        1011110111001111001010111101011101101100000101100100000
                        0101101101000000000101100100110010001100101010101101000
                        0000001011000100000111111010011110110100101110100110000
                        0010101111011110011000111010101011110101000100101001101
                        1000010010010011110011000001101010100110101001100000110
                          011     001111011010000010110011011100010100110010111
                       10          01000001100000111000000110000010010011101111
                      111           1101001011100011011000001011000001100011110
                       00            011111001110101011000011110000000010110100
                      001            001000 00111100000011011111100100001100100
                       00             1100 101001000110100000100100010010111101
                        0001        1100001100101000001110010000001100010101111
                        1110 11     0010011            100111111101010000110011
                        0111                       0100100001110000110011111011
                        0101           1100000100101001000110101100100001110000
                        01100           001010100000000100010110010001111011010
                        100010            1110101000000100100001001000110011111
                        110011          001111100111011000101011001100011110011
                        111001            1101101111100110111011111111101101001
                        0010           01   10011111111000011101110100110011110
                         00           00101   000110010001010100001011101110101
                        111           1011000  00000011101000101010101010111100
                        01              0011001 1100101110101011101011011110000
                        00              10111101 011101011110111100101110000011
                                        110101101111101101000000101000000110010
                                         11001001000101111111111101011111010100
                       01                 1101001100001001001001110110010011111
                       10                   01101100001000111010000001011101101
                       00              1  1001110100101101011101100110100001101