                                       0101011011111000011110101010001101010000
                                       1111010101101001001100001000111011010010
                                       1000110111010100001100101010111100010000
                                       1010101100000010101011110000001001010010
                                       0101100001101000100011101000101111100010
                                       1101100000011011110000100111101011011111
                                       0100111101111011111000010111011110110011
                                       1011111001111110001010100000110011001101
                                       0001100011101011101100001001110110010000
                                       1100011011101111011101110100011000000100
                                     010   100101001111111100101010100100111110
                                  110100         001100100101011101110101110001
                                  111100         100000110000110010101010101001
                                 0010000          00011000010011001110000001010
                                00010001         11 111110000100100101101111110
                                10010101       0100 011111110111110101010111011
                                 1110110       00 11000001011000001010101010001
                                   00110    11101101111000010111100110010000100
                                  101011    101000001    0111110000100000011000
                                  000000            0      00001110011101100100
                                  000110             1     01101100011101101011
                                   01011        0001101011   010001010010011101
                                   00011        10011100011    0110010011111001
                                  110011      11  10011001000   000111101111100
                                  110001      001110110001110101110011100101110
                                  111010       01100011110101100100111101001101
                                  001010       00011000111011100011000001000110
                                 0011011        0100010010000111010001100011100
                                01000000        1101010011101111100100101011001
                               010111110          01110011000111000100001011100
                              0111000000        1  1101100110000110001011001100