                                       1111010010010011101101101010011101010011
                                       0001000111111001011110101101010100110010
                                       1100011101010110010011000011000110101100
                                       1110111101101000111110011011111111010011
                                       1001011001100110010011000110100010101000
                                       1101010001011010111111011110000011101011
                                       0000010111010010011011010110111011110000
                                       1000010100100001111011011011000010101001
                                       0010111000100111011011101001010011111110
                                  10  1101 001000101110111000001001110101111111
                                  110101          01010011110101001110011010011
                                   11011         000010100110110011100101000100
                                  001100          10011110111111101001000100010
                                01000110           0010011001000010010010000011
                                10000011         00 111000000110010001100101100
                                 0010011       00111011001011110001111000100010
                                    00111   00001100101111100010010101011011011
                                  100111    11111111100101110100010011110010101
                                 1100100        1010101100001100000111100010100
                                00010001        0111001000111111110010100100001
                                 0110100        0101100111110111111001111001011
                                  010000         011000101101101010110010001111
                                  001100       1 011001111000000010111010000110
                                 1001111         1100   10110011010010011111011
                                01101101                00110100100010100111000
                                10110010        10   11001101110010110010000110
                                01100010        0011100110000100100010101101100
                                00000000         000001011011001111100100001110
                               110110100          00011101101111100001010001110
                               111110111          11111100111100000011010010101
                              0110110001        1011010010001001101110110110111