                                    0110010001101100001011100000110100001110001
                                    1000000001100110010101101111000000000010100
                                    1100101110001110001011011111111101000111111
                                    0011101110100100100011010110100001110010111
                                 11 0101110010110000110000011001011101010010100
                                111 1101010010011110000010011011110000100110001
                                11001111111000000100010001101010000110000110011
                                11101101011101101011010100111110101100100101010
                                01111100011100001010010111101110110110001010110
                                10001111100000010111101001000111000011001011111
                                00111000001000000111100011110101101101110001000
                                01111100000001010110000110100001111011101000011
                                 111 111001101011100000011100010101111101011111
                                 0000011111000000000011101001010111111111101000
                                 1000001100101011111101101001111100111101100111
                                00110111101000111111010110010011001011111110010
                               100011011001001111000110100010110010000000101100
                              0101101010010011011100111011001110100100010101100
                              0001010101101111000101100110010001000111010010100
                              0001100110110100100100100110001011011011010110010
                             01101001  1010010111101110100110000101110010000000
                            100111010     1000011010000011000000011010101101001
                           1011001100      010010001000101000111010101111011011
                          10011001111       00001101100100010100111010111100010
                           1101100011      101011100011001110000010111111010011
                           0101011001     1101100011100001000110010001100010111
                           1010110001     1100100001001111000010001011111101010
                          11110110111  1111101111010101100111100011001101110010
                          01 00011110  0001010100111000000111100001111100111011
                           0100100001     1100110010000000111100111011010000101
                            001110110     1011110100111110111011011001001100101