0101010110000001001100000001100101110101100001011010000001101001110001100010100
1000000110101111111000110100111000001111110001101101111101000110111110101110011
10110000010110000110100100011000100111101001000  010111010010010001010010100011
011110101011101000000100101111110100100000011       100110101011001000110000001
1100101011001000011110001000110000000111101101             01010001111110011001
1100001011100100011010011100100001101110011010               001010010010101111
100011001001010010100101110011110000011010                    00101100001100001
10101010001010001101111011010011100100010                     11110111101111101
000001101100101011111101111101101101100                        1111011111110110
101011001010101110100010110011111001100                         101000010101010
101010011101010101000010011110011100011                          00100010111010
101100010010100100010011000101110101001                          10010001110011
0001010011101101000111101101100100110101 1                       00110011000001
1110000001001001100100011110011000100001011                       1100100110110
1110110111010010100110100101110001101001101                       0010100011000
00000000011111010101110000101000000100000000                      0100111001000
0110001001101100101001100100000000111111100000   01               0100010000101
0000011000111111000011011101100001010111101111   00               0011010101000
0010000001111010011110100101111101111110000001                 1  0001011001101
10110011001110011000001001010100101001110111000                1101001111010011
11111101110100001111011        0111011101000100               00111111000011001
0110101000001011110100         100011011100110              0 11110010110000001
0100101101000011010000         110110000101                 1000100011000110110
11101110110011011100110           100000001                  010100001001010010
0110010111011110101011011             011                    011011001101001111
01101100000010000110101010001                                111010100110100100
00011000111101110110001101010                                 01010000110110101
00111010001000000001111001000                                 01   000110110000
11001011110011111010101110010                                   111101111111100
0011010000011100111101101001                                    000100011110000
1111110110010100111010000111                                    001101111001001