                           1001001110111100001101111110111000000111110010010010
                           1100100011101111011101000001010011111101000100100111
                           0101001010011010000000111100011101011101011111010101
                           0001110010110001100000000111110110100110011000001110
                           1111110000101011011101011111001000010001100000111011
                         110 00010010101000100110110101101101101010110111110101
        11010110        0111      011110110101100100010111000000101110100100011
0101010 110001011     101000       00111010111010111011011101001111100111110101
011 1001101110       0101100       00011001010001000101111110111011001111100100
 0011 0  000          011111       00011011111111001111111000100110000010001110
   00000 11   010     100100       0 110001100111100011100100100111000010110101
      1000111110111  1001011    000   00111000111110101011010110111110111101110
1101010000001011111010011111 1  1000   1011111111101111011111101100011111111110
0101001111000011101001011011    00100   111110111111100001011010100010001111101
1110           1100000111011     0      000111010101101111110011101001100111111
                   000010010        0   111111111111011101111111111101000010011
                  1011101101 1         0000010010000110001111010101101111010101
                   0011110000010010     001000001110011000111111101000100001000
                  01111100101010110  1  000010011110000000010100110111111100010
                  1000000010101110  00  010100111011101100000101111110010010100
                  0110101011010111  1101   011011001101100100010011100001111001
                 11011011010  0001100011001  1100010011101110100011001010011100
                101111101010   1111010000 1010110000011011011111010101101111110
                100010000000    10000010011010110111000010010110110110110000101
                101111101001      011000101000111111000000010000011000110001000
                111100101111        0000111110101000011000100011000111001101001
                 11100100010   011011101000011111100000111000110100000110111111
                  0101111011   011111010111110011100010100110100001111110000000
                  1110000001    11010110110111011100111101110110011000110001111
                   011001         011000100111111011000111111101011110110001000
                  1001101  11     001001111111001001110000001111110100111111011