                                                                               
                                                                               
                                                                               
                                                                               
                                                                               
                                                                               
                                                                               
                                                                               
                                          0                                    
                                        01010100                               
                                        0110101010                             
                                        001001011110                           
                                       101101011110000                         
                                       10111001000110100                       
                                        01110011001100000                      
                                         11110010101010100                     
                                          11110100001011100                    
                                          10100000011011011                    
                                          010101000111111111                   
                                           11000111001101000                   
                                            10010001100011100                  
                                             1010001111011110                  
                                              110110010101111                  
                                               110000100110000                 
                                               1101001000000011                
                                                001101010000011                
                                                 110000110010100               
                                                  001010001001010              
                                                  001100100111000              
                                                   010011000011011             
                                                    110000000101001            