1001111010001101000101111000000011010000100110110100110110001101101100101101001
0010110001001110101111100111011100100001111111101001110111011001101101000111101
1001101001011000100110100111110000010101110011      100110111100000001001011001
1110111011011001011011010100001010011001100100       10001100011010010101101011
1011010001000111110010011010001101000111100110               000111100011000011
000101100010000100010010000010011001001011111                 10110100000111100
10001010000110010011010111010000001000001                      1100011100000011
0100101000010110111110100000010010111000                       1001111111100111
000111001110000011100100000100111101010                         101000110110111
111111111100100100010010110110111111010                          00011101101001
011100111101011011100100111111000001100                           0010111101010
000011100001110100010000101001101101001                           0101100111101
100000100100011100100001000101000011011101                        1101100010011
1010001000100110111111100011001101001010010                        100011110101
0011011011001101100100001111101011011010100                        011111110011
11011011110110010110010110110001010111110100                       010111001011
1000111111001001000010101000101010010101100100                     111000011011
0101110110000010010101110110001010001010011001   10                110000001100
00010111011010111101011011000000000111000000100                    101101111110
111001111110111000101001100    1001010011111000                 1 0001101110100
01011001111101000100011         111011011101111                0100010111111100
10111010100000000110100         011000001100001                0111111011000100
00111001011011000101000          1011001101                  110000100011001011
111110101011110011100100           10010000                  011100110100100000
011000010000001001000011100           0001                    00100100011000111
100100111100000000011111100101                                10000100001111000
00110001000101010101000010101                                 11111001001110001
00100101010100110010000111001                                  111  01001111110
01000111001001111001001100100                                     0100010100110
00001010001101010110010100011               01                  110111001011011
0111110011000100101110000101                11                   00000110100011