                                                                               
                                                                               
                                 111                                           
                                011100                                         
                               1010000100                                      
                               001011101110                                    
                              00111100100000                                   
                              11001101000101                                   
                              101011000101101                                  
                                  11001010001                                  
                                   10010011000                                 
                                  0110010101001                                
                                 101101111111110                               
                                 010001111000001                               
                                01101110000110000                              
                                 0000010101010011                              
                                 0111110101101110                              
                                   11100010111100                              
                                   00100111000011                              
                                  00011101010110                               
                                  0111101011111                                
                                  110011111011                                 
                                  101011100010                                 
                                  011101010110                                 
                                 1110101100000                                 
                                 0000000101010                                 
                                 0011101001000                                 
                                 0101010100110                                 
                                00100110111001                                 
                                11101001001001                                 
                                011000001110010                                