                                                                               
                                                                               
                                 100                                           
                                100100                                         
                                110110100                                      
                               110001011100                                    
                               0001000100111                                   
                               1010111000101                                   
                                0001000100001                                  
                                   0111100100                                  
                                   100000110100                                
                                  11001100100010                               
                                 0001100011011010                              
                                 00000010011010011                             
                                 01000101110100010                             
                                  1011101011100010                             
                                   000011100101110                             
                                   010100001010000                             
                                  1011110011  1 11                             
                                  11100110010                                  
                                  001001010111                                 
                                  100111101010                                 
                                  010011000111                                 
                                 1111001101110                                 
                                 1110001001000                                 
                                 0111111001111                                 
                                 1101110000001                                 
                                 0100111110110                                 
                                 1001100110010                                 
                                01001110111011                                 
                                 0011011000110                                 