                                                                               
                                                                               
                                    011                                        
                                  0100111                                      
                                0110000110                                     
                               000010011111                                    
                              100111000011111                                  
                             1110101110111111                                  
                             00110001110111111                                 
                              1100000001101101                                 
                                101100010011100                                
                                 00100111101101                                
                                   100001000100                                
                                 010001110111000                               
                                 110111011001001                               
                                01100101010001000                              
                               1011010100011010001                             
                               0001100010011011111                             
                               10100010100000100000                            
                        00    00000101100110001000                             
                0111111100001110010100001010011100                             
                  01010101000000011111010101100110                             
               000000001 1       10010010011100010                             
               0011100           1111101011111110                              
                                 011001000111101                               
                                 011100110100101                               
                                 101010001000111                               
                                 10110101001010                                
                                 10100100000110                                
                                111111000101101                                
                                000101000111000                                