                                                                               
                                                                               
                                   10101                                       
                                   101111                                      
                                0101101100                                     
                               111011100011                                    
                              10001110001001                                   
                             0111101110100000                                  
                             01110001010011000                                 
                              1011010111001011                                 
                                010100001111011                                
                                 01000000111100                                
                                   011100011100                                
                                 101111111010010                               
                                 110111101010111                               
                                00011110000110111                              
                               1001011010011111001                             
                               1010011101100000010                             
                               11010010111110001000                            
                 01    0011110101100100010101001010                            
                 111110110010000111110110000101000                             
                  11011001101101011000111110101100                             
              1111010111         10101100111111111                             
               1    1            1111000100111110                              
                                 110101011001000                               
                                 110111011100110                               
                                 000011101001110                               
                                 11000010001010                                
                                 11001010101000                                
                                111010000010100                                
                                010000101101001                                