                                                                               
                                                                               
                                 10                                            
                                 00111                                         
                             1001001001                                        
                              011100100000                                     
                              01000110101011                                   
                            01000011011000110                                  
                            10011001101010010                                  
                             00111111101010001                                 
                                11011111100111                                 
                                 11100110110011                                
                                   001101000101                                
                                 110001110110010                               
                                 1001010101000100                              
                                001101100111001001                             
                               1111100101001110111                             
                               00011001100001001110                            
                                1101000011110110000                            
                                 01010001001110011                             
                                 11011111100001110                             
                              10101101100100111001                             
                            100100000100010110111                              
                           001010101011011001000                               
                          001010 111010111101010                               
                        010111   01001001001010                                
                         01010   01111100001101                                
                        001111   00101110110110                                
                          0     001100000100001                                
                                010110000011111                                
                                011101010110111                                