                                                                               
                                                                               
                                                                               
                                                                               
                                                                               
                                                                               
                                                                               
                                                                               
                                                                               
                                                                               
                                                                               
                                                                               
                                                                               
                                                                               
                                                   11101100                    
                                                  1100100010001                
                                                   00100111010100              
                                                   0010001011011110            
                                                    00010101111011100          
                                                     001001110001101111        
                                                     11111101000001000100      
                                                       01100101001010001100    
                                                          1111100101000010110  
                                                            011100101100001100 
                                                              00111000010100100
                                                                001110101001101
                                                                   111111100011
                                                                     1100111001
                                                                       01110100
                                                                          00001
                                                                            100