                                                                               
                                                                               
                                 110                                           
                                110100                                         
                              01010010010                                      
                               00011000010                                     
                              11000000101001                                   
                             000010011101000                                   
                             0100101100110110                                  
                                 110111100010                                  
                                   11110111110                                 
                                   10011100000                                 
                                  0111011000000                                
                                 011001000111100                               
                                11001011111010101                              
                                11111010010110110                              
                                 0110111101100111                              
                                 001001001011110                               
                                 111001110000100                               
                                 00001011111010                                
                                  0001100001110                                
                                  001101001011                                 
                                  011001110101                                 
                                  010100100000                                 
                                 0010001101010                                 
                                 1111110110011                                 
                                 0110101011000                                 
                                100100101110000                                
                                110111001100100                                
                                001110111101001                                
                                010111111111011                                