                                                                               
                                                                               
                                   10101                                       
                                   000011                                      
                                1010100101                                     
                               000010101010                                    
                              10110001111100                                   
                             00101001101001011                                 
                             11110001100010111                                 
                              1100110111001000                                 
                                101010111010001                                
                                 01111001111000                                
                                   110101101110                                
                                 000000110101110                               
                                 100111010010111                               
                                01111011100010000                              
                               1001000101001110100                             
                               1010010100001010111                             
                               01010011100100100010                            
                 001001100011110011110101010101110                             
                 001001101011101100010011110000110                             
               10111101111101110100100111110000001                             
              100110100          11110000011111111                             
                                 1011010111110100                              
                                 110001000110111                               
                                 100000101000110                               
                                 101101111001001                               
                                 01110110111110                                
                                 01000110101111                                
                                011111011111111                                
                                000111111011101                                