                                                                               
                                                                               
                                 01                                            
                                 11011                                         
                             0101100100                                        
                              000001100111                                     
                              01001101010110                                   
                             0011001001111101                                  
                            10111100101011101                                  
                            011000001100101100                                 
                                10011110010010                                 
                                 11010000101101                                
                                   010000010100                                
                                 000101110100111                               
                                 0001011110001101                              
                                111010000110010000                             
                               1100011011110010011                             
                               00010000100101001011                            
                                000010101101000101                             
                                  001110111111101                              
                                  1101110101111011                             
                               111100001000111000                              
                             01011111010100010011                              
                            11011000001011001110                               
                           00010 10011001011100                                
                         100110  11100000000001                                
                          01010  01111110100101                                
                          11011  10010100111111                                
                                110100010010101                                
                                001101011010001                                
                                101111111100111                                