1110010010100110111010100101011100110110010100000111110101000011111001000010111
1011011111000101010111111011111010111010111101001010100100011011100010100101011
0010101110101001011000101000110110101001101100     1010011010011111110110000010
011010011100100011011100111100101110000111011       101101101101110100111100011
0010001001110001011010101001000010001011101011              0110101001111101100
100001101101000100001001001001101100111011100                 10001000101010100
111001110010001001100110010110000110110011                     1110101110100001
1001100100010110100011111110100011111100                       1000010101101100
100000110001000001101100110000110110010                         111011010111000
111000101010100111110001001111011101110                          01111001000010
100101100110011010110011101010101010100                          11100101010001
100001111111011111101100010011010011111                           1010011011001
101010010101001001111110110110101000000001                        1001011011011
0110001100111111010110000001000011110110101                       0000110010000
0110111001111010010110001101101011000111101                       1101011010101
00001010010100100110011110101101111111010001                      1110011001011
1011110000101101010000111110010011110111101100                    0000111011000
1111101001101000110001000010110001001110100101   00                000101101100
0010100110001011111001011011111000100010101111                 0   011010000110
1100001100100010001001111010  00111010000101110               11001100010100100
11101101111111110001111        1101001100011100                0111100010111001
01000111101001001001100         01110000001001                 0101100010101111
11000110000011010110110         10101110001                  001011100011111001
010010000000010001101101           10001100                  101001000010100100
11101111110010110101011101            0001                   001011101101011011
01011000010100101101001111001                                 00010110101111011
00000111101110000101101001010                                 10000010001100000
11111111001110000110100111010                                 000  001100100000
00100111101011000101111010011                                   110100001000101
1010010111110100010110010001                                    101100101011110
0100110101101001011001101011                                     11101000100010