                                                                               
                                                                               
                                  01                                           
                                 00110                                         
                                1011011000                                     
                               111011001000                                    
                               0000000001010                                   
                               0100001000001                                   
                                  01101111111                                  
                                    1001111011                                 
                                   101011110010                                
                                  10010111101011                               
                                 1011011101001011                              
                                 11111110000111101                             
                                 11011000101001010                             
                                   001010100101010                             
                                   011011010101100                             
                                  010011100000011                              
                                   111111110  11                               
                                  11000111110                                  
                                  10001100110                                  
                                  10011111111                                  
                                  110100100101                                 
                                 0111101110001                                 
                                 0111100000011                                 
                                 0010110110110                                 
                                 1000011100100                                 
                                 0111000111001                                 
                                 0011011000000                                 
                                 0111100000110                                 
                                 0111010101001                                 