                                                                               
                                                                               
                                  011                                          
                                 110101                                        
                              0010110010                                       
                               000111100100                                    
                             011001100100010                                   
                             0000001111101010                                  
                            001111000011101010                                 
                             01000010000000110                                 
                                00101111001100                                 
                                 01001111100111                                
                                   101000101111                                
                                 010100110001111                               
                                 0000010110011100                              
                                111111100111011110                             
                                1111011101110110001                            
                               01110000110100100010                            
                               01000000001011000101                            
                                0101101110100010110                            
                              111111001110101100110                            
                         10100101010011111001000111                            
                        001100010000001010100010101                            
                     1100100101  01101101001010010                             
                     111001      1000111011000111                              
                    001111       011001100000000                               
                    110100       001001110100101                               
                                 00110111110001                                
                                 01110001011110                                
                                011111100010100                                
                                101101000001011                                