                                                                               
                                                                               
                                 101                                           
                                011111                                         
                               1111110011                                      
                               101010110101                                    
                              01010001010111                                   
                              00101001001110                                   
                               10110011100101                                  
                                  01000010100                                  
                                    0010010001                                 
                                  1000001111110                                
                                 001010000011111                               
                                 1011110011010010                              
                                 1101100111001111                              
                                 1001001011010101                              
                                  101101011101100                              
                                   010100011010010                             
                                  1010101000111101                             
                                  10100100110  01                              
                                  11011000100                                  
                                  100110101111                                 
                                  010000001111                                 
                                 1011011110001                                 
                                 0101100011010                                 
                                 1000110100111                                 
                                 0001111001000                                 
                                 1110100101100                                 
                                10011011001101                                 
                                11000000010010                                 
                                01100111011000                                 