                                                                               
                                                                               
                                    00111                                      
                                   0101001                                     
                                 0111110011                                    
                               101110001010                                    
                              00101010010010                                   
                             11010100001100010                                 
                             01111101011101000                                 
                              01010011000010010                                
                                 10010000110111                                
                                  0001010011001                                
                                    00000011010                                
                                 111010111100000                               
                                 011010000110101                               
                               001110111100010100                              
                               0000111100111100011                             
                              11101001111100011010                             
               00100001100   1101010010111100001101                            
            01111101101110000110011100111111111101                             
             00 0111011101100101 11010000110001111                             
                             01  11001100010111110                             
                                 10111010000101100                             
                                 1000100100011011                              
                                 111111000111000                               
                                 000100100011111                               
                                 101100111111100                               
                                 10100110100111                                
                                 11110000100001                                
                                 11011001011000                                
                                011010101101100                                