                                                                               
                                                                               
                                                                               
                                                                               
                                                                               
                                                                               
                                                                               
                                                                               
                                                                               
                                                                               
                                                                               
                                                                               
                                             10000011                          
                                             011101101000                      
                                             001101100000010                   
                                             0001111001100011                  
                                             11111101010111001                 
                                             100100010010000010                
                                              100011001111010011               
                                              10000010101010000100             
                                                0001010001011001110            
                                                 1011100000101010010           
                                                  0010100000111101110          
                                                    111010011111011000         
                                                     000000011110101011        
                                                       01100001101100111       
                                                        11010011010000000      
                                                         101110011011011101    
                                                           10011101100011001   
                                                            10111111010010101  
                                                              0111000011001111 