                                                                               
                                                                               
                                  01                                           
                                 11100                                         
                                 111110110                                     
                               000001000101                                    
                               1000110100000                                   
                               1111101100000                                   
                                  11011100101                                  
                                    1011001000                                 
                                   010100011010                                
                                  10101000111110                               
                                 0011100000111111                              
                                 1111000001100110                              
                                  001111100000001                              
                                   11100011010100                              
                                   00111101101001                              
                                  0110000111101                                
                                   10011001000                                 
                                  10111110111                                  
                                  00000011010                                  
                                  10110000111                                  
                                  00100101101                                  
                                 0110001110010                                 
                                 0010010101001                                 
                                 0001000101110                                 
                                 1101101100110                                 
                                 1110011111001                                 
                                 1100011100010                                 
                                 1110000111011                                 
                                 0010011101101                                 