                                                                               
                                                                               
                                   10                                          
                                 001101                                        
                              0000001110                                       
                               110100111010                                    
                             111000100010001                                   
                             0000110010000011                                  
                            000010101010000001                                 
                             10111100000111000                                 
                                010010000110000                                
                                 11111110110000                                
                                   000001101001                                
                                 011001011111010                               
                                 0000001101011000                              
                                101011011010101010                             
                                001000000100101100                             
                               00101111101000110000                            
                               01011110010010101011                            
                                1011000101111010110                            
                             0100110111001111100000                            
                         01011010100111011001111011                            
                       1100101010001110010100110101                            
                     110011000   11011011101010110                             
                     00100       1110010010101011                              
                   100011        010110110001000                               
                   101010        111100001100011                               
                                 00100110110010                                
                                 00111011010111                                
                                001101001001000                                
                                000100110111010                                