                                                                               
                                                                               
                                 00101                                         
                                011101000    00010                             
                               0010001000001011001                             
                               110100101000101010                              
                                  110001010100111                              
                 0               1110100011101101                              
                  0             11011100111101000                              
                10110           00100111001100011                              
             0 01110 0         1001000010000110                                
            10101111111        100001101011000                                 
             0000111101       0110101010100101                                 
              00111001 1     0110011100010001011                               
              01011010       0001011111100000011                               
              11101101      110011111011001100101                              
               110010      11100001110110101111100                             
           010001100       01100101001000101111011                             
             0100101101101111100000110100010110011                             
                    0001000101101010101111111100001                            
                     0110111100110101100110011100110                           
                        11100101001010111000110100101010                       
                         1       10001000010010  0101000011110                 
                                 01001100100011     0100001100                 
                                 01100010011100        111101011               
                                0101110111010001         100010                
                                10100001010111101                              
                               1011111111110001001                             
                              100100011011010001101                            
                              000110001001101010110                            
                             01110111001111000101110                           