                                                                               
                                                                               
                                  000011                                       
                                 110100000   11000                             
                                110010010110101011                             
                                11011110100000101                              
                   0              000101100100100                              
                0  00            00110011010111011                             
               0   0            101111111111110011                             
                1 0001          0111110010011110                               
             1  1010111         000101001110000                                
            11011000101        10110101000100                                  
              100011000        000000100110101                                 
               010101111      01011111101010100                                
             01011111110      1100111101101011110                              
              101010010       11001010110110000110                             
               0110011       0001010010110111100110                            
            01101001         1000000001010101111100                            
             01101000011010 01101011111000100101000                            
                    1110100011010111001100101100100           1100             
                      11101110111111101101100100001101110101100101             
                            100101000011011001010101011111100001               
                             1   01000111110001 11     000                     
                                01010111000000   01                            
                                011100010010100                                
                                1110101110010001                               
                               10011110100100000                               
                              1111010010010000101                              
                              00011001001111111111                             
                             0100110010110101000101                            
                             1001000110000100101001                            