                                                                               
                                                                               
                                 110111                                        
                                1110100101   10001                             
                                011000101001011111                             
                                101101000101111111                             
                   0              100010100110001                              
                    1            0000000011101000                              
                     01         00110011011010011                              
               10 0  11         00110010101111101                              
              100110 11        1110111101001001                                
              10101110         00110001100001                                  
              11111000         110011011101100                                 
             111011100        10111000010100001                                
             0111101101     010111101110101100111                              
              111000110   000010110110010011000110                             
               000111    00100100010010111011000110                            
            01000011    1  00100011111101111101110                             
             1001101110010010111110010011101010101                             
                    001010000111110011001110100110                             
                     100011001110111110111000101100010                         
                          1001000110101111100100101011100101111                
                           00010011011110111000  01010100110001                
                          00     00101001110101       111111011010             
                                 00111101011101           0100010              
                                0011010101111010                               
                                10101011001001010                              
                               0111111001010100001                             
                              11101001101100001001                             
                              010100110000100110110                            
                             11010011010101011010011                           