                                                                               
                                    0                                          
                                  101101                                       
                                 000001010   00111                             
                                 01011010000011111                             
                                  001010001011000                              
                   1              101110111100100                              
                   10            01110100000111110                             
                 0              100101111010011000                             
                101             0011011111100000                               
             00 011100          000110000111011                                
             11 0100110 0      11001101101101                                  
             010000011100      100000011001001                                 
              111110000        1110001100001101                                
              111001001       0101111100010110001                              
              10111011       101100000111001100001                             
               10000        01111011010011110101010                            
            01001100  11    11001100000101010010101                            
             01000101001010101001001101010000101111                            
                    1110011101010111100110000000001                            
                       01111000011001001110111 011011001100 01011101           
                            010111110111101101 01010011100000110101            
                            100010100100010110        00011 101                
                            001101100100010011                                 
                               1111011000100101                                
                                110011011001001                                
                               11100101001001111                               
                              1101101110100110011                              
                             111111000110111011100                             
                             100010111111001110111                             
                            00011001011110001101011                            