                                                                               
                                                                               
                              11110          10011                             
                              10010100011011010101                             
                              111001010100101100110                            
                              011101001000101100000                            
                                 0010000011100                                 
                                 01111001100110                                
             11                 0000111101110000                               
             10   0             1011010011011011                               
               10001            1001010110110000                               
              11111010         01001010000011011                               
            00000001000      0 00110100010110001                               
            01010001011     100010100000000001101101                           
            0101011100         00000111100111111100                            
            1 10110001        00001111101100000010                             
               001010        1111110011110110101000                            
           00101000011       111010101101000000001                             
            110000010111001 010100100111000111110100                           
                    000100111110 01010100000111111                             
                     0011011011 0011000110101010010                            
                            01   11111111001000001000                          
                                 111110110001010110111                         
                                 01101111011110   10101                        
                                 01000010101111     11011                      
                                0010001110000011    11110                      
                               101011101101100011    0100                      
                               0110001011111100110  1011                       
                              01001011110100100011                             
                              010111001111100111011                            
                             1011000111110000000010                            