                                                                               
                                   1                                           
                                  10101                                        
                                 101001111   11100                             
                                011101011101010000                             
                                11110110000100000                              
                                  111111010100111                              
                1                1111111110010001                              
                11  00          01100000010011100                              
                011011          10011011110001100                              
               011 111          101010011000100                                
            01101 1110010       01101001001011                                 
            00 0010010110       11001111010011                                 
              110011000        1011111111011001                                
              101110000        111101101001110010                              
               0010110        11110110111001111111                             
               0101011       1111110001000111101011                            
            000010101        0110111101111010011101                            
             01100001110100 00011010110101100000101                            
                    1001011101100000101100010001110                            
                      010101100011011011110000101111000100 00101 0             
                            10  01011000101101  1111110010110010100            
                                000001100110000      11110110011               
                                 10110000000100                                
                                 11100000110111                                
                                0100110000001011                               
                               111000010010011000                              
                              1011000100111010110                              
                              00011001111011111100                             
                             1110111111011100000001                            
                             01010010111110111000111                           