                                                                               
                                                                               
                                    001100                                     
                                1  10001011                                    
                                00000101101                                    
                               0100011001100                                   
                              011000100111100                                  
                             01101001010011101                                 
                             01011101000011001                                 
                               0011001110000111                                
                                 01111010010000                                
                                  1010101100011                                
                                   010101101100                                
                                 001011110101011                               
                                0111100001101100                               
                              1101000010110001110                              
             10              011101100100100000011                             
            101001111110     100110111011011000111                             
             01000110110100110101010011000011111111                            
                   1100101100111001100010010000001                             
                        1111101 1000110110111010111                            
                                0 10111110001101001                            
                                 01110100001010111                             
                                 10010001100000100                             
                                 01111010011100011                             
                                 0011011001101001                              
                                 101011111001000                               
                                 010110000001001                               
                                1011100010100101                               
                                1011011100111110                               
                                0111111000100000                               