                                                                               
                                                                               
                                01100                                          
                               1110100000   111010                             
                               1101101100110000011                             
                               010110110010101110                              
                                  11111100001110                               
                                 0100010010100101                              
               0 01             01011100011000110                              
              01011 011         0010000111111101                               
               0110110         0111010001100001                                
                111001         1110111011011000                                
            11100010110        11100001101011000                               
             101000110     01000110010101110011101                             
              01111110     0100000110111001101100                              
              1111101        10001100011101010000                              
               001001        100000101101110000110                             
           000000101        0000100010101111001110                             
            101101010101010 01011111001011001101 01                            
                    1111001101001001000011010010000                            
                     1001010110  0110110011011011011                           
                           1001   001011000010001110111                        
                               0 00110010000011 011101011                      
                                 11010111011001    0011011000                  
                                 111101111011010      0111011                  
                                1110101111001110       1010101                 
                                00011010010110010                              
                               1110000011001011001                             
                              000101100111010100110                            
                              011111101110110010101                            
                             00000100110100000100111                           