0000101001100011110110111001000011011111100111110 01000010100111010001101110110
1110010001101110011001000100101000000000011100     0001100011011111001101000000
1001000101011100110001011010011010000001100110        1000010100100110010111101
11000000011010110110100011110111010010000100101              100101001101111001
11011100100010001001100110100100111110101000001                0100000111001000
0111101011100110011001010000001100110111010                     011001100101100
01000111110000100000000111100101111101100                       011111111011100
100001100110011110010000101100001010110                          01010101001000
011101100000101010101101110111011011110                           1010011100000
001101110000101100101010010000011000011                           0111000001111
01110101111011101101111101000110100010                             011111000011
010011101111001110100101001000001100101                            011110010001
110111010110000000101010111101111110101111                          00000011110
1011111100001011110000100000101001111011100                         01111000100
0011000010111110100110111001010111011000111                         01000000100
00101100010110011111111111110111001001111011                        11010000110
1001011011010101101000100000000101010000010111                      00001011000
0001000110010001100100101101011111110101001001   10                 10000100111
1110011001010010001111110111 011001101111111011  00                 01100101100
0010010101100000000111001         0001010100001                  0  01101010011
110001100000100101101001          0000000001101                 0111 0111001110
100010010101001000000011          1111011011101                 100010111101000
0000001001101001010111011          00100111111                0 001100001110110
10101101011001000001011000           111001                   01110101000101111
111010100011001011001000110111         1000                    1001000110110011
111110011010110100100000110110                                 0010101101101010
111000100110101101000000110111                                  001111100101010
00101101101110010110010111111                                   001011100010000
01001111100111100101011000000                                   11   1011011001
11011100011111111101110110100                                     1100001101010
1010101011000110011010001110                01                    0100010101100