                                                                               
                                                                               
                                     10001                                     
                                0   1100010                                    
                               1110111111111                                   
                               1011000011001                                   
                              010110001001100                                  
                             00001101101010100                                 
                             01000111011010001                                 
                              10010100110000111                                
                                 00010111110011                                
                                  0001100100000                                
                                   010100001011                                
                                 111001111110010                               
                                1001111111101010                               
                              1010111101110011001                              
            1100 0            01101100101101111011                             
             1010100000      1101000111101110000100                            
              0101111001000001111001000111001011101                            
                   0011110010011010110111001001111                             
                       00000110   00111000101000010                            
                                 100011100100101011                            
                                 11011101110101011                             
                                 01011001001011100                             
                                 0111001110101100                              
                                 0110101111010010                              
                                 001100100110111                               
                                 111000101011011                               
                                 000011001110000                               
                                 11101100001010                                
                                 100010100010100                               