                                                                               
                                      011                                      
                                    111011                                     
                                100011111101                                   
                                111000110011                                   
                              10101110111000                                   
                              1010100010011010                                 
                             10101010111011000                                 
                             001001110101010011                                
                                011011100101010                                
                                 11000110011100                                
                                    00101011010                                
                                  01010001001111                               
                                0101111110000110                               
                               11001101101011111                               
               10001         11010001010011111010                              
               11101         101001110000001111000                             
           1000100100010     0111100110101010011111                            
           1010100111001011000000001011000101111011                            
                   11111000000000001001010001111010                            
                        1010101   111110000010000100                           
                                  10001001101111000                            
                                0110001001101100000                            
                                 111110010101010110                            
                                1001010010000000000                            
                                101000010101111011                             
                                00110000010101100                              
                                11100110100001011                              
                               10010100101101100                               
                               11111011100010001                               
                                11011011001100000                              