                                                                               
                                                                               
                                 011010                                        
                                0001111001   11100                             
                                001101100011100100                             
                                110110000111101011                             
                                  000000111111010                              
                    00           1000001010011000                              
                1    01         11110000101110010                              
               01 00 11         00010100001000100                              
              111100 10         010010111001011                                
              000101111        10011010001010                                  
             110010000         010110011001001                                 
             1101011001       10111100110110100                                
             0100000101     110001001111001101001                              
              11010010    010011011000101100101011                             
               110101    01010100011100001110100001                            
            11010110       01011101010110101111101                             
             1111110111011101110000110011001100100                             
                    111100010100101110111010101101                             
                      00010110101101011001111110110001                         
                         001000100011000110100 0101100110010101                
                          100011100101011111111   1010001000110                
                            101  11111111000001       010110000100             
                                 01110001011100           00101                
                                0010101010100110                               
                                00111101110100001                              
                               1001101010001010100                             
                              11111001100001011100                             
                              010110101000100010010                            
                             01000110100011100011010                           