                                                                               
                                                                               
                                00110            0                             
                               111000100    101111                             
                              01010011111011101000                             
                              1111011010001000011                              
                  10              01001110101011                               
                 0111            0110110001101010                              
               1 011 0          11000011100100101                              
              1100001100        0011111010111011                               
             01011010111       0111111001111100                                
             11011010110       1100000000000110           11  1                
               001101100       0010010010101001           01110                
              1000010000     11110101111000101111         00111010             
                11001110     01111011010011011110       00101101101            
                11101        00111110111110110000       1001000110             
            10000110010     00000110101101000001101     0001001111             
              101101101011 11010110000011010111001         011111              
                    111000100000001010000010101101          0100               
                     111001000010010011101001010000010111100000111             
                        0011001010111101111001101010101111001110000            
                          011001111001100111010 00010010010100                 
                            011111000110101110                                 
                              1111010001101101                                 
                                 01110111000011                                
                                101100011100011                                
                               01001101101101001                               
                              0010111100100110000                              
                             010111101001001011011                             
                             100110111110000010110                             
                            01111010010101000100110                            