                                                                               
                                                                               
                                     00110                                     
                                0   1011000                                    
                               1001001011010                                   
                               1111100010011                                   
                              011110101110000                                  
                             01100100001000011                                 
                             10000011101011011                                 
                              10101100000110000                                
                                 00111011101011                                
                                  1010101010011                                
                                   1000001111000                               
                                 100010001000110                               
                                1101010111100110                               
             100              1000010010001010010                              
            000100            01010010110100011000                             
              0110000010     1010011100111001100000                            
                 0101100001100010000110011101111111                            
                    00101011010110111011011010101                              
                         011000  100111111010101101                            
                                 000000010010010101                            
                                 11010000001001111                             
                                  1101110011011101                             
                                  101010101111011                              
                                 1001100010001101                              
                                  01010111111110                               
                                 011011001011011                               
                                 00011101111000                                
                                 01111110110100                                
                                 00111110001010                                