                                                                               
                                                                               
                                  10000                                        
                                 011010110   11010                             
                 0              010111111001011011                             
                 10             01100110010111101                              
                   0              001111110001111                              
                                 0011110010101111                              
                1   01          00110100100000111                              
               0111 00          11100111101010110                              
             100110001          110000000101110                                
            1010110110100       1011101001110                                  
            11 0011101010       00110000101010                                 
               11100111 1      1010111000110011                                
              100010010        011010110011101000                              
              11101001        11001110000000001100                             
               1000100       0110000010000100001010                            
            000100000        0110000100011110111001                            
             10100011101001 10101101110111100110010                            
                    1101111000110111110011010100110                            
                      010110001000110100110000011101000111 11010               
                            001100100100100000 11100010111101100100            
                               1011110111010101     11010100001111             
                               0000011001000110                                
                                 11111001011100                                
                                1001110100000000                               
                               110110001110001100                              
                              1011001101000111001                              
                              00011001010100010101                             
                             1011011111001100011101                            
                             11001000010111001010011                           