                                                                               
                                                                               
                                     11001                                     
                                1   0011111                                    
                               1110010011000                                   
                               1100101000000                                   
                              110010100110111                                  
                             00100001011001100                                 
                             00111110101001011                                 
                              10101000110101001                                
                                 00111000110101                                
                                  1101011110010                                
                                   1011001101011                               
                                 011110011110011                               
                                0001110001000111                               
            0100              1000110001001011011                              
             111101           11011101110010010000                             
              0000100000     1100110110110001110110                            
                  010111011111001101000110111101001                            
                    11101110011111010010010001100                              
                         001111  110111001111111011                            
                                 100101010001011001                            
                                 11110001010010000                             
                                  1000010111110000                             
                                  111011000010100                              
                                 1001101111000001                              
                                  01001011010110                               
                                 100001011100010                               
                                 100111101100000                               
                                 01010101011000                                
                                 10010000010001                                