                                                                               
                                  1                                            
                                 001110                                        
                                111110110    10100                             
                 0             0111011101010010000                             
                010            101101000011110100                              
               1 00               01101000001111                               
              11001             01101000110001011                              
             00 1101            01100101101101000                              
             0101001            10111001110001100                              
            1  011010          0000111000110000                                
            01000001110        000110011110001                                 
           10010100010 01      000110111111001                                 
            011011000  10    101010000111011011                                
            111110011        0000010111111011100                               
               000001       1111000010111111101110                             
            0  00111       001100110101101011110101         10001              
           0100010100011   11100000000111011100110        101010100            
              1001100111000010000001101000100100010       011001000            
                    1100001100110011000000100100111          0000              
                        100101011010111001100 1100011010110110110              
                             10100110000111111 010000000101001010111           
                             01100101011111111        1110 11000100            
                               010100110001010                                 
                               0001001110101111                                
                               1100000000000001                                
                               11010010011110100                               
                              1110100110101111110                              
                             010010100101101100100                             
                             011001110110011100000                             
                            10011101011011101111010                            