                                                                               
                                                                               
                                 01001                                         
                                001010001    11011                             
                               0001000011001111011                             
                               010010011101111000                              
                                  00101100100010                               
                011 0            1101111010100001                              
                001 1           10111001101111100                              
                001100          1010111010111111                               
               111100          110000101011001                                 
            01101000 0         000001001111010                                 
             1100001001     11 0001011101001 10                                
             1011001111     111100110101100101011                              
              11010011       1100010111101000001                               
              10010100       01011011100010011111                              
               110110       0011100011101111011100                             
           110000100        0110001101100011110011                             
             0010101011100 01111110010111100101101                             
                    10110000101101010100011111110000                           
                     0111100010000000110101110011101                           
                          1000 0110100000011101011001100                       
                                 01100000000001 01111110101100                 
                                 10100101100011     000110110                  
                                 01110111100111        11110010                
                                0111010001110011         10010                 
                                01001111101011000                              
                               0100100000111100111                             
                              010101111010110011000                            
                              001010011110011110101                            
                             11000100100110101011101                           