                                                                               
                                    1                                          
                                  111010                                       
                                 101001010    0001                             
                                 00111110101101000                             
                                  100110100100011                              
                                  101000000101011                              
                                 00110011011001101                             
               010              000101100011100011                             
               100  1  00       0110100010110010                               
               001000  01       110000100001100                                
            101 111000         00010011001101                                  
             0000011111        101110010000101                                 
             111111110111      1111111101101001                                
              0001011110      1001001011011101101                              
              110100000      100001010110101000100                             
                00111      100111100100011100001010                            
            00101111       011011111000001000011001                            
             11100111111100100011100101111101110010                            
                    0000001011100100110110101011001             11             
                       1010110111101111111111  1001111010101001001             
                            110100010000100000 011110000010011001              
                            011010000110111110        10010                    
                             10101111011100110                                 
                                011110000110000                                
                                111010001100011                                
                               11011000000010101                               
                              0101100101001111111                              
                             101110001001001010101                             
                             100100001110000010101                             
                            01101110100111000001000                            