11001100001001001100110010010111010000010011110    0101100011010001111011000011
0100110110000011110111101110100001110000110001       01011001101111100100011001
11010011101110111001011100010101000111100110000         10100100100100010100101
11111110001000000111110100001111001100100101000               10100010010000100
010001100100011111100100000100100101100010100                   010011100111100
011011001000110000101101101011111001000000                       10000101110001
0001100001000111000101001000110000100100                         10110111010111
001111001111110110101001100011001011101                           0011110111110
110110110011110010101100110001100010100                            111011111011
00001000001011101101111111010001011100                             001110101110
10100010100111000011100101010110001100                              10011110111
100110101110110100101110111111111011011                             10100110101
110010010111100111001110110000011111010001                          01001111101
1111000011001011001100100010100001110001011                          0000001100
1010110101110100010100100000001010001010100                          1111111111
01000101110100111101111011001011011010100110                         0011011110
0001111001010110011010001010101001111010100100                       1110100000
1100001011001010100001000111100010100111110100   01                  0000110011
11011000001100110010001101001     1000111100000  01              0   0100011010
1010101111111101101011001          010110110101                  1   0111111001
0110100001100111100001011          001111100101                 1 0  1111000101
1110111100100011001010111          101000111100                 001101111111110
10010000010011111100000010          00110101001                0 00111011110100
011101111010101011111011000            100                     0111010011000110
1110100001110010011000010101010         11                      101010001100011
1111101010101010100110111010001                                 100011101101001
110000001000101001100100000001                                  011011000001100
11111010100000000110101010101                                    01101111111011
00000101110110011111011001011                                    01   010011010
10000111000111111100101100111                                      001101001100
0001000000110011001101001100                00                     101000100111