                                                                               
                                                                               
                                     0011                                      
                                    1100111                                    
                                01101001001                                    
                               0101001000010                                   
                              100011110000100                                  
                             01010110011001011                                 
                             11011011010001010                                 
                              00100011100011101                                
                                 00001101101010                                
                                  0111001010110                                
                                   1001000101110                               
                                 100101001011110                               
                                 101010010111010                               
                              1111101110001001011                              
           111111             10111000111110111110                             
          00001110101111     1100100000011000110001                            
               000100001010000010100000110001011000                            
                   0010110110001011010000000001100                             
                        0100001  01010000100011101                             
                                 100110111111000000                            
                                 01101101100101100                             
                                 0001000101101101                              
                                  010011101001011                              
                                 1111010011110001                              
                                  00101000111110                               
                                 11001001111010                                
                                 11001001000111                                
                                 00110111100101                                
                                 00100010111011                                