                   011110000110001101000111101001011101111000101100110010110011
                   001111110111110110010100100001100001010000111110011110011101
                   100000111101010001001010010001011011000001011010001001001101
011   0           1011110101010011011011000011011100011000100110011010001000100
0011010000100      011001000001001110101001100101110000100011000010010001111000
  10001010010     0111010001011111100100001011111011001010111010101100011110110
  0010101001011  00000010000000110110000011100001110000101000110110011011000100
     0111110001  00100000001010000110001100010110011010101000100000001110011111
     10011000000   001100011010011101101011101110111100111010001000101000100111
      100111011101   1001100001100111011001011011000001010101100011011101010011
     11100001010100100011111110000100010000001110110111000000001101011001101001
    010101111000000111101011011010000110110001100111000101011100010110100010101
  00001010011111011100000101001111110000011110110101110110111001101000111111001
 11110001010011010100 111011101111101001111110100010001101100001000101010000001
010110100000010 110101011101111110111111110101100111010110010000011100000010001
1011111100001010000010000111100111001111101011011100100111010110101111011111010
11010000011  011100000 00010001000111011010110000110100011110101100010011001001
101  1000   1011110101100000010000010110100100101011000010011101000011101010100
     1001   0111100010001011010010110011001000111001100111101100011100001010011
     01    1011011011110 100000100111010001010100010010001010111010011001001101
     0    110110001011110111011100110110000011001110010010001111111001100001011
         1110111100010000 11100001011100001110001000001000111010111111010111001
        001101101000111110 1101010110111110011111110110010010111010110100000010
       0100001110110111110 1111001000000001001101101000000011100110010101001101
      111011110001100001010 001101010000111010101001000110001011000111001110000
     0100100111101101101011 001100100000001101110110010111001011100100101001000
     1000100111011111011111 000111011111011111110100000011100110111110011101001
    10111001101111100100011 001000101101101100111000001010101110100011100010110
         1010100001010000 11011011000010011011111111100101011000000111011111110
             010011   0    1000001001101001101100010010011110000101100011010101
            110  00      101000101111010110101100010011110111111011000111010110