         1100 111        1 0011100000000010010001100011000100101101101010001110
          101111100     0   110110110000011011001101101000001010110111000001101
 1000  11    0010111       0101011100000110100011010010111111101011110001111100
  0010001 0011001111        001110001101011101000010101100110000011000011111110
   01110011110 10011     1 0001101010110110110000010111101101011101001100001001
   000001111101 11001   1100101101111010000111011000110010000100101111111110011
      1010101110 1011  0 001111001010101111011110100100001000100001111010010111
      011111001   010  01001001010010010110010110011100000000100001000001100110
      01110110110      11110100010001110101110011011110100000111000000110101111
      1110001111110     1000000110111000011010110000110001001110011101001101111
      111111010111001   0000111110000100011110000001110101111010111101001000101
     11111111100001110  0000011111110001101111100110001001001110001010001110111
    011010110100111011 00110010100100110101010011011111111100001000010011001110
   1000010111111110001 11101110101010101011111100110000011000100110101111001110
  0110000000101 011001 00010010001100000000011111001011100100111111101100101101
  10100000001111000001 11100101001100000011010101100101100111111101011110110001
 001010011111101101000010101110010110001001001000000110011010010010000110001101
 0111  000001100001001111010100100100101000100011000100001000001000001101110110
      1101 00101101111100000101000100101010101100111000001011001111100011100110
      11   01000100111110011010101101001100111100100001000101000000100111111101
         1000111000101100011101100011111011000010010011101110011110001110101100
        01011110100110110 00001111111101000111111011111111110101011011011110000
       0000101100100001101 1001011111011110111011101100101101010011000001011011
     1110011101000111010001 001010000111000011100011011110001110010010110011000
    00011110001001100011100 001111101001101101110101100011001111011001111010101
   010101110111110101100100 111101110000111110010110100010000011110100100010111
   1010010010011000100100101111010110100000010010011110001011111111000011100011
    111111111110100100011011011001101010111000010001101011010011110011010101010
         11101010111011011 1001010100100010110000111100011010101110001101101011
             10 0001     110001100111111101000101100011101101100111000101100110
            100  10  0100010011000001110011100010011000010100101001111111000010