0101011011011000011011110111111011101101011111100          00001000010101110010
10100010001000000010000000100000010110111000100000          1101010110110010100
10100110010101101111010000000001000010000110001101                 000000010110
111101011111000110001101010001110001011000101                      011001110100
011000110111001011101110111000101101101111                          01101010100
0010110001011110100010100111111011110111                             1001111011
011010101101110100110101010100010100000                               001100011
110101011001011101000001000100111101000                               101001100
00101101011011011000101011000101100110                                 10010010
01110001110101011010001101011010000000                                  0110100
01111001101101010110000010001101011010                                  1111111
0011010010111000001001001110011011101010                                0101111
0110010111101001110011000100110111001010000                              111100
1110111101001011010100001010010001010011001                              011000
011111001011010100100100110111100010111011                               111001
11001011011000011101010101111011100101100111                             011110
100110100001000111101000000111011  1011110011                            011111
001010101111000011000110011011          0100001                          100110
01111001000111010011110001011            011000                          100000
10101101001010001010111010111           1010100                      0    00000
10101010111111100011101001010           00010101                     1 1  11100
111101101100100011110101010100            000001                     10 1 01100
11000111011011100001010011111110           01101                     0000100001
1000101000110001001110111110111010           10                   1  0100101111
1100111011111101011000011111100110                                01 0110101101
011010000001001000101011100011011                                 1000110100111
01001111001101001011000101010001                                   111000000010
00010000110101000001001111101100                                    00000000111
11000000101001100001110100110110                                    10101000111
01011110011110011011000111111011                                    00101  0111
0101011101000011010110011001101            00                        0   110100