1100011110000110111110101101010101001000111100001010011010111110010001100000001
0010011111110011011111101000000010011111010100001010101011001110011000000110101
0111110101111000110100000011011010011101011000111110001000011101101100101000110
0110000010111100101100011110011101111110010100011010101001010000100011111101000
1111110101111110101110011111100100010000001110111011110010101101100000110010010
1001100110111100010010101100010101110110010000101000101000001100000001010110010
 101101001100010110100110000000011001001000010010111000101001100010100110001001
0111000011011000110001111100101001111000101001101100010001110100011111000111010
0110101011011110011010000001110110000000110101001111111011011001001001001111110
1001100100011000101110000011111001001001000010100000111101010011110111100010101
0011010010011011010010011010100011111101101100001001001000100110000100101111101
1001000011111110101011011111010010001001111001100000010010000000010110010101011
100110100111010110110101010010000110010010001011010000001110110100001000000110 
01100001100101110010101001000101111110100010000100100001010000000001101110110  
0001011111111110001010111110110110101101011010  1100000000011101001101001011110
0011100111111011111001100011011110110100101111010111001101110111101010101100110
1111000101010010110010111110010110000011010000101110000110111001010010101000111
0110101111010000000001000000111101010011000001100111110100110000110110111011001
0001011000000011011001001000111010100011000100000111010110101011101010110100100
111011001001011011001001000000110111110111001010110100010101011110001111111011 
00010000110100001011001110001101001110101100001000010101110110010001011110     
0001001100011111000100010011010001101100000000111010110111010000000100011      
   101  10011101101110001010101001111100000111100101011010101011111011 0       
        000110111101111010001110010100110111110001110110111010111110           
      100110110101111001101 0001010101111100000110 0010010100110101111         
      010000010111  00  0   1101001000111111010111 00000010011110001101        
        11011011000000      00110100001010000011010   001010001011111000       
         000100101010001   101010110110110010100000  0100100111011010          
          000111011110100  110010000101111001000010 11100101110110000          
             111100010110  10100110101100001001111 101100101011010             
              010011110111001000010101100011111100 00111000101                 