1100101100010000011000100010110110110010010000011111110001010010010010101011001
0111000000001001110000000010111111111111010101101110001110101100111111011100100
1100100001010101111110111100110000011011001011100111101001111001101111010000100
0110101001100010001101100001111110111101011110101100001001111000011101111111010
0011110111010100100110001111000010110001110101110101001000110001000011010110010
1011010011110101011000001011011110001010101011101100010001110100100111100101110
1001010000111011111101101001101110010000110011010001001001100011010010001010010
0111001110101110110011011011001000111000111010010000101100000001010001010101111
1111001110000100101100101110100100001011001010101100010110010010000010011000000
0100110101100100000111001010010011100111001001010110111000000011000011100110000
0000110110001000000100000100000110001110110011010110111010000011011001111100110
1000001001111101000001011100010101100011100111000000011001001011010111010001001
1111101000111100100011101000101001010110011110001100110111101001000011010111110
0010100110100110100110011011110011111001001100101100100111111110101011010011001
1011100010010101111101001110111010011011111111011111000011100110011001111010101
1011101001001000010001100000011001011111001011100010011011110100111111000011011
0011001001111011111111001100001111001110011011100010011111010111000001001100101
0000011110001101100001110000110001001111001100000110111011010110001110110110011
0000110010000101111011011111011011010111010000011010001000000011111000110001000
1111010101000000100001011111101000011000001101001000100010010010010110010011110
1100100010001011010111001110010110111001001000110111010110000100101000101001100
0111011100111100011101110010101100100101000011101110111100001011000000100110000
00 100000101010000001000111010101101100010 101100010000101111100000001001100000
111   101011001110110000100000011000011     00111111010110100010110100010001111
1001011000011101111111101000101110011010100101111001100011110011001001111101110
0000111110010000010100011100001010101110111010110101001001011101110101101010001
0100100111111001000110111001011001110110101010011111111010100001101111100001111
0000000000001011001010010000101111111111110110000010010010000000101000110010001
1101101100010000010011101011001110001010111101011001001100000011011100001100 0 
0 0 0   1111100010110100001110111010110101111111101000100111010000100000010 0  
           0100000   0     110011111111110101011001  1110001111001110001       