1010001  0110101000111000001000111001011111110   100110101101010100111010110111
10110100001001101000001011101011101000110011100 1101011110001101100111100011010
 1000011010101010111110010110010111111110101100 110101000100001111000011000110 
 01100100001110011000100101100100100101111101111001110110001000010100101100100 
 01111101010101101000100101101001010110100 10010001111101001100000100001100101 
11000001000000011010100000111011001000100100011101100111000010111000011100001  
1011110000100001111000011001100100110100 1111001100110001110011111001001000100 
100001011111101001010000011101100110110001110101001110011110000100010011010011 
 010010000001001111000011000010001101000101 0101001000011011100111000001111001 
101011001111000000010111000100110010000010001000010110111000001001111011011010 
101110000100110011110010100011101111000010001000001000100011100010100100110001 
01101000011110010011001011110100010000111101000111010000010110011000011111111  
 00010000111011011001110000101010111011    011001101010011111010101011010010   
   1110100011101000110101100111100100011  101100101010110000011100000000100    
 0 00101001101110010100111101011100000111011101110001100100001101101000000     
00001010001011001100110001001101010001101001100101111101110010001100111011     
1011011001101101100011011000010001110011110011011001001000100011100010011      
11010111001000100000000010000110001001011110001001011110100011111111110        
 0110001001000010111110100011010000111011001111110101110101101110011           
      1 1110011001011110000111101110000001100011111101010011000010101          
         111000000010011100000010000101001010111110111100001110100111          
           10011000101101000001001101100111011011100011010100011010            
             01010011100111110111001111111001001000100100001001000             
               00101100110  1000000011001001111011 1010000110011               
                1011110000  100110111010100110100011110011100                  
               011001110011 1001000010011111111010001000111101                 
                001100000101011100110010111010011110100111001                  
                 0100111100010100000101101001001010111111001                   
                  00101000001011100000111101111111101001011                    
                   0010011010101001111110100100000101011110                    
                   1101000010110111001011111111010010100101                    