0110011000100000000011000100101000011101101010110110010110111001110101101101 01
0001010101011001010110010100101010011100110101100001101111001011011111011010000
1110001111111010110011100001011001011000000001101110011110010000010011101110111
0000010001010110100111110001000010100111010101100000001010001001001111101101100
0100001010100010001000100000100101000110001001101010011000010100110111100110111
1111111111101011110100100100101011011100110101010100111011100101111100101000011
0101000001001000001111100111110110101000001000110000101100100111111110001000010
110101111100011001001101001101101111111000 101100111010011000011111010101000111
0101011001101011101000011100000101110001111000010011100000010101000001010001001
1110111000011010101001110111000111011001100010100000111111000101101111111111100
1000001111101001001101010000101101000111101100101010110001011011101000100000001
00000101011010010011110111011011000000000111101000101111010010100001001000010  
10001100000000110011111101101011110110110010110111111100001101110011001100100  
1111010011110101100011000011110101011010010000110000100001110101001011111110110
0010000011101000111101001101100110001001011001111101110000101011001100110010010
1000010011000110111011000000001011111100001001101001111011110011010101100100011
1000011101110001011000010011001010000101010101000000000001101100100001000110000
1100000011000000001011111000011010110111011010001110010001110100111000011010100
1110110100111011110010111111111000100110010110101101001100001110100001001111001
00111110001001001100011100111100111000010110110100110000001011000010010010011  
1011111100010001101111101101001110001010101100110101011100010001011111011010   
100101010101110110111100000101111110010011000011001111010110100111101101110    
01001101110101010101110000100100010111001110101000110100010010000101011100     
  011 0101110011011011011010001101111010100010111101111100111011100011000      
  001111101100111011000101110001011100000001110100000100010010010111011        
  111111100101010011001110 101111011111011100110110 01111011011101100          
   00        0001111   01   1100000000010010101011  01000001 1101101           
     011111                 1010000000110000110000  11000                      
     01000110111           100101000101011000110000 0010     00101110111       
     1001010100101000      011010000001100101110111    010011110001111110      
       11010000001000100   111001001011001010011100  0001101100001001110       