1111100001101011010010101110100111101101100010010110100000100011011111011111111
1000000110111100010011100111111100000111001 00110111111101011101011000111011001
0110111001000010111001010101001101010100101 00001100110011010101001000111010011
0101111110000011011010001110000011110110101101101101011100110101111011111110111
0011111100000110011010011011100011001111010011010001010010100110110000101111000
1010001000110110001001111100001111001010101100100001100011010000010111111101011
0001001010000011100000110001001001100100  1110111001111110010110101101100011110
1011101100100011110100111010100000111101010111110101101110000100101000001000001
1000101010101001100101111000111110011000101110101101010110011111101010001010001
1001110111011000001101001000101101000110111110110110011101010000000011111001011
0111101000100101001110111001110000111010001101010110101010010011100111101000100
1110011011011111010101100111010100101110011101100100011111101010111110101010100
0111010001100010111100001011101100001100010011100101100011101010011110101000101
0101010010100101100100100100100100101000001110100010101100010111010100101001100
0011001111000011100101101000011101100010110010010111001100110001000011110001111
1001110101100111001001100000101010010000100111010101111111101011110011110010111
0001000001100010110111001110111000010010000011111001100100101101000000001100001
0010111111010000000101011010100010000011010111001111000010100011110010111101100
0110010000011010010010111100110111001010110101001010011111011111001011001010000
1001110101100101010111110101100001000010110011010101001011000110101010001100010
1011010000110011101100011101111111001000110001100010001101100010000010001110001
1111011000000001110001001100101101011011    01010010000110100110101011111110001
100111001011111101100110101011010010001     11111011001010110000110010000000110
1101  1011001000100010001000010001011101010000010110101111101101011010001100010
0100100101001100101100000010010011011111000111110011000010110010001100001011101
0110001010101000000010001100110111111000110011110111100101010001011100101011110
11  101001011111000100011100001101000001010110101000111111101111011000111101111
1   010011110010110011100011101110111010001010010100110101011100101111010110100
  01110111011001101010010000010110110000111100101101110001000000001001100      
 10 1     101 0000011100101011110111101010010011000 0111101101101011100101     
             0 1 1         111100100011100001100101  0     01011 111100  0     