110101001000010001010100101010000111010011010011        00011010101011011101000
010101101101010101110101011101110101110001101100         1110010000100011000010
1000011110000111010101000110001000001011010100101               001011011011110
001011000000101111001000011100100101100101001010                  1011000010110
1011110001010111010001111010100001111001110                       0100010011111
11010111110110000101010010010011111011011                          011000111001
010111101001010001011111100001010111111                             00001101100
100101000010011110011110000001110111011                             01010100100
010100101000011010001001010000010010101                              0000110010
00110010000000001000010111100010001111                                010010011
01001011101000110101110101010010000011                                110111101
0010011101101000010000000010101111111010                               10110000
0011010011000100110010010001001110111100100                            11000011
1101001011110000001010001010001010000100110                            11000111
101001000000000111001011110011001000101101                             00110010
00101001000100101111001001111001001000000110                           00100000
0110110101001000010011100010001110001010011100                         11000001
10100011110111001101001011011011    0010000110    01                   00111101
101001111010100101100011111           10011111    01               1   01110101
011010010111101011100111101           011101101                    11   0100101
101110101010111101010100100           101000000                    01 1 1100000
001110110001111101000011101           0011001101                    01100011001
1100110010101001000111011011            1101110                 01 001010100001
0000100011101100011011000010011            100                  01 111010110110
010010101000101010001010001101100                                01100000101000
00010110000001111110101100111000                                  1011111000101
0101100010001111110000110011101                                   0000101000001
101111011100011110000011000000                                     010110100101
100000011111011000011101111000                                     111101110101
011001010010010101011111001111               10                    01    111100
100111111111000010011011101010               10                      0001010011