00011000111011100110001001101010001001011110010011011111111101110111010  11    
011100010100011011011011000001001011000010110101001110011101011011010110001001 
1110101001101011000000100011100100011011110011100111011011000101101011110010110
0101110100111101110100111000000010010001000010110110100011100100011101011100100
0100000001011001100011111100001011000010101010111000111011111110010111110100010
1010100111010100011011110101111011110111000000101010010101010110011000010110011
0111010010011101010111011000011010100001010111110010001011100001000000101100000
0010111100000000001001010000001111011110101000001111101111011001100010100001100
1101011110001100100010100101111111000100110010111010000101000111111000100100000
0110010101001100001011001000100011110010100100100100100001100011000100110100111
1010111101101011111110011110010111011010010100010110110111100011011010100001000
1111001011111000100101010100001010001101010100010000011001010100010000011110111
0000110010111001110011000010001011001000001100000010011011101101001010011111100
0101110010000110001000101100111110010100110010100001100100001100000101111010010
0111010101001000110000011101100111011100101011101100111010110111100000110111010
0111110101111000101110110101000101111100101100111101101100101110110010001110110
0000000000101110101001000000010011011110010101110110110000011111000001101001001
0100010100100000000001000001110011010001000101001101110000011010000010011111011
1010010001100001101110000101101111000010011111001110110110000100010111111100110
0100010001111110011001001000011110010010011100001101000011100100011100010101011
0011110000000011010001010010111111110101111101011000010110110110111111010110110
1101001010111110000000001010110111011001111001011101100100011011111110000011010
1010111100111110100010000100000100101111100100111000100111110011110001010010011
1000011111110100101101110010100000010101000100111101001110001011110110010001111
0011011100001100100011101100010010011110110110011001100101001111111001110111101
1001011001110101111111000011110110101111001000101000110000100010000010111101111
1001011101000110110101010100101001000101010110010101100001110101000110110010010
1000010111001101111101010111101110100001100110010110101000111101111010101000111
1100110000100000110101110000110000010110101001001010100001111111011001010110111
0011111011110011010000001100110000110000011111010001000111101101110111101101010
1000100100001000000110110111110110001001000100111110001001001001110001110100101