    01  1  00111110010000110101111111001000111010101100000100101011110111110100
    001 1   0001010011101110110100001101000000111111001010001000000001100001101
              00110010010000000111111100111111010101111110011101011111001010111
0101 110      10110111010010100110110001110001000110101000000011001000111111100
  00000000011  0000011100110010011101100001101110001100000000011011101101000010
   01110011101  000010101100101101001100100101000100110011111000011010101111011
   110110111100  11110110111110001101011011101011101001110100110111000110101000
     0000010011    111011110101111011100110000100101011100110110001100111010111
      0001111100    11100100010110010100011000001111100111010001000011101000011
      0000111010101  1110101001010000111110000100000101000100001100101001010100
     1000110001110000 111001110001010000010000011111010011011110001010000111010
   0100010111110000100 11001110100100111111010101100001010111100110101011011001
 001000011100000111010 00100011101110110001000101011010111110110010001001000001
011001001011 00101001  00100110001100010010010101100010001110001000111100011001
01110101001  00 011101 11101001101011010100001000100101100110110111100011100000
0100110 011  101111101 01111001101101110011100000110100011011011001011110010011
01110   10  0101110110 01111110110110010001011011010100000101110010011110001011
110    111  10010100011 1110010100111010011110101011001110110111000100000110000
00   01101  0110001111101111011010000101100001001001101000010100010101110001100
    111    1110001010011 100100011011010101000101111000101111111001010110111011
     0    001110010110011000111111111001101110100001010100110000011101010101100
         0011001101000111 10011011011001000110011010111101110000000011111111000
        010010000000000010 1100011100000100110011011101101111010011101111011011
      0101110100001100001110011010011010101011100000110110001100100110100000110
     11001000010110100000110100101110110111000110111100101111010011011111000011
    01010110001001100101011 101101110110101010001010010111111010110011111101111
    11010110011010011110000 001110111000000111110000011111010101110010111110111
    00101100000010110010100 101100100000111110010100010001011111111000111100011
         0111011001011010    01000101110011001100000101100001101100010100000100
             00 101             10101001001001110110110110101001001110000111001
            011  11             10000000111111000101100000110101101000010010001