100000110000101010001101110101001011000111000010010011111000010101001010101    
1111010111011011100110010010001101111001101010000001111101101000010111011010010
01001111110100000110001000110110000011010101000111110111110011101110011   11011
1100100110011001001101100101010010111111111101110011100000011101111000101110000
0101010100011111000110111010011011001110001000001011100011100101000000100111100
1011100101000010111011000100000010001111100101101001110010101011100000111111010
0010000001101110110110100110100100000100110000110100000101100100110010000100111
1000101000110110010000110110001100001110011101100100001111111010000011011111010
0110001011111101110111010000111011100000000111100010000011011101110111011010001
0100001011110110001100110100110111100100001111001000110111011000111100010000111
1011101111101100001111111110001111011101111101101100010000010101100011101101011
0101010000001010111111000100100111110111100110000010010100011011100010011101110
1001010001100110110110001110100111000010100000001110011110010001100011111110111
1010010010011001000111000110001000010101010010010001101011011100101101000000010
0011111011100011001010001111110111111010010001100111011011001010000100001110001
1011011001100110000011001100010110100011011000001110010001111000001111011110100
0000110000110010101001101000001010110111101101010001111001011101111010001010001
1011010010111010000000111110000110111101001011111011101001011000011011000011001
0101001000100111101010100001101010111101010000010111001000001001011010101111000
0011100011101010100111100011001001010110000111101011001011110010100111110110000
1001010001001010101101111101001010101000011101010001101000111001010101011000011
1000001011110110000101101110100111111001001000011001100001101011111100011100100
1011011011111001101101101100101101010100100100110101100111011011111100011110111
0100110011011100011000110101110100111001001111001001111011110000101100101101101
0101011010110110011000010111110011001110011111110111011100111100101101101100001
0101110000101010001101100100110000110100011111101110100010000111000110011000001
0001111111000011011010100001101110100111100010110011100101000001101001000111000
0101111111100011100111110011010010001100001100001001110000011101010111101010000
1000000011011100000110111010011001111111111001101001101101001001111101000001011
0111111000011000110111101010100110101011101011000001101010100100111101010010111
1001100111000111010001101100101000011100011000110100001000000011110011001011011