000010 101001011110010010101010001010101010111011101110011100011110010011000100
1000111111000011101000010010111111010011000001110101001101100110111001000101011
0000111010100100000011001001100001001110100001100111001110010011010001001010010
1110101010000011011101010101111100111101111011000110001110010101011101101101110
101100100111111000010101001111110101111101 001010111010001100101010111111000111
1111111010010011001000010011101100110110010010001011100011110101001100110100101
0001000000010011111101110100010011001001000110011110111011011101100100001000011
0011111100101000010000110000110001001110010010101001110001100100001001000110011
1110001010100010001011010111010010001110011000000111000100110100101011100101110
0001111110001001000111010010000111101010001111100101000111100010010110100010000
0001011111010011100110110100000001010001111101010101111100110011101110101111000
110110000000101001011000101010011011100011111110101110010110001110100110101011 
 0101001110111110110100001000011011010001011000001111100101100010010100110010  
  10010001010001111110111100101001  0      101100000011101101111010110111000   
   1100010101001110010101011011001111101011011100011010111110111011001001000   
100001011010000100011001100111011001000111011100011100110110011010000001011    
11011001000110100101101100001110011001001100011001011000000111000101000000     
1011011110011000101101101010000100111110000100110100110110000111110111110      
011111011010111010110111110100100011110010000011101101011111100100110000       
  1001001111001111110100000100000101010011011000110100110101010001111 100      
     1011010011011100000000000010001000111011111000100001100100010011          
      1 00110111110000001001000000101000010000000111111001011111111101         
          1010001111100110100001001010101100011010010111011110110100           
            1001110110011010111001000010111100010010000100010011000            
              110001000110  0100101101000001110011 10111110010110              
                0001110111  0110100100110010001110100111111010                 
              110000001111  100010100100100001100010011011110                  
               11100000111100010011111101001000111001011110101                 
                010101111111110101110110000010111001101101110                  
                 0111100001010100100111011000111110000000001                   
                  00010000011101001001100101010100100100011                    