1111100100000011010111111000110101110001101000011001111011110100100000001111001
0000100010101010100011110110101110000101110000000110110100111110100001000100001
1010110010000100001111100110001001100100010101110100010001000010000011000100111
1010111110111010110110011001100111101011101010110001011011110111101011101010001
1000011011011000010110001111000001111000001001000000110000100101011000000100010
00101 1111010100100011101001100000010101100001101001110001011100101001010100001
1110110111100101101010100100001100100111100001110111000100001011001101011110011
1001100100001101001100100000111110111000010100010101110111110100100111010011100
1010001000110000100001100101000000000011011100101111110111001111110011111010100
0011110001001001010000001100111010010011101110101011011001101110100111000011000
0101000000101001010110010001001110000100101001110010100001111100010010110101110
0100110101001100010101001010001000000101111100111001101110111100001110000100101
1111 00101001110010010011000000011010111111100100011001101101100110110001011011
0 0  10111001111101100111111011010001110101101110010010011001100001010010100111
 0   10100001101011010111100111101001000001000111000101011110010001101011000001
0    00110011011110010001010111100101011110011000010011110101101111011010101101
     01111111101101101001101110001001001010000110001001010010100111101110111001
1 0 101000110111011100111111101111111110101001100010010110011110101110010011011
0101101100011000110110000100100011100100011101001111010110000001011110101010110
0111101001100001001010011010001101110110001010100101010110000101110111011001101
1010101 10111110100011000010101010011100110110010101100100000011101110111000010
11010  110000011111010001000100100101100001000011101111010110101000000100101101
 11   1010011010011111000011110110011100010011000100111010000010001011001011011
    111001100000000010001000011100000011010011101111010000111011111010100101100
   0111010110010111111111101111001010110110111101010000110100011011010011101000
   1111000101111010100100000100010000110000110001101111101010001011010110000111
  00001011100101110100000101110111010101101000110111110010000111000110000110110
  0    100101000110111111000110110111111111101111111000101001001100000001010001
        1 11110100111001  10100011000011000100100011000000000011110100100001000
             111 010     010000110110011010101001101110010001011011001000001001
   011 001  110  111     0 1 11100011011011001111000001101010010001000101100010