1110010001111111110111001100011100001011101111001101010110000100101111111100111
0000011101011000100011110011010111001111110001010010010101100101110110100110011
1110100110000111100000001001000110011101111011001110001001010001011111010101101
0011111000001101010110011100000011000011100001000111011111111100001001011110110
1110011000010111010101101101100010111110111001101110011010101001011001111011101
0111010101010100001011001110110010100101100111111101010001110100011110110010010
0100110001100110111011111011111110010011001000100101111110000101000010101100011
1111001010010101000010001110110011001100001000011010001110000001011001111101001
1000001010110001101100000110010101010000000101000011000010001101100100011100100
0101100010111111100111001000100010000001000101111001100001011100011110000111011
1011011101000101110001100010010010010111111011010000110101100110110011001100100
0101111110001101110100001111001111101110110110111010010010011011101000100110101
0101010001001001001100110101100001011110011000101110100001101001100110010010010
0001111100101100001000101101100010011110101100111111101011011101110000110110110
0110110010010100100011100011111010110000110101000111100011101001111111000100010
0111111000011010111000111001110110110010000111010101100111101100101011000110111
1111100000000011110000111110111011010010011111001111010011011001101011000110000
1000100101011011111011111111110101111001010100110010110111101101110101000010011
0101100110100010111111100101110010111110111011100111111000111010100111010000001
1101010110100100101011110100010001001010001001010111111101000011000010110010111
1010111001100010100010100111011110000101000111011011010010101101100111001001011
0011010101110110001011111101100010001010011100110100111111001101100101101011100
0011011011001000010110110111101100110000110010001011001010110010111101000011011
0000010000000101111101111111100100011101001111011101001110010010100101000110010
0110000001001010101011010000110101000110011000110000110000011010110000100100111
111110111100101101001010101010111110000     10111100011011101000010011001011110
1000110101011101110110010100011011010001101011010100111110011111101110011100101
1111111110111101110111100000110000011010000101001100010010001000101111100000010
1010000000011110101001001011000011000001010111110101100001111000001111000000111
 011111101101101110000010011110101010010011001001100100001110001111010011110  0
   11111000001001101011110100111101000110011101011000111011111001010001000   0 