0111111011110101001011110011100100010111001100110011100000010111    11100011000
0101001111101011101000101011001101011111101011100100100100110010010101000101110
0110110010010100111010101011000101101000011000110011010000001001000000101010001
1110110010010111101011001011101101100100010000011111111011001001110111011010000
0101111101111100100101000010010010000000001100000100001111011010111110000010000
1101011100010100011000001001111000100010111101011110111110001000101101110111000
1101111111101100010001001111011011001110010010010001100001101011100001011100101
1011101000001011100010110101000010000111010011000011110101100110001101101101000
1010011110000110110011000011110111011000110011101111000101000001000110111000111
0011000000011000111110000110011001000110001011011100101011111101110101101011110
1010111000010001100111000010010010101001010101011001100110001001000100101100110
0000010101111010101001000110111101111001111101111110110011000111101100111100010
0110111000001001100111000111001001101000111101111010110011001011110111110100110
1001011000000101010101111100101001001110001010000000010110011001101010010000000
0101011101001010011011011001000001111100111000110011111111101111111111011111110
1011000010000001100010100100100111100000010100100000011100011000110100000011101
0110001110111100001110110001110101101100101000111111001101011010101011111001001
1010011011111010100011011100001110110010110011011100001111000011000100101010011
0110101100111111101111111100001001000110100001110100000010111110010101110101110
0111010010101101110000000111110001111111001110000101010111101010001100001110001
1111100001001000101111010011101011010010001010101110011101111100011001001100010
0110001011000110111011010001001011000110011000011010101110010100001001101110110
1010010011100000011010010011110000100100010111000011101010101111111101111001110
1001010100100000110110000100110001110111110001101001110011101100001001000101111
1100010101101011011100111011100110001101101001100010100010100001110100010100110
1100010110011100111100100111101001011101000101010101101011111001001011010011011
0000011110101100000010110000101011010101110110000100011001010111111111100111000
1000011100010111100011111010110101101101111111111000000010101101111100110011101
1111111000100111011110101101100010110001101101001010000011110000000100100010101
1111101111010101001000010001011011000101011101000110100001010101100010011010101
1111001001011101100000011100011010010000110010111100101110010111000000111001100