0011100110100100101011101110111000110010110100001110101000111011011110010101100
0011111111111110110011001011000010010010000110010110010010001011011010110011010
1010101100010100000110011110101011000010101011100000110110011111001111101111111
110100110110001111001000001011110010000010010101001000000001001001010011010  10
101100010110101001000100110011110101011000110111000101111011000000011011001   0
1111000001001111011000101000000001100010110100111100010111110010101001100111010
1010001111010111011111010010110101110010010101011011000100111111100101110101101
1010110101100111000010010111000001011111010011101001101111000101001101000011110
1100101001011001010001001111000100101110111100111001110011011011100110100010100
1110110101010000011011000001111000011011000011110010011100101110110110111101100
1110000101010101000110101011110100101001101011101000100010100001011111011011110
1011010111011110011000010111011110100111010110000001011000101000110000101000010
1011010010010101010100001000101110001110000001100001001001010100001100011111011
1010100000101100011001111011101010110111101100111000100001111010011010011001001
1010011010101000000000110111010101001110110101001111011111010101001110001011000
1011011001101001000001110101101000110110111000101110011111010101000111100101101
1000100110011011010000101000011110111000100010100011111010001111110001111111001
0000010111111110010001001100001100011000011100001100111010111000010100100010111
0011010000011010011111101001011101011010101110101100010000010001111001001010001
0101100000001010000000111110000000110000011000110011111011110100011011011011011
0010100100110101100110100110100100010111010011111001100101100001110001111101110
0010111100011110000101100110101100001111110011000000111111010111100100111100100
0000110110110101000001100110001100101101010100101000000100011001110000000101011
0001111111010010111000011100110100100001000011000011010010010101101000101011011
1000111111000110111101011000111111010100010100011010000100001111100000100000111
0100110101101011001010101110110010000000000010011111000101010011100000001110001
1001100101101100110001101110110110110000000101001000000110100110100011000101101
1000000101110101011000001101010101100000010101000000111001110110011100000110100
0000011101110001000001000010001111000100111101100010000100011001010110001111001
1100101000110110001011010101011000001101010110000011001101101111000101010101000
1001110100111100000111011100010001001011101010111100101100010001111100010100011