       101100001011101000011110010011000100110010010001010010100011001111110101
        01000001000101111000100001001010011110011010001011101001001111011111011
        10100010011001011110010110011101101100110100101011000101101011101001110
01    10    0010111001100111111001011101110111001000111001011010011011001010101
1011111001010011010110101000110100110100101010100001110011101110010101001001000
  10101110011110111111111000111101010011110000101000011101110101100100010101010
  11111110111111000111011101111110011000101010100101000010111100010011000001100
     11101111111111011011001000001010100001001100001010010010110011001010011110
     01101101000100101000000110110010101101101000100011111101111101001110110101
      0110100101111010100111110101000010110010010010001111101110110001010011000
      1101010100010001010101001110100111110011111100110110100100101001111100111
    111011101000001010101001101101000001000100101010111001011110110111010100001
   0111000010000010010 10000000111000011101001110001000100111111011001101010110
  0110011000111100100 110011001000111010010000010110000111011100000000111101100
 111010000000011001011 11101011001111101111001010001111001001011001000001000101
0001000111100010010000 00101110111111101100100100101010000000011101111111110110
0000110111 0 010001011 00101001011011101110110010001010010101001110110100101111
0100  1010 001100010110 0110010011011010000010011101000111100101100100001001100
01   01111  10111111110  110010010110011010000110001011100011110110001111110010
     110   1101110111000 110011011001110110100010010111000011011001110101110100
     11   10000011001110 111010100100110101110110001100111001011000111001001000
         0001101000010000 10010100110100110101101111100111111010100111100100010
        11110011010001000100000001111000110000001110100110110111110100110111110
       001001001110010101111011110110010101001101000011111111010100101110010111
      1111010000101010111001000011100000001010010001000001010000000110101100111
     01111001100000100011010011100010010100000010100001101010011111010010101010
     01011010100011110100010010110110110011100111111110010111010010011010000111
     11010010100000101111101110001110000110010000101011110111011010000100111101
     1   1010000101110011101111100111011101100110111110001110001000111110000101
            0101011  111  00111110111001100000100110011101111000110001110011011
            011  01     1110010011101001111111111001000101000000111001111010101