1111101011001101011010100001111000000100101101101111011110010101001111100010011
1101111001101000000000010000010010001110001000100101101000111001001111011100111
0000011110111001100010001000001110100011000001111001010000000100010110110011101
0000011011001001000100110101100001001010110000000001100101011100000010110001 00
101111101010011010011010111011001110011010111111101010100111101111100101011  10
010011110100011100000110000001101010100100101110001010100000100100110101   0101
0111001010000111010100010111000000110110111000011011110100110010110000111  0110
1001000111110111001101001001110111010110010101000111100101101101011110111100001
1111001100010000010111001101110111011000101000101110101001001001000111001011000
0011010000101010011101110110001101001101001000111000100000101001101010111011000
0011011101101100010011111110110101100000001001000110000110011100101110010100110
1000101100100111101010111011110101001110010011101110000001111000101111101110110
0011001110110010110010100110010011011011110000010010110010111101101001011110000
0010010011011000011111011101001101010101100110100011011110011000001101111100101
0101110000000010100010000111000010110100110001101010101000001010111011011100101
0110111001011111000011011001011000010110000001101100001000011101110111000001010
0100110011100001001101100100010111110000100111100110000100100101100110101111101
0001000000111111010110110011100001010110000011000111100000001100001111110000001
0000101011100001010001110100101001001110011000110101001001000101010001110111100
1100001011110101010011110011011101000100010001110101000010110000000000111010010
1110100110011010111111000010101001011110001001000010110000001111110100110000011
1000011011111010101001010110111011001100001001101111100011110000010010111001000
1110100000111100101001110110010001010000000011011011111001101110111010110101001
1100110100100100100111010000000110110110110111001011001011001111111001100010010
1101110010011111001111001001111001111101011101100100101011101101001000010001001
0001000101001011000111001011101110111001111000011100001010011001101111011010010
0111000101110100010111011010010110101110001001001111111100101111001000011000011
0000100011101001101110101100010011001000111101010110110010011100111000010010011
0010100110100010110000010000000001011010000101000001001001100001111111100000011
0100001100001000110010110111110010001111111100111001000101001100001111000100011
0111001101010010000001100110101001001100101000101001000000011010111111100000111