             00      01001101110 010     0011 1111   1101011                   
             01     010001101000 1101   0000011111   10011101                  
             111   1100111110111  010   100  11100101001100011                 
              11  011100100101111  1     1   00000000111100100                 
                   00010110010001011      011001100000010101                   
                 0100100000101101100101001111010110100011000                   
                 0001100101100101101101100101111000110000010                   
                 110111000110110111100111010101111000011010                    
                  0001000001111110100101010011000111100111                     
                     1011110110011110011110001100111011111                     
                     1100011001001111001000111001111001001                     
                     1101110111101011010101000011011111001                     
                    001001000011111100100010101001101001100                    
                      01001111 01010010001111101 1001111                       
                       0001011 11100111000001011 001010                        
                       110111001101000010010111101000001                       
                       11000100101111111110100101110111                        
                         00110111011011100100100101111                         
                         00100111010100111110010111101                         
                          1001000000000101110000000000                         
                           01001000101111100011000001                          
                               010111011011111100                              
                              101110100101101001                               
                            10100011110010010000                               
                              11 11100000100111001                             
                                011001011110001 10                             
                               1101110000110110                                
                               0001101000101000                                
                               00000100100111101                               
                              1101010010110100101                              
                             110110010110001110101                             