0010000111101011001111000100001011100100101011100110101000010101000111100100110
0001110010001010010101110000111000111010101110011000001101101000001010101111101
0111100010001011000010100010110001010000100110001010001101001110010011110000010
1110111100001111001011010000011100100110101110001111010011001110111111100001111
0001001001001111101111011101111000011000010010100010001111111111010001010101011
0101011010011011100111101100000111011101100100110011111010111110011010111000000
0100010000110001010000101001101101100100011011100001111100001111111001100111110
1111011000100001111010000101101101000001011100011100100011000100100000100001101
0111111111111011101001100111000001101100111001110010101011000110100101100010110
1000011110111001011010111000110000000111101100000001001111100011100101101110101
1100111111011110010101111100100110100110100110110010001010100001011010000010110
 111111011100100000001100011000000110011101111100111000100000010010000100111100
 110000001110111001000000111001001001010100110010100101110000010100000000100000
 001101100111111001011110111110000011110110011000100100010011011010110101100011
 100010010000101010100010011011101110101101111100001010010101001010110000100001
0100001111100011110001000110011001101000001011101011100101001010010101010100100
0010111100100010110100000111111110000011111010010111011011101100101111011000011
1000101101011011100111110011000001111111001100001010011011101101111111110010010
1010011110101001011100111100010101100100110010001110011101010010000010100110001
0110010110101100111011111001100000011111110101001001110101010110101010100101000
0011010101100110110101101100001111101100001011100000100100101110100101110000011
0110101010000001111110101001110010011000101110011011000100000111010101101001101
0101011111111100101001101011100011110011001111001001100110010100000100110010111
0010001101000101100111010001 11100100111001100111100111100110001111110010010010
010001001100001111011000101   1101101011101111100100110001011010010101011111011
101111000100010111000110110 011100011111110101001110001011100110101100000100000
111100000000101110101110000001 001110011111000001010100110111010101110100000101
01100010111010010101111101011111  111011001111001110010011001101110001000011110
11011010011010011010001100100001 1000011000100101010001101110000010001000010100
1000111011011000100001101111101010001011001111110110111000001000001101001011011
0010010100001000111100100110011101100000001010100111011110101010111011110110101