1011000000111011110100101100110101011101000111111         111000101100011010011
0110000100100110110110000110011110011001110100010          11101001101011101101
11111100101111110110100011111101111011111101110100               00001100001110
110001010011111111110000011011101110001001110                      011000010001
101100100100111011001010001101000100101111                          11101101100
0011000010011001111001001011001010101111                            10101100111
100110010000100110010111101001000100001                              0100000111
100101001010001010101100011010100010000                               101111010
01111110011110000110110100000001111111                                 11101011
11011111101000001000100001000001100101                                 10000110
00001001111001010011001101101110110100                                  0110111
0001111010100010000010100011011000110101                                0001101
1101000000000111100100110001101110100011001                             0111100
1011000001001010101101000100110010100110100                             0000011
110010111010001101110101100010000111110110                               100011
00011101010001110101000011000101001111010110                             101111
010010110111001010010011001010111 001001000111                           110010
100001011010101111110111001100         00010011   1                      011001
0110010101011000111000100111            010011    01                0    101101
0011011011011111101101011011            0001000                     0    011010
1001000100001100011010111100           111010011                    11 0 100011
10110111100001100100011101101            1100111                     1100100100
011010111010010111010011011000            111111                 1  01111001000
1101000100011011011001100010110100          11                   01 01101000101
010111000011111100101010010000000                                 11 0111011100
10111100111000101011101011010010                                  1000110110011
01111110010010111011111101101011                                   010001111100
1101101111111101100001111101011                                    101001000110
0110011111100100100101010011000                                     10101100010
0010100101010110011010001010001                                     0001  11101
1100011001101000011011011111100            10                           1000101