10001011001111100000110010100101110001101101010101          1001101011010001111
000100000111011101101000101000101111100000101101100          101101001110100000
011101110010101011000000011001111010110111000110000                010001100000
01010010100100100100010101111111001100110101                        01100110011
011101111001110011110110110110110001101100                           1000000000
1101001010110010001111001111111100001111                             0000101000
101110110101101000110000001001001011011                               000110001
000000101111010101110000101110100101111                                00111001
00111000011100011111000101010010011010                                 10001011
00100110101110010111110110011101111010                                  0101011
111010000110000101100101101010000110101                                 1101101
1000011100011010100011001111101010001001                                 010101
1000101000000010000101111010101001011000000                              100111
100101000101010101011101001111110100100001                               000100
1001001110100111001011011111000000101101000                              010110
10111010011100111111000001111011110110011101                             000111
011100100001111111011010101010111        1001                             00101
000000001100011000111111111001            1101                            10100
101110100010101001110111101110            0100                            11010
000101001000110100001101100011           101101                      0    10101
1001011010111111101000110001110           00001                      0    00000
11111101001000001000010000000110            1101                     01 0 01000
1110111011001110010010100111010010          1101                      100101100
11010011001001011111001001110001011                               1  1101011011
1111010100101010000111000010101111                                11 0010011001
1100000011011011000110100111100010                                0010111111101
101011001011111010110001001111100                                  001100101111
010010110000100011011011100000000                                   00111000000
11110000101010101011001110100001                                    11011101101
11100011100010011111010111010011          001                       10001  0010
10110100101100111001110100000000         111                         1    10011