                                                                               
                                                                      1        
        10                                                         01010       
        00000   1                                                 11011        
           110111                                          111011010           
          00101010110                                      0110110100          
            1101101011                                     0111010010          
            0011000101                                     0110101101          
            1110000101                                      000100101          
           0011000111                                    0100110110100         
          00100000110101                               00111011011101101       
        01000111110010101                             10011101001001011110     
      000110111011001100100                           1010110110010000011000   
     0111100111001001110011                            0010110010110111111001  
    0100011001010100101001                             011010000001010001000010
    111011010001100 010111                             010100 101111100   11011
   010010100 00100  011011                            10011110101001100     0  
   011101   111101000111100                           110110010011001100       
   100     001 011110011010                           00111011000001110        
          1110  010000110011                         010011101001100000        
         011  01101110011100                         010001010010011100        
         100 0001110011100000                       100011101000010100100      
            11001010111111001                       1101100111010011101000     
          10011101111110100110                      0111001101011100111111     
        1101011001101011111110                      0000010010100000100011     
       10111011100000110111000                     010111001000000001000101    
      111001101111000010110101                     010100010001100110011111    
     1110111110001011010111101                     001010010001001101101 00    
     1   001111001000001111000                       100111010011000           
            1100110110001000                              001 1101             
               100 1000                                   000  010             