                             0   011                                           
                           110 010        1                                    
                           0101100101     10          00                       
                         01100011110      11           11                      
                     1000111001110        010        0111111                   
                      11111110101001       10       01011100                   
                        110111101110       0001 100101011                      
                     000101001101           01010111001001                     
                   0110110101001000         1010100101001101                   
                  011011110100110110       000001010000010101                  
                   11110000001101100       110010011110001100                  
                  010001101000011111       11100110100101100                   
                 00100110011000110           1101111110110111                  
                 00110100011110011           11111001010101110                 
                  0111010010100 10           11 1101000110011                  
                 01001000011110 00     0     10 10110000000001                 
                 10001001110001001   01101   01000001011001011                 
                111100110110111110   10100   100100000110010110                
               111001000011011101   0111010   011100101001100100               
               00110101001111001111100101000101101110110010110100              
               00111010010010100111111100110011101000101101010101              
              000000100010001101111110111000010010010010010011110              
             01100001110001110011001110 00111011001010101011100101             
              00100101010011111101111    00101100100000000111100010            
              010010011110000110111         10111001101011111111 00            
              010101010110111011               0001111111110111000             
             11001011001011110                   010111111111011001            
             0  00000100010001                   000011010101110100111         
            11 101110011101111                   01101001011011011100101       
              11101011111110001                  010001101010101100011101      
             1001011000110010001                 0000001100111001101010001     