                       110   001                                               
                        011 010  01        01            1                     
                       110010001110        11            0                     
                       00000111            10             10 1                 
                    11111010000101         10         001010011                
                    100010101100011        100         1100 10                 
                       010100001           111  1101110  11                    
                     1010010000100           0010100000010                     
                    000101010100101        1101000101001001                    
                   11010100011001100       01100011110010111                   
                   10010001100011011       0011010000111000                    
                  001001001100011011       00100011110001011                   
                  01010101010111111         10010100011010010                  
                  11111101101010100         01001101001110000                  
                   1100001100111011         1001011111001100                   
                   1110011100010011   100   01100110101011010                  
                  00101001010010000  10000 101111000110001110                  
                 1000110110110100000 00100 1110110100010101101                 
                 111101100011100101110110100111010110000000111                 
                11101011001101010001001101011100001101011000111                
                00101010000110110101011101101110001100001111011                
                101011111001000010000101011011100010101000011001               
               10011011111110000011101  010000100011000011001011               
              10110000111100110000111     10011110101000110111000              
              100011101101000010011         000010011110000011000              
              110100010111010001               10101000101010001               
               011010011011001 10             10 110110000001011111            
                11011010000011 11            10  10011111100000101011          
               1111100100110010             10   1110100101110101010010        
               0111111011100111                 011010010110001101110010       
             1101111111111001000                1011010001011010101001000      