                     111   010                                                 
                      010  000 101          01             1                   
                    0111110011000          111             00                  
                     000101010             00           0  10 1                
                        0011111001         11           00110011               
                     101101100111          00            010 00                
                        10001000           00100101011   010                   
                        00001110000         101011001000101                    
                      10101111111010       00011100010011                      
                     1100110001111010     100000100011001                      
                     1011101111011010     0100100011011100                     
                     1001011010101100     0010111101111101                     
                     111000110010110       111100010110101                     
                     001110000111011      1011001011011000                     
                     0011111010111101     0111000011101000                     
                     0111110001110101 000 1101100000101000                     
                     0010111000000101100101101110010000000                     
                     0001000100001110111010110110000111011                     
                    111011101001010000111001010010000110000                    
                    101110000100111110111001100001011111111                    
                    011110010010111110101110101101011001101                    
                    1110101011010011100 1010010000110110100                    
                    111011101110010001   101000011010011010                    
                    0000111101000100       0100110100000100                    
                     110111011111010       101001100011011                     
                    1111100110100101       11000000010101011                   
                   01111010101101000       01100011011101101100101             
                 100101110101110            1  010101101101001101011           
                 011101110001111               10111010011110111111110         
                10101100000101010              110101100111011101110001        
               011011000000101110              110101111110010001010110        