                      11                             0                         
                       001                           01000                     
                        100                         11010                      
                     1111010                        1011                       
                       10011010                     1110000                    
                    001010101                     01000011100                  
                   100101001011                  0100010111111                 
                  10110000001001                110001001010001111             
               11111010110100100                 0101100000111100011100        
           0111110001111011100                     001111010011101110010100    
       0101010000111101000011                        1100000011110001001010110 
     0111111101111110100100                        0010101    0010000001101000 
    011111000100111   1100111                      11101001       0001010101110
  010010100110010    010011110                    01110010010         010100110
  011100000100     010010100101                  0001011000101          1101000
 10101011110       1001110101010                 011011101011              0001
 1011100  0        1010000110100                  010000011100               1 
  11 01           000110101001                     00000101101                 
                  010011110111                     001011011                   
                     110000100                     11100111011110              
                    1110010001                     01101111000101000           
                  111000001111                     1110111010000000110         
                 0110101110100                     0001001101001101001011      
               101100010111100                     0111000101001001011100101   
            100010010011111100                      01110000001010111111010011 
          10001101010101100111                     1001010111001110110010010000
       01011101011010101100100                     1110111011101010000101111001
     1011110111101111100001000                     1000011101111010101001010111
    01011111011100001111110001                    00100110111001101001010000011
  0011101000111110111101010010                    00011111011101100001010111101
 10011000011010111111010101110                     0010100011001111000001001001