                                                                               
                                                                   10          
          1100                                                   01110         
           01001 11                                            0011            
             010010                                       100011110            
            100011110001                                  100110001            
              0000110101                                 10101111001           
              0110100111                                  1101001101           
              1011101010                                   101100000           
             1100100010                                 1000101110101          
           11001010011011                             00000101100001000        
         111011110000111001                          0011110010110010110       
       0101001100101110100101                        001011111010100001101     
      0001111001000011100000                          111001001111110110010    
     00111000101000001001110                          110100110001000011010    
     101100011 0101000101111                          011011 11010100 0010010  
    111000010 111110 1010110                         0011000010010001   01100  
    00101     01100 11001100                         0000100001001010          
             0010110000111011                        00001111110001101         
            11100101000010011                       001010001101010100         
           110  00011000101010                      1111110011011011010        
           01  010101110011000                      11101010010101111111       
             101001100100010011                    0111011000010010110110      
            1001101111001111100                    1111000000011111000011      
         1110101110000010110100                    10100010111111111001011     
       0000000101001101011011001                   11000110000100010001011     
       1000111010100100100001010                   00000100101101110111100     
      01100011100000011110011100                   0110010101100101100000      
           111101010111110011111                     0010101010101000          
              0110110111101001                           1011 111              
                1110 000                                  011 101              