                                                                               
                                    00                                         
                                   110    0                                    
                                  1011    010                                  
                           101  110100     011                                 
                            0100101        10011                               
                       01111111110001      0000001100110                       
                      1010111101001001        11011001010                      
                    00100100011010          111101101100010                    
                   01101101011111001       11101100000001110                   
                  100000101110101011       001100011110001000                  
                   00011101000100111       00100111100000101                   
                  00011110011110100         11111110101010100                  
                 010010101011010               011101001110101                 
                  10000110111                     11101001111                  
                 110111011101                     010110101011                 
                 0101011000010       10100      110101001101110                
                111111110111001      10100     0110101010011011                
               00100101001011011     10001     011000000011110                 
                0011000101010001 0110010100110 0111101100001010                
               11110001101000011111011110011111111011010000010                 
                111101011000001111  0100100  111010011011100000                
                 1010111110110001010010 1001111111000100110000                 
                 111111001111101101000  01001110111110000011110                
                 011011110110000101         011010010100000101                 
                 10110101100001                0111100001011110                
                011110101011                       111010110011001100          
              11100000111100                       101100000100101100101       
             0010111000111111                      0001010110110000110000      
            00110110011001010                      001101110111000110100101    
           1110001001101000010                    11100100001111111001001011   