 1001100111111 1       00010110010111111100000100101011110001000000000110101100
 10001001111101 0     011000101101000101100111110011101101000000101001001110101
 1  0110001110 0       11110101110000101110100010001000110010010101110110100111
 011    1     0       100001011001011000110101101101010010111001000001000011001
 111000110 111       1 11000110111001100100001110010000110101111000001010011100
    10100101100       110001111100011000100001110101100101111110010000011101101
 11010001111011  1   1001001000011010100101101111000100111110111111000101111000
1111  1011011000  0   110011010101101111110011000100111100101110101111010001010
1010111010100101  00 0011111110100110100001111101010111101010000001001011100000
11000101011010100     000111001111010001110000010010111010001101110001101100000
00110 1010000011111    01101111111011101000101101000101111010110111101110110011
00001 010111011111110   1110011000101111101011110000110001000011110000101100100
 10  10011110001100000  0111011010110010110011100010010100110000110000000010111
    000101111111000111  0100010010110000000010000111011011001111000100011011110
   010010111010100110    111010100000100100101010111101001101000100000101000010
   101010000000110101     11110111110 00010111001100011000110110010110110001011
   0010111000001111000     0 0 010 1     00101100010100000001100101001110101000
   00100001 1110010000        0 1 1     110011101110101100011000010101101111011
  110110101 10001101111                1111011111110000111011001011010010001110
101011  011 11100010001               0 100000001101101001100100111001011001110
00     01110010010010000             0 1011101001001101001101111000000111100010
101    00 001011101100001            111100110110001011001111100100110011001000
 0 110  10110101100111111    0       010111100011001000101011011011111010011111
 1100   101011100100010111  0000011 0001111001001110011101011110011000011101101
 101   10001011110100100110  11100  0010001000011001000001111010001100000100100
  0   101101010101110110001   00110   01100110001110010000001011001001011100110
     10001101101001100001100  101101 010010001100010001011000011100010110111100
    101101010010101001101000    00011011111011100010101010111010110110101101010
    011111001111101100011110    1011001011111001110101110001111001101100100100 
         0010100100000001       11000001101100000110110110011111001100101     0
             011 000         1010001101010010001010111111111000 10        11111