               1110001111101010110100011111100000010000110100011010110111010001
              11001101101011100100111001011011011101100011010000000011011100100
               1100100001100010001011111100010100111010110011010110111110001001
               0110000100110000100011101100001001100100001010110001011011100011
 1110111 010   0100010011110100000100101011000010010011100010001110001111111111
  10100010110   001100110101100100111000000100010001001111101101100110010110100
  010110111100  110101110110100100110111111001010100110110000100010000000100010
     1111010111  00100000100111001011111000101101000101000100011010000110110010
     0010101110    110000101010001100111010101011101010000010010100010110011101
      101110101101  11110011010001101010010101000001110000010001010001100000110
      01000001010111 1110000111111101001100001010010101100110011110100000010010
     01011000100100000101010000001010010001001111110011001101010100111000100000
    001101110001011001100100100110000100101111000011011100111010010110101111010
   111010001111011101 110101100110111000011101101111000011001011100100011110010
  1001111000011110110 110111010101000001000010010001001110000101001100011111010
  0000100011 001010101 01000001000011000101001001010101101001110111011001110100
  1000110011 110001010 10100011010011100001010100101010010110010000001101100000
  10101011  1111101010 11001001011010001001101100011110101000100000011100101110
  0111100   01001011010 1111111110110011111000100010000100010101101001011001000
  0011110  10100001111101110001110110110111111100111011101111111111010010010000
     10   01000111100111 001111100011110010110010010110110011010011000110110100
         1011001101001110101011010000010100101110110011011000100111010010111101
        11111100010011011101011011011101001011101001111010100110001010111100000
       0010001111000001111 0001100001110001000111010110011001100111011111011111
     11000011011000100101101010001001001010111001000100000110010000100000001011
     0001011110111010100011 110011010100110000101001011101110000000010100000100
    010010001111101111110001000101000101000010010001010100111010011010110110010
    010011101100010010000010111111000010100101011011100110100000101011001000000
    1   01101000100111111010100010000001101110011001111101101000011111011000101
         1  1011111 1100 000101110000011101111101110001010010101100010000000011
            100  11 11111110110010000100001111010000111110001101011100101000011