                                                                               
              1                                                0110            
             10001                                           100001            
                001011                                      0000               
               0000001                                 110010000               
                 100000110                             1010010110              
                0110010011                             01000111010             
                1010011111                             01001000100             
               10001101010                               0101110110            
              00101110111                             01000000100000           
            000011010010110                          00101010100000100         
         1000100000100100110                       00000011011100110010        
        0101000111010000111010                     111000111100010000100       
       10100100110111101101110                      001011010000001111001      
      000010111  111101011000                       000110100110000101000      
      00100111   101000101100                       0000011101010001101011     
     0001111 0  000110 101001                       0010011001001110000100     
     01  1      1010010110100                       000011110001101 1   0      
               110100001111011                      101011101001001            
              1000100001111011                      00011101010001001          
              010 1100110011010                    1000100111101110100         
                011101011101101                    001001101011011001011       
              100110100100010101                   1011010001111010011010      
             1100100111110011101                   0110001110010101100010      
          0011010100100111100101                   1010100001110010011110      
        100110101110100011011100                   10000001001100001001100     
       01010110010010000001110110                  11101100010111000011101     
       00101101110000001101001111                  0101111110100010001101      
           1010011001111010101101                  010011101110110011          
               1001100010111101                         0011110                
                  0000001                                00 1111               