              10001110100000011111100001000111011011111110110110011000011100011
              10111101001110100101000010001001100000010011001011111111000100001
               0011001111010001101010111110000000001111100001110010001101000001
                001010001011110010011100010100010000100011000001010111011001110
 0110010 01     001011011011010011001110010100011110111111000010000111100110101
  01001110011   110011001111011010000101001100011100010010000000111001100110011
  001000101110   11111110000110001101100100101010101011111101010010111110100001
     0111011010  10110101001111110000001011011010111000101000010011011111000101
     0101001010    101001101101110000100111100101010101100010110000101001001001
      110100101101  10100001101011011110010111100101001001001100010010100101000
      10000101011001  101101011101101001110000011011111011101010001011110101010
     11100010001110100110001100100011000011000110100001010001111100100111110001
    111101010000101000 11000101110100010011111001111110000111110110101001111110
   000111000110000001  01110000011101000100011001100011111110001111100110011010
  0010011011100010001  01100000001000101100111000001011000000101100110000010010
  101101100 1011001001 11000111001100110000001010100101111001010110100111001010
  000001100 1001100010 11000101100110001111111111011010011001101000001101100100
  011111101 1110010001 10010001011010111000111110111000011100011011100010110111
  0010001   11101001111 1001111001010111110110001111100010101110110010010001001
   0010111 01011001111010001001111011011010010100100010100000010001101111010011
     10   11110100011001 101011011000101111100010111011100001100100001100000110
         0010100001101101011110101101000000000101101000010000010010000110000100
       110111010011001111100110110100001111101001110011111000111001101010100110
       0010101000110010101 1001110100011010101110011000010111111001101101000101
     00000101101010100011000001101111011001010101101010110101011000110110010100
    010101000001011110101000100110001101001010111110100000000110010110001101101
    011011010010100100011000001110000011110110011011101010111110110111001010001
    101011000011000010011111101001010100101010001001011100100011110101100110100
    0   10000001001011101001101010010101011110000111110100111101001010001100000
             000000  0010 00110111101101100100000000110101000110000010011101100
            111  10      101010110000010011111100110000100100000010001010001100