                     011   010                                                 
                      0011 000 000          01             0                   
                    0111000100000          001             11                  
                      11100001             00           1  01 0                
                        0100110111         10           10101010               
                     101011111011          11            100 10                
                        01001101           01110101011   011                   
                        01101110010         101001111110100                    
                      11011110010101       00001000001011                      
                     0101001101011010     111001001111011                      
                     1001000110100000     0001000101100101                     
                     1011111110010110     1100110011001100                     
                    0110101000111001       010000000111100                     
                    0000100110010000       100001000111010                     
                    1011111000101111      1101100111100010                     
                    0110010100010001  000 0001111101000100                     
                    010001100000100000000100011101010101100                    
                    000100100000100000000001000101110010110                    
                     01001101000110111010110100110111100111                    
                    100111001111000000100100111110100111001                    
                   11100010000000111010001001110001001011110                   
                   00011011010100000100 1110110010101011000                    
                   1100010011000001000   1010100000000110001                   
                    0111000001101011       1100010011101101                    
                     0001110001000001     0011111101001000                     
                    11010100000010 00     10 011001010001000                   
                  1101101010101011 10     01 011111010110001010110             
                 001100100001101 0 00     10 0 101010001001111100000           
                 110001111111001               00110101110001110111000         
                11011100110010100              010011100001011010011110        
               111101110001000000              1011011100010011110110010       