1111111101010010011111101010010010010011111111001          00001000100010101001
011100000101110000100001100010001110110110111100010         1111011011110011100
001001001111011001001000000001111110011010010010001                100010001001
11011100000111100010010100111010011001110010                        10000000100
001110001110001110000100100011111100110000                           0010100100
0010100100000001010001001100110010111110                             1101100110
000011001110011111010001100000001001100                               010110001
110110110000001000000110101001111111111                                10011101
11111110100110110011011010110001011011                                 10111010
01001010111000101101001100110000001010                                  0010100
100100111101000111100101011010100011010                                 1001100
0101010000010010001000011100010000110100                                 110110
1001011010110101110111100011110011100110110                              110011
001000010011001110110110110111100000001100                               100100
1100101101101000000001011101010010101111110                              010100
11111000000000001010111011001010100011000110                             101100
1011101110010111111110010101110100      11011                            101110
101001111000010111010011010000           011001                           11001
01111101001000000010001000011            110000                           11011
01100110110110101011001000101            011101                      1    11010
101100000011101100111001100111           0010011                     01   00110
1000110000100011001110100110100            01010                     10 1 00001
00011000100101001010111110000101            0011                      001100101
1110010101101111010110100110100101           1                    1  1011110111
0001110101011011010010010001000100                                10 1101001111
110100010011100000011111001100110                                  110101011100
010000110110010111110101001100010                                  111101101000
01100010001001001110101111011010                                    11011110110
01101101111100011110000010111111                                    00100110100
10101000001011010100111000010100            1                        01110 0011
11010001111000000000000111111111          101                        11   11101