         1101011011010011011100000001110011010001101011110100011011111011101001
         1101001001100000000000010100100100110010010001110111001011111000001100
           00010011001111011101111000111100101101011101010010010011000110011100
      1      001110110010000100011111011011110010101001000001010110100010011001
 1110110       1001111101100100011010100001010000011110001111110000010110101010
   11111001000  010001001101100000110011110100001110000100001001000110100010100
   111000111010 010100110011001000101000111010110010101101100101111111011000110
     1011000001 001000001110110010010011101111000100111001011110101100100010110
     0111011101  11101000111011010100100000111110101111011011010010010100000111
  0   01000001001  000100000001001110011101001000000010011010001111111001110101
 000  0100001100110100000011111000110110111001001010010101001111100001010001100
110  01011100110011110110011011011010001110011000111010000010110001100010010010
 0  010101001100000100110010110010110110100011001000100100111100000000100001101
0  1110001000011001100001101101101100110110101110101010101000001100110000110000
  11101111000100001100000001101011010101010100000101110001100000011000000010010
  10010011101101111101100100001100011100110101001110101011010010101000010011100
  110100000 0011111001100111001010110110001100111110111010110110010011110011100
  100100010 0111010011011011110000010010110111000110100001001110001111000000100
  11110010 01111111111011110100010111101000110000111110001111011010010001001001
  00100101 01100010001001110110001101101111101100101110000011010110011111110111
      10  100011011000110000110110100010001111100101101011100000001110101000111
      0  0101000110101101100100001001101011001101101101001001100001011000000001
        01000001010000001010111011111001000000011010100110111001011101100000011
       011101010001110110101110001110100111010010001100111010111000000001101101
      0011000110000111011001111110100000010011010011101001100101111010010100000
     01000001000100000111001111100010100000000000111011010011100111001110011000
    101011000010000110011100110111010101001000010010011000110010000101001010011
    111010011001110000111111111111010101111110110101100001001110100111110110110
    100101000110100001010111001101100111100010001000010011000111110010101100010
         0001011010011111   101101110111001100010101101110011100111011001000000
             10  11          01101011000100000000110100000001010101111010000110