                                                                               
                                     01                                        
                                   0011    1                                   
                                  000    11110                                 
                           0100 111011    00000                                
                            10011010      011111                               
                       00010110011110       100011000010                       
                      0001100011001101       110010001111                      
                    000100011000010         100100101101001                    
                   10011011010011010       00110011110110011                   
                  0111111000100111100     1011101101100011110                  
                   011110010011110101     111101110110111101                   
                  101001001100110011       110000011000110101                  
                  00000110101001               11110100110101                  
                 0101111101000                   1110000000101                 
                 0101100100101                   0101100011000                 
                101111001101110      10000      101110011110011                
               11101110101100011     10111     0001110001010000                
               01110010001001101     01101     10011011110011010               
              100101001101000111 1101100000100 110001111100111000              
               1101101001010101000111100000101001010001101100111               
               0100110001101001101  1001100  1101010011010100101               
              1011001101000101000010110 1101000011100000011000010              
              000010001001101011111110   001011000010110100000110              
              000010110001101110000         1010110001011100101001             
              100010100001111110               0001000010100100101             
              100001111101001                     000110101100001010           
              110101000000110                     110011010001111001001        
              110111101110000                     00000100101010011110001      
             00011000110011111                    111010101111110110111100     
            010010100010111000                    1100101011000010000011110    