                                                                               
                                                                               
                                                                       100     
      111                                                           11000      
        000101                                               0001001110        
        01101001101                                          110010010         
        00110001000                                         1001011001         
          1101000011                                        0011010111         
          0100111110                                         010011011         
          111111101                                       1101001110001        
         0011110111011                                  111011010110011101     
       0100110110001011                                1001001001010001110110  
     11111101001101111110                              011001010111111001110100
    100010001001000000100                              111111010101011100011101
   001011001001111110101                                01101001 10101000001110
   10010110 000001111110                               111100110  01  001111000
  0001011 1010 11 101001                               1110011000 010      01  
  0110111  11 01111000011                              00010110010100          
  100 0   00  10000110110                             1011101001000000         
         110  101101011111                            10100011110010010        
         11110110101101101                            000101111010100011       
        00  011110110001011                          11001100110110010001      
          00001010110001110                          111110100010000010000     
         100000110100100101                         11110110010101011011011    
       011111011110000001101                        10111111111110011010000    
     01000000110110011111001                        011000000111100000011110   
     00011010000100100111001                        110001010001111111110011   
    010000110000000001010101                        0001101010111101010100     
    000100100001101101100001                         1100101110001011          
          1010101001101100                                0001001              
              110 101                                     001  111             