10100110011011101110101011100100111011100101110010          1000010010010111010
010001110010000010101100110101011101111010010010101         0101110111111100010
001101100011110010111111100111101111101101101110011                010001101100
10110001111110110101000001000001111100100110                        00001010010
110010000110111011100101111001111110111000                           0100001100
0001110000010001111100000111011111001111                             1000101110
001100000101111000101001000100001101001                               100101011
000101010101101111010110010011100110100                                00110111
1010000100111010011000100111101010001                                  01010100
00101110100100111110111111011000011000                                  1111110
101101111010111011000010010011000110110                                 1111100
0101010001111001100100100101110000111101                                 000101
0010011001000011001000000101011001111001011                              001010
010100101101010000011010011010011111011000                               111110
0100110100100000010011100000000000000100100                              001010
01101010111001110011100110001010010000100000                             110000
011011000100001011000101111111100        1001                             11111
110001000101000001100011010111            00100                           01011
110010110110011101111001100001            10010                           11000
110011110011111111100111100110           111100                      1    01110
1010111100100101110110101011011           00001                      0    00111
00001101101011110011001111000001           01001                     00 1 01101
0001100110110000111000001011001001          0111                      110101111
11010110010100010001101010101001011                               1  1011101111
1110011111111101110110111110011100                                01 1110001001
0101111101100001100010011111111001                                 111001000100
010101100011100001110110101101111                                  001111100110
110111101110001000110101010110000                                   11000101110
001001010001011011100101000000010                                   11110100011
00110001001000000000111100000001           01                       011110 0110
01011110100000110101011010011100          011                        1    00001