               0010101110111101000110000001000001000010001010011010011101110010
              10001110111001010001110011010000010000001101111001011010011011101
               0000001001101010011001100101101000110001100001001011000010001110
                010011101000010101011010100100100001011110000000010011100010011
 0100110       0101111111100101100101111010000101111111111100001001011111001000
  00000100011   010000100001011010100111000011111011001011011010110000000001001
  010011111110   11010011110001001011110110110111011100110011100000110110111111
     1101000011  00000101111100111111101000001001100010011010111101001010110101
     1110011101    111101001111100011001101011000010100011111101111101101010000
      000011000110  00101001010001101011011010011000110101000011001000110101111
      10101000011010  010010011100111001111111011100000101011100010111000011100
     11110111101111001 00001010110001110011100011101011100111100000000000000011
    010110100011101010 10010101011110000100111000100010001110000010100100001011
   011110010000101111 101011100100111111101101000111010110111001010110110001001
  1101110110111110100  10010010010000100000010110101011001001001110101010111101
  10100111000010011001  0010101100001010100111011000111110001000100101110001111
  0101100011 110011010   101111011111011011110011100010110100110110110001010000
  10001011  0101110010   111101001000010000111110100110100110100101111010110100
  0011100   10111000001  010110101000101011101011100110100001100000100101011111
   1010001 10011001111100011000000000000000011001111010101010010011001000101011
    101   10010001010100 100110110110000111111110011001110011111001011101010110
         1100001000110110 11111111111110101111101100110101100001101000001111110
        11011101011111000 01110010011101010010001000110110011001011110000001101
       110000000000110100101101000100111110010011110000110100100110110011010010
     11010000100100001100000101100011111011111101010000110101010101110100011010
    100101010111110101111010100100001111111001001100110010110011000011000101001
    110100111110111101010100100001010110111001000000110101011101100100101110101
    001011100111001101010101011100100010110110111101110101101010001000000101011
    0   01110101110111110111100100011111000100001101001001101000010110111011110
             000001110100110000100001000100000010001000111101100011011010110001
            111  11  0111011001101101111101001100000010011010111010010101110100