11 1                                   1100100111001011111011111010011011000000
011                                     010000111110010110000010100111010110001
01                                      110000010011001010100001010001 00111000
00000   1                                11011011010100011110010111100101111100
1110111000                               0001001110011011011100000000000  00101
100 01111011000                             010001011000011110111110010  111100
1111000100000000             0 0 0           011111101010110000010011001 000011
0110   1000101100           010 0 1           10111100100010110101001010  11000
00011  0101100110        101 010   0         11010100011011111110111001  101011
01001  0000011010         1 11100101011       110010111001110111111000  1110000
00010  111010001011      0 1001011011100      0010010000010001001001   11000010
0111  011011100111110   1 111101110100100     101110100101001011000   0 0111100
110  00111000110010010  001100011001100101 1   0100110001000111101011    110101
01  111001011100100100  10111101111110001111  1010100001011010111010    0 00101
0  1011001011100000010   11110010000010001100  1010111101111111011010      0011
1  010111000101010000   000000100111100000101 100110001010001110100010    1 101
   010011010 100010100  1111111101111010001111 0101010000000111110111        01
   01001111   11001110   1100101100011001001101110101111100100000000110      00
   11010000  0101100111  10110101010100111001001111001100101011110100011     11
   110  111 11100000110   01110101011101010101001100100100010100101001101   001
        00 0010101001100  110011111000010101101010001100111001110110110011   11
       10 101010011101001 10010101011110010100111010101001001011101011111011  0
        10011000001000111  01001101010000101101011011001010010111100000001000 0
        011100111110110101  1101011011000100011010000101100011101000000011110  
       1101000011011111110   1010111110110010100111011110110000100100111110101 
      101101100001111001001  10100001001001100001000100001010110000000101000100
     1110010001011010101010    100010001101011010000001010111111100010000011100
    111001101001110100000011    101100000 1001100001010 10010100101100110100001
    111010001100101010111001     1 11111    110001010000110101010001110100 0111
         1001101101001010             0      00111101001   10111100100001111010
             1000111                          0100 011000  100 000    001000011