                                                                               
                                                                               
                                   1101                                        
                                  11000   001                                  
                           011  1101101    1000                                
                            0101101       110100                               
                       10000010111010      0110010100000                       
                      0110110111011100       100010100100                      
                    011111000001101        0111001101000101                    
                   00100111111110110       10110011111110100                   
                  1111100111001111100     1010100000110010011                  
                  1011101101000000101     0010100000101101000                  
                10001010110000111001       00011000100011111100                
               00100010111110110              1100011101011000110              
            01010000100101001101              1000110100011111000100           
          1001000100110011011111              10110110100110111101011111       
       1110100010101111111000100     00000    010001011000011011101001010100   
     110011011110111010110100110     10000    11010010101111110010011000100010 
   01000111111100001110000101111     01110    111000110111100100110110111010100
  100100101110011100010101011011  01110010000 000010101100100000110001101011000
0111101101111000110101010011001100101000100010011110010111101100010 11100000011
1011101011100100111101110101000111  1110100 10111100001000000011100001         
 010101 1111011101 111111110101  0100000110110 1101010010011 10001100011       
      1011010101   00001101100001001100 11010101100111110111   01101000000     
     001111100    1101101011011111011     1001010001101010011    11100100000   
   11110001      111100101101001               1111001101010001      11000010  
   1111        1001001010110                       00100101110001110     10    
              01111101001000                       00101000111000111110        
             1011101101001111                      1000111000111100101111      
            00001001101100001                      001001110100111001110110    
           0111010101110110000                    00101111011011111111111100   