                    100    10                                                  
                      001  00  11           11                                 
                   00000101011011           10                                 
                    0111100010             111              010                
                        1001100111         01           010100011              
                    0111000011011          101           1110011               
                       000110111           110 0001000   100                   
                        11010100111         10000110100 111                    
                      10000101011101       100111110001110                     
                     0100110101001000     000101101101011                      
                     0101011011100011     0100100101100011                     
                     0110011011101001     0101001110001011                     
                     0001100100101110     1101011111010100                     
                     1010101101010101     0000100011111100                     
                     1100100011110100     1100111001000111                     
                     1011110110011010 010 1010001111011010                     
                     1000010111100000111010010110011110010                     
                     100110101110011001100001010101111010                      
                       011011000010111011011100011001100                       
                      11001101000000110011010101111101001                      
                     100001001110100110001100100100100010                      
                     011011101110011100 110111111001101110                     
                      1100100001010100   0111011000000101                      
                      001101101111101     011110001110000                      
                      011111011100001     110010101010110                      
                    01001111100010000     1111010101010110                     
                   11000000101000000       0000111000011111101100              
                  1010010010011010        10 0000000010001011111010            
                 010101110101010 1  1     11 011100001000011111000111          
                10000011001110010              100111011010011001101011        
               110001101011011001              0000110100110101111001010       