                     11    001                                                 
                      011  11  01           11                                 
                   01000001000000           00                                 
                    1011001001             01              01 0                
                        1111101000         11           011100101              
                    1001100000110          10            0000101               
                        01010011           101 1011001   010                   
                        11111010100         11010000100 011                    
                      01101110001011       01001001000110                      
                     1101101100100001     100000011000100                      
                     0011100011011101     0110011010010110                     
                     0111111000010000     0010100001011010                     
                     1011101011101111     0010111110001001                     
                     0010100110111101     0110100011000101                     
                     1001000100011110     0011110100010110                     
                     0001111001011101011000010000111101010                     
                     1011101111111101100000010111011111100                     
                      1111101110001000001101111001011000                       
                       100010101001011011010110000000110                       
                      10101000101111011111001001110111010                      
                     0100110101000110011101111010001100101                     
                     100011100000110101 100110100011100000                     
                     10000011000110111   11100000011110101                     
                      001110100010110     011001111001101                      
                      010000010000111     000001010110111                      
                    01111101000010111     00111011100000001                    
                   01000100111110010       0000001011111111100000              
                  0101010000010011 0       0 01000111100001010111110           
                 101000100000000               0011011010111110110011          
                01001011111010000              000110001100011000001101        
               110110101000110000              011100101101101110110000        