                 10010010011000011001111110110000111001010100110011            
            1011110101010110001111101000011010011001100000001010100            
     10101000000101101001011111001111101110001100011110000011000101            
   11011101011001110111110011111001110100001010100001000010010100000           
  000010111000010101101101111111001110111000110101011110111110110111           
  0011101010101100111101001100110110100100111001001011000010101000000          
  10010111010000110010011110010010001011101100000110110101110110011010         
  00110001100001100010001000100011101010111101010010000000111011010000         
   00111110011100010011111001101000001110000001010100000110000011100011        
    0000101011101011101000110001000110110011000011000001110111100011100        
    1000000100011011111010010011010111101010110111111001001000011100111        
       1010011100111110101110000111101101000111001000000101001000010 10        
        01010001010110001001010100101110100 010000100110010011010010           
        10111100011010011101110101111001     1111101010000001011110            
        011011111011100011100001111            00010111001110011000            
        010010111000001010100010               1111101011011000111             
        11111111011011010110110              110010100001001010001             
       01110100111010111110110            01110110011100111001111              
       00011011010100100001011         1110010101101110001011001               
       11011010101100110111001      110001100000000010011101111       00       
        1111011101100000100100      0001100011011111010001101       100        
        01011100010100101000101     100000000110111110100110       1001        
        110000011101010000001101     01100111110110011011        1111          
        1001101001010010110010000       11010000001011        01110            
         011101110001100100000110111                       101011              
         00010100110100100101000111000                  111001                 
          101011100111001010100001001010100       011111010    1010            
           10101100100011100001100011111001110001100111000000000100            
           1111010010100111101001000011100010001000110100100110101           10
            10100010101111010010110011011001111000101001110010110 1        1011
            1100110001000000110111000010001110011011000011101111111011000001100