                    100    01                                                  
                     1000 000 100           00                                 
                   00101101101011           00              1                  
                    1101110100             101              00                 
                        1000110001         00           110100010              
                    011111100001           101           0011001               
                       110000010           111 0000001    10                   
                       110010111010         11010011000 0011                   
                      00011111010110       011000011000110                     
                     0110110101011111     011011000000100                      
                     1110010101001111     1000011000101111                     
                     0100111000100000     0111110011100001                     
                     1000111010100110     1111010011101011                     
                     0001001100110101     1111110011111101                     
                     1101111110000101     0100100101001111                     
                     0000011101011101 000 1111111011100111                     
                     1110011100111011001000101011000000001                     
                     1101011000001010010011100100100001010                     
                      11011011101001001111010100100110111                      
                      1110000101100111011101000111111111                       
                     100101100111001010101111100000100011                      
                     111000010011111111 011100110101100011                     
                      11001010000011001 00110100100110001                      
                      111010010111100     010101011000010                      
                      010000100100001     101000100100011                      
                     0011100011001001     1001111111101100                     
                   000101011000010101     0010110111100000011111               
                  1111101010110101100     1100 01111110101110011011            
                 110010111111110 1 10     10 100110100110010000110011          
                1001000111100010               111101010100010001001111        
               101000101001101001              1000011011101000111110100       