        110111011111010110101000100001100001001111111111000110001001010        
      01100000101011101100010111100000011001110101000100000000110110000        
     101111111100000011011101111111010100011101100000011110110100111110        
     000001001010000111111010001101000000111111001100110000111111000111        
     100010100010111100101110001000110010011100000110001011110101101101        
      01111100000001100101000110110000010110101000110001101000111010010        
      01100000010101101100001011010000011100 11011101001001011100001000        
      101000010011001011101001010001000010100101101010110110000011001001       
          00010001100101010100011111001000011111000011011110101101011110       
          01111100101001101000111001011110010010011110101100011011001101       
         110100011101011010100110110000111000010110000000101000111011001       
         1100110100101111011010110110010010101010100100010000001101010100      
        10011001010011010000010110100110100110111011001011111001100001011      
        1110100111111000100000100       110010010111011111010011101010001      
       11011111101010011101011             100 1011101000001101010001 10       
       000111010100011010111                   1010100010001100100000          
       10001101001100101101                    111000101011010101101           
      011100000100110110000      1             11100100110000101001            
      01101110000111011111     10011011110001111111110101101001111             
      10111101101001011001    10000100111101110000100011101111010              
      010001001101000000010    000110110010101010100101101011100               
      111011000011111111011    01001000011000010011010011111110                
       100101001000111001111    11001010010000010001100111100       00         
       0010111110110100110101     0001101111110011001010110       001          
       110110111100000001000111     10100100001010001100       10111           
        0111100101100001010110010       00000000111         110111             
        111110010011011011101100010                      110000                
        01110011001100100000101001000101           00101011                    
       010110010000110001010110111001001001110101011001                        
        0010110010000111101010010100010111010100010001101111000                
        101110010101001100011110100110001100110010100101110101           0     