110110111001111100000001000110110000110111100101010011 1 0   0                 
1011100001001100011111111101101100110111111001001111011 0 1 0 0                
011110100001010010110000101011111101010010100010100001 1 1 0 1                 
11110111111111011001010010010011010001101101110101001 1 0 1 0   0              
00001100101011100111000110011000010001111000101100001000 0 1                   
00001011001001101111000110111001100101100001101100000 0 1 0                    
010010000101110111111010001010001100000111001010000101 1 1 1                   
1100010000111000000110100011001010010111011001101001101 0 1  00000111110       
000000000100101110000101010001001010101011011010011100 0 1   1110110111000     
10000100111001000010011011000110010110010101001001011 1 1 0    111010000100    
00101011010110101011100010011101010101110001001100 0 0 0 0     00011100100100  
000011111001001000010100111100000111110010111000110 0 1 1 0 0     101110100000 
00010000110100010001111110111110011110101000101010 0 1 1 1 0         0011110011
0111011000100000111001001010110001111000110010011 0 0 1   1         11111011000
010100000110011111110101111010010011101100100111 1 0 1 0 0 1       001100101010
01010001000101101000000001001000101111001111101 101 1 1 1 1       0001101011111
1110110110001001011010010011110111101000001100 0 1 1 1 1 0        0001001101101
110111001100000111000011010110110100110001010 0 1 1 1   1 1        00000110  10
01001011111101101110010000010000010000110101 0 0 1 0 0 1            00000111 01
1100000101010110011000000100001001100011110 0 0 0 0 0 0     1       0001110  00
001100101100100101000001110001110110101111 0 1 1 1 1 0 1 0   0     010011011111
101100111010001000010010001100100101010 0 1 1 1 1 1 1     0        110101111010
0110001010000111001000001001011001 0 1 0 0 0 1 0 0 0 1 0 1 1       010111000000
011100111111000110010100111000000 0 0 0 101 1   1 1 1 1   1        101000100000
101000011100010111111000011001 0 0 0 0 1 1 1 1 0 0 0              0010111100110
1111010110101110001100011 1 0 1 1 0 1 0 0 0 0 1                   0011010110101
00111101011010000101 0 1 1 1 0 110 1     1                        0101000000101
0111011000101 100 0 1 1 0 0 101 1   1                            01101101010001
 0 0 1 0 1 1 1 1 1 0 0 0 1 0 0 1 1                               10010000101010
0 0 1   0 1 0 0 0 1 1 0   0 1 1 1                                00101100100001
 1 0 0 1 0 0 0 1 0 1     1                                       01101111011100