000100000001101111001111101011100100110110110011011111 1 1                     
11100011000010111111111101000001100011011010000010110 111 0 0 0                
01110111101011011010100101010100000010100000010010010010 0 1 0                 
1000111111000000111101001010000010010111101101010000111 1 0 1 1                
00000010011010001100010010000110001100010100011001100011 1 1 1                 
00000000100101010111010010100101111001010100100011101                          
00010100110111100001001011100101100101011100010110 0                           
010001100011101111001101001010110010001011010101101 11100100010                
010001111000100000100000000100001011000101011011000  010100111001              
110100101100011000101000111001100110110001100101000   100010010001             
0000101011010101111000101010111111110111111001100110  1001101101101            
101100001001111011000000111011011010000011000111110 1    11110110100           
11101101110010111000101100010011111100010100111101 0        011111001          
000101001111010110111010000111011001010010000010110 1 1    11110100001         
111001000110110001011001100000011110111011011101 0 1 0    01111000100110       
01101010011111100000010010110011101001010111000 001 1 0 00001001010000100      
1110110110010011010000101100110001101001001100 0 0 1 0  01110110010100011      
100011111101100001100111011001000000011001011 0 0 1 0 1   00001111010010011    
10111001000001111000011000101001011101100010 1 1 0 0 1    11111000011 1010000  
01100000000101101101011101100100100011111 1 1 0 1 1 1    00010010 001  1110000 
111000001100001100100101001100001000111000 0 0 1 01     01111110011011   011110
010111111110111000110010011011010110000 0 1 1 0 0 0    1011100110010110        
0100110111000111001011001010100001 0 0 0 1 1 0 0 1 1  101 1001010110100        
1000101011100011010011000000101 001 1 0 1 1 0         11100010011010010        
010111011100111100000000110001 1 0 1 110 1 0       0     0110101100000         
101110010110010100001101111 0 0 1 1 0 0 1 0              01011011101101        
100100001101010011 00101 0 0 0 1 1   0 0 0 0            1110101100111110       
00101111101100010 0 1 1 1 1 1 0 0     0                 00010011100011111      
 0 1 0 1 0 1 0 0 1 0 0 0 1 0 0 1 1                     01000101111111011110    
  0 1 0 0 1 0 0 0 1 000 0 1   0 1                      010101100101001101100   
 0 0 111 1 1 0 1 0 1                                   0110100000001001101000  