10010000110100010100000101010111101000100000000111         10110000000111111101
11101001100111111000001101101011101011000110001011          0000111010100001111
000111010111100000101101000010110101011001100000000               0101000110101
10011011100110101111100101111001111000001101                       111110100011
00001110100010110010010101001111111001010                           00100101000
0101010011011000100101010010000010000011                             1110100101
011101001011001101111000111011001111011                              0010001011
01011110110010110001001111100000010100                                010011110
11000110110101001110111001011100110001                                 01011001
00111101100000110010010011101110101011                                 00101000
10011100000110101111010010101111110111                                  0100011
11010111011101100101101110001001011110100                               1100010
111100110101001111001100110101100011000100                               100101
010010110100110100010000100111001001000001                               111101
110110010011000100110011101000100100001100                               111001
1101100110001011000111111100101001010000101                              000100
010111100010101111110100011100000        010                             011000
111110010110001000111000001011           10100                           101111
10000011011011010100110001001            01001                           101110
010010010101010001110110110011           100100                           10111
111100001110111010011000001001            10101                      1 0  01011
1100110111101100011010001011111            10011                     01 0 10111
100110100100010100111001011110000           0101                     10 0000101
00100010011111111110101001011010110                                  1000010000
1100000010010111011100010000000011                                00 0001011101
010001010001100111011001110100011                                 1110000000011
011010100001000100001000100101010                                  110101010001
10001011110001111100010000111001                                    01011011001
10111011110001111101111100010100                                    11110011110
11010001000001000011011010011101          11                        10000  0100
00001000010001110101111010101110         101                         11  001100