       0 1 0 1 1          0000000101100011011110101101001    1   1   1 0       
    0 0 0   0 0       0001001000100010100010110000001100110         1 1 0      
     1 1 0 1       011111101011010101011010101101111001110001    1 0   1 1   1 
0   0   0       10100011100101101011100111100000001010101000101   1 1 0   1 0  
 0            00100101010110100101010001010000001011001000000111     0 0 0     
0     1     001011011111010111100110110011110000001011000010100000        1 1  
     1    001001111101110001001110101010110100000000011011011001100 1    0 0   
         0000011011100100000001101011010110111110011101111111101001011         
 0 0    100101111100100 00011101001001110000101010010110111101011110011        
  1    00101101010011 00000100010110100011001011001101111001101011101100    000
 1    1110000001110  0000101111100100100010101000100101101010011110110101 11100
     1100101010010  11001100111111010010001110000010111000010000101100010111000
    0010101001011  111111100010100000010001000110111100100010101100010110101111
  11000111101111  1010000001111110010011111110100111001100100100010101000000000
 000111111110011 10111111010001011100010010011101000001110110010111000001111110
010101101100110  01110000000001111101001000110111100110010000010101110000011010
000111001110000  0001010011111101110010000011110110110010101001011101110000000 
111001010001101  11000110011001111110101101000101110011011011100001000101111   
111110000100110  1100101111110111111011110110100001001101101011110011100010    
1111100010111100 10111100110000100111100001000101101111111111000011001011      
   0100001010011  110011001000100101100111011110111001101101000011101110     1 
    0101101000001 001111011100001000001100111101101011001001010100011010  0 0  
     110 00010110  0111000110100111110110100111100110111100110000111111  0 1 1 
  1       00000010  0010100110011101010110110101100101000011111110100   0 1 0  
 1         00011110   1101111111101110100010111011101001000110011010     0 0   
  1   1 0   101100000  1111111101101101010010010000011110110100000    0 0 1 0 1
 1 0 0 0     111010011   0100001001010100110001111011111101111000    1 1 1 1 0 
  0 0 1 0 1    0001010000  01010001110100100001010111000010000      0 0 0 0   0
 1 1 1 1 1 0    00011000111   10000101001111011000110001101      0 0 1   0   1 
1 0   0   1       001100010010     10010011110110011            0 1 1 1   0 1  
 1 0 0 0 1 1 0 1    010010000000101                          0 1 0   1 0 1 1   