0111101101000101101110101100010110001001100110110000 1 1 0 0 0                 
000101111100001011110111111100001001000110110000111111101 1 1 0 0              
11011010111001110111100110101111111001111001111100010001 0 0 0                 
1000010011011101001000100000001100100001110000100101111 111 0 0                
111110111010101100001011011111000100011011111110111100 0   1                   
11010001011101001100010110000101101100011001011111                             
1000110101101101111000110000100101011011011100011 00                           
0110010101110001011110100110100101110100000000111 01001010100                  
1101111100000010011101000001101001001000010010101  101000000010                
0100101011100111000101101011001000001101010001000   01110100111                
11111100001110001110111100100010001110001000111111  0001110011111              
11000001010101010110000110010000000001011111111000     11111101100             
00101000011101110000101110101110110010010101010100       01100010              
1011110000011010000000000000001000100100010111100 0 0   1011100101             
100111100011101111110111010001010010000000011001 1 1  000001001110             
11001101111010110011001111100110001111110100001 1 0   0100111111001            
0110000000111100111101101010110111000100110111 1 1 1  0111011000111            
011011001011010111100010010000011011011001100 010 111   0100011100             
1001000001110111011101100100100011001000110000 1 0 1    0100110000             
00010011011110010010010010101001011001101 1 1 0 101 1   00101111000            
0100101011000101011100110000111101111010 0 1 1 0 0 0   001000100001            
0110110000101110111000110100010011111 0 0 1 1 1 1 1    101111001001            
110011011100001100101110010110110001 0 11000 0 1 1    101010110101             
11111101010001001110110010111010100 1 0 1 111 1       111011011111             
010011011111100010000101011010 0 1 1 1 1 0 1   1      1000101100010            
011101000010001100011010110 0 1 1 1 0 1 1 0   1      010000000100000           
10100011100111011101 1 1 1 0 1 1 001 0 0 1 1         1110011010100010          
111111011001110 011 0 1 0 0 1 1 0   1 1             001001000100100111         
 1 0 0 0 1 0 0 0 1 1 1 0 1 1 0 0 1                  0110001101001100111        
  1 0 1 1 1 0 0 1 1 1 0 1 0   0 1                  001101100001000010000       
 1 0 1 1 0 1 0 1 0 0     1 1                       010111001101110010010       