                           100110011100110111011011101010                      
                       110000011011001001000111111111000000                    
                    11101000011101100111101001101111111111001                  
                 1101111011111001010110100110111111001100000110                
               11001010001100011111100001001010100110110110000001 10           
             11101111001110101001010101010010011100010111111011100111          
           11100110101100110100011110100010000001011111001110000100010     010 
          0011000001100011011010       10101101111101110001010100011111   11011
         101001111101001100   01000111011  111010001101110100010010111011111011
        1100111011011101  110011001101110100  111100011100001110010000001111001
       100100010010010  0111011000010000000101111011000111110111111101110010011
      01100011001100  110110111011100010000010011110000100111110010110100100000
     10110010111001  1110000111011011000000101101011011111010010010011001010100
    00010010101101  00000000000001101001011101111111001110010000011100000010111
    0011100010001  11011011110111000010111000111000110011010110001000101010110 
   11011101110010  1111011000001101010110001001010001011101100111110010111010  
 1000110010010101 10111110111100 0011011110111100111100011011100100110011000   
01000010111010011 010100001010000111011101101011010111000110100100000011010    
00011101001100000  1100011001000111111011101000101111111110100101010000100     
01000111110010100  100100111010000001100110001101111011100001011110111110      
11010100100010000  001100001011100011101111011101100110011111001100101111      
001110100110101000  0011100101101000110110111000011000111110101011000010       
 001101000010110001  00111011110101100110000111001111101111111110000101        
    101110111000111   00010101010110110011111100001110111100011110110          
      111010011000000  111001001100011101001001111000110010100100101           
        01  0010000111   10000000101011000111000011110010010001111             
             10000010100   1110011011001010000110110010111101101               
               00011100111   0110010011010011110001011111101                   
                001011011100     00101010100100001010100                       
                  01011010100110      11011111011                              
                    10111010010101000                                          