0101110111100001101100110101100010000110101010001001110011110100 0     1       
010110101110000011010111000010010001101000010100000101111011101000010 001 0 1  
01001000000011110001101111001001111000100100011010101011011001100101 1 1 0     
11110010101110100011111000010100000001100001110110000011101101110101101 1 0    
1111010100101111010010101100111001101000110001100000110000100111101001 1 001 0 
11101111111111111111001001101001010010111111000111111101010100110011000 0 1 1  
011011010010010110000011011011101001001111001000100110001010000110110011 0 0 0 
11011101000110001001001110100110001011011111100111101001011111000010000 1 0 1 1
11100110000010010100000100001101111101011011000010110011111000110010111001 0 1 
1111110010010101011101100011111101001111101011001111011000000011111011001 0 1 0
01100001101110010100000000110010100011111000111110111101101001111101010101 0 1 
001000011000100010111000011011111111101011001111101111011100000010010101010 0 1
1110011111001101011100001001100110011000110010001000110110001010100011111111 0 
101011101110000011111111000001000110001111010101110011011000000000110010000 1 0
01000011100111100100000000011100001011110111011100010100101000100100101100 1 1 
0000000010100111101110101000110000001010001011111011010110110011000000100 1 1 1
10010011111101101010110000110011001000001111110111000111011100101110000101 0 0 
100001011111110010101001100001010100101001001010011011011010101100111100100 1 0
1010100100100101001001101001101001100001000101101001110001110010101110111000 0 
0111000010001101001100110001000001011010110001011010101110001011001010100 0 1  
110100111101111001001111011101000011110001011100011011110000011001001111 0 0 0 
01010011110100110010110101011000111010001100000111110100000000000000010   1 1 1
100111101000011100100110010010000000011000010101100110011010011110101011 1 0   
101010111001000110000100000000001101011000101100111101100000110011010 0 1 0 0  
1110100110010100110010010010000100000100000111000100001011001010000101 1 1     
000001111010101001110000001111111100111110101101110011111110011010000 1        
011100001110111001000100101111000110011111000011011111001001100000 1 1 1 1 0   
1011010101110000100101101011101000001011010011101011001111001101001 1 0 0      
11111011101111010110011100100101000111100010101001011000110101 1 0 1 1   1     
0100001001100111101100011000101111000101100101101111011111100 0   1 0   0      
 0 110111001100111110011011101001101101010110101111111000001 001 0 1           