000000110001101000000110001101110000111110011011100100 1 0 1 1   0             
101110000001010010000101011101100011101101000001010011110 0 1 0                
00011010011011001101011011111010000101111010011000000110 1 1                   
01010100010001101101101011100111011010010101000100101 1 0 0 1 0                
010000100000011010100101001000111101001100000111100010 0 0 0 1                 
0010101011011011100111100011110001110011100010111000001                        
011010111001100100001100011110001111010001001111011001                         
11111001011101101000100000101111100011111100000100111 0 0100001100             
101001010110100100010100001000111011011101001111000011  011100100010           
01000101000011010110111011011101111010000100101011110 0   101000011110         
1001100111111011101110110001110011111010110100001011 0 0  1001111100011        
110000010101100111000100100000111010001010101111010 0 1     0100101111001      
01110011110111001001000110110000000111011010001011 1 1 1      111010011110     
101010011100110101101101010001101110101011001110101 1 1 0     10111011001000   
01111101001101101000100111111100100100110000000101 0 1 1      011110011001100  
01110100011110111111111001111011100000010011101 101 0 1 1   110011110100100001 
1011011010100010000111011011110001101001111101 1 0 1 100 0  10000100111 0000100
10001000110101110111011001111110101000000001101 1 1 1 0 1     0011000100  11011
100110110111001111101010111001111110111111111011 1 0 1 0 0    1010010111   1010
01010111000010001101101001110011011111000 1 0 1 0 1 0 1 0     01111001001    10
1101101001101101100010010001101010010110 1 111 1 0 0 0 1 0   011100111001     0
0000000000001011000001110111011001101 0 0 1 000 1 0 0   0   0101100000010      
101011111011111110000011000010101110 0 11110 0 0 1 0 1 0   01001011011010      
00101101101001101110110111100111111 0 0 0 011 1 0   1 0 0  011110010010011     
001011000100000001000000001111 1 0 1 110 0 0 0 1     1       10101001011110    
100010001001011010100100011 1 1 1 1 1 1 0 1   0              101101001101110   
11101011010111111001 1 1 1 1 0 1 0 0 0 0 0 1                 1100011111001001  
0011001000101101010   1 1 1 0 1 1                            111000101101101110
 1 0 0 0 1 0   0 1 1 0 101 0 0 0 0                           011000101110010001
  1   1 0 1 1 1 0 0 0 0 1 1   1 0                            010000101001110110
 1 0 0 0 1 0 1 1 1 0 0 1 1 1 1                               101000010001111011