   1 0 1 1 0           100111001010111110011001010001100     0 0 1 0 1 1   1 1 
  0 0 1 0 0 0      110111101101001000110101001000000110011    0 1 1 1 1 1 100  
 1 0 1 0        11010011101000111011010111101101000001101011   1 1 1 0 0 0 1 0 
  1 0 1       00010001010000010110001011011100100001011010101   010 1 1 0 0 0  
 1 0 1      110101100100001000101011101110000010100100011011011  010 1 0 0 0 0 
  1       010011100101001000101001110011101110010011111110001110  11101 1 0 0 1
 0 1    101001111010111101111111111111101101110011100011010000001    1 0 1 0 1 
1      01000000100100000111010000101100111010001010000111101001001    101 1 1  
 1    100010111000010101001100111110111101001010001000010101001100  1  011 1 0 
     10001101111110110111100001111111011111010010100000101010101111101  1     0
   0110001010100001010011011111101110010011101001001001101010010111111         
 1100110010110111110011111010111100111010110101100111011111000101000100   000  
100000010011001000010000010111110111010000111101100111001011100100111001010110 
100011001001001011100111100001100010010011000101100011100001000010101010111000 
101000010000010000000001100001001010100100011110000110000000100111011111101010 
0111111001100 0011000000111001110110000100101010011001010001011010000110110110 
 000111110010 101110101101101111000010010001011101010110101010000100001011000  
  01001100001 11111001100001101100101010110011101011011001110101000011001010   
   100 0000001 01000101100010010000011010011111000011111110100000110110010   1 
    0  0000000 001110100000010000111011101001011101111001100100011001011    0  
 0   0  100101  100100000111110110110010001111110010100010100001100111   001 1 
  0 1   1000011  1100111010111011110101100100110000101110001111111001   10111  
 1 1 1   1011110  10000011000011110100110111010100001000100111111011   000 0 0 
  11111   1000010  01010101010101011011101100100111001101100001001   11 1 0 1 1
 0 0 010   1001001  110101110100011001101011001101000111111111100    1 1 0 1 1 
0 0 1 110   10010001  10011100000001101101011000010100001101101   001110010 1 0
 1 1 1 0 1   101011011  0010100101110100010111110000111000010    000 111 0 0 0 
0 0 0 0 000    110100 00   0011101001000110111001111100011      10101 1 0 0 1 1
 0 0 0 1 101    1000000 101    000000011101111111001101      110 000 101 0 0 1 
0 1 0 1 1 1 000   1111110 01001      0011001000 1         00000 0 1 1 0 0 0 0  
 0 0 1 0 1 0 001     1010000 1010110                   00100011110 1 1 0 011 1 