                     01    100                                                 
                      000  010 000          00                                 
                   01101001111010          101             11                  
                    0010011111             10           0  01 1                
                         100011011         01           01000010               
                     101000111001          11           1111 01                
                        10110010           01100010000   111                   
                        10110001101         100100000001000                    
                      001001110111100     110011100000101                      
                     1000110001011100     111001001111000                      
                     1001100010011110     0100101110001010                     
                     0110001101011101     0101001011110100                     
                     0110010010110110     1010101010001111                     
                     0111101001111001     0110100100111100                     
                     1110100011000001     0000010000110100                     
                     1111001111100100001111010100110100111                     
                     1111110100100010100000100011100011001                     
                     1011000000001000101111110100101010110                     
                     1111101000000101100111000111101110100                     
                     1100000101010100110011000010100011101                     
                     0000001101000101010010000101001100000                     
                     110000011110101111 000110101100101001                     
                     11110100101001101   11100000011101000                     
                     110101001000101       110111011100000                     
                      01111101110100       001111111111010                     
                    111010010000100         1011111111010011                   
                   1111100010100000         1101010101100100000010             
                  001101001001101 0         1 1000101011100110101111           
                 110000111100001               11110100001110110101010         
                01100101001110100              100111001010111111101000        
               0001111010111000111             000011011101101010101101        