0010100001110000110110011001100011010000111011110111001111110001001000 1 1 0 1 
0101001111100000111001010000001010011111001000011111111001111100110001111 1 11 
00001010011011011111110101011001000110011010011110101011111001100001111010 0 1 
010111100100001010110001111011101100001001111101110011101010100100011000111 0 1
1110101001011011001110100010101111010111111110001000011010011010001110100001 0 
011111100111010110000010111001001101001110000101001010111111101101001101110 0  
11011001100111001101111100110101101011110101101100001101111010110010001010     
00000101100000000011010001010011001011100110000010100110011000111000011110  001
10100010100111100111111010011111101111111101110100101010100010011110100100  110
000110001100101101101001001011101110000100100000010010000011010101011011000   1
010011001111010000010011010111110110110001100100110111111100111001101100100   1
101111001100101010010101101100111110000111011100110110011010001010100110011    
1100111110010010111100110101101010010101111000001001000001110100101111100101   
111101010010001101010000010001010000100011000001111010100001010010110000000 111
1011000011100111110111100011111001001100111100001111011011110000111001111111 1 
111011000010011000010010011010000111001010111101110001110001101110110101001 101
00100111100101001101100100000111111011110100011001001101101111100110000100 0 1 
011100100101000110111111101000001101011110010101110000100101101111111000001 10 
00010010011001110110011010011101100010011110011010001110110011011101111101 0 1 
0001100000010110100111000100110011100101111101101010111011010010101011111 0 10 
01011001000101000011010111000001001110100111011100000100000000010000010111 100 
01101010101101100001000011110011100000011111101101100001101100011100011 1 1011 
1100000100011111011100010111111101000101111101011101101011101010000001 1 0 0 0 
10010100000111000011000000111000111101011000000111011001111001101100100 0 1    
111110100100000111101101010110010111111000011110000101110011010110100111 0     
0100000000100011100101011000011010011110101001011100100011100000111010111 0    
110100101101001010111100010101001110000011001010100001010100101011011010 0    1
10011001001001010111101011000111111010110100100101101100100110111100010 0 0   0
01001011000010000100101010001100000100101101010111000100110000 0 1 1   0 1   10
1111001101011111110100001111111101111111000100001111111011110 1 0 1          00
0110001110100001011110000101111101100011110010001100010011 1 0 100           00