 0101000   11010010100000110110100101100011000111000 00010101110   0           
0011011101000000010100101110010101111011010011000010110010011110000 1 1   0    
00001100111010011000001110110111111001001100000011001000001000001000 0 1 1     
100001001101000000110101001101100100111000011010110101011010011001110   1      
  10000001110010100111111100101110010100101000011011001101111001101011   0     
10011011000011000100111111000101111110111100101101010100010001000010110   1   0
011011100001011010010001111010010001010100000101011101110011000100101111 0 1 0 
100100000101101000000000011100011011010111110010111001001010001000011011000 1  
01100000001000011011011101000110000101111011111000111001001101010111111101 0 1 
1111011011110110011111101110101101100010010100011010110010010010000010111 0   0
10001111101110111101010001110011111111101111010000111110000101100101000001 0 1 
011101010100011100011111101111111111000011100101110011001110100100011001100 110
1111000101101001111110101010001001110001011000101111010001101111001101011111 1 
0010000000000001001000000111001001110010010010101010100100001101010000010010  1
0100101010111100010011110111101001110111000110010001110110100000010000101001 0 
00000100100111100011000101010110010111010110101010111000001111100001101100100 1
0101011010001010011110111000010111100101010010011101111001111110001110001000 0 
11111101100001011010001100101110011111001100000101111011101011111010101000100 1
10110110011111110000101001000010001001110101101010100101110111010011100110 1 1 
000101001000000101101000001101100111111001100101111011000011101110111010010 100
11101010010110101010010111100101000000100000011100011111110111111110100010 1 0 
1000101101100110000110100000011000100111000111001110001100010101101001111 1 010
011110100000100100110000111000100001000000111000010111011001000100110001110 11 
0111010100110110101010010010001010011111111110111111100001000100010111001 0 0 0
010100111100111001111100101111110011101101101011011000110001111101111010 1 0 0 
11010011101001111001011011000000111000111011011010100000100100110000000 1 0 0  
 00010110000111100011111110100011010010111000101010011101011011110001110 0 1 0 
0 1 1011110011101100100000111010000110101001010001100110000010100111000 0 0    
 010 1000100110100000100110101000111011111111101011110110000110000 111 1 0 1   
1 0 1 11111 1110001011001011110101001101010110101010000001111111001 1 0 1 0    
   0 0 1 11    000010110101010010100011111001110100110100000001001 1 0 0       