110100111001010001001000011111001001111011011001101110 1 0 1                   
1010001111010110001100011011101000000111001100010110000 1 1 0 0 1              
010001000101011100111000001100010000010100111001011000 0 0 1 0                 
111010000100010011010010100100100011100100110001000100011 0 0 0 1              
0100100010001001010000110010000011001000000011011100 0 0 0 0                   
0101110101111100010010010100110011101000111             1 1 1                  
111110001101001100000101001011000011011100 11            1 1 1                 
110100100000101100001111100000110000010101 11011101110      1                  
100011001101100100010110100100011100001000  00000001101    0                   
0010000111110011111011110010110001110100010  000101110010                      
11000001101001011011101100000101111101101001 1111001111001                     
0110010100011100001001011101101110011111000 1  010000010010                    
0100100011101001110010111101010001110010 1       0101110101                    
011111011101010100010111100110             0110111100000110                    
10001101111101001011000101011001001111101011110111100110100                    
00111010110110111010010010100 100001110000101000111011000101                   
000100001000110011100111011101 01      111    00010000000001                   
0010001000000111001100100000010   1             111011110100                   
1100001111110001110000111111100001100111 1 1 0   1010111100                    
0011010010001110101010110111001011011101111 1    11110100000                   
100010011001001001100100000101111011 0 1 0 0 0  001111010110                   
00111011100100001110011100111010011 1 1 0 0 1   11101000011                    
0001000001001011000000010001101110 0 0 0 0 1    101101100011                   
1100100111011001111010001111100 0 0 0 1 1 0 0  111010010111                    
01001010111101101111010110 100 1 0 0 1 0 1 1   1110000010000                   
1111011010010101001001110 0 1 1 0 1 1 1 0     100101011001110                  
111010101011010000 110   0 1 0 1 0 0   0     1000011011000110                  
10111011110 000 0 0 0 0 1 0 1 0 0 1          11101111000111001                 
 0 1 0 0 1 0 1 0 1 0 1 010 1 1   0          1110100010001100100                
1 1 1 1 0 1 1 1 1 0 0 1   1   0             10100111010111100011               
 1 1 1 1 1 0 1 1 0 0                       1100000110111101010011              