000000111110101100010101111011100111001001110101010101 0 0   0                 
10001110101110110100010010110111010010011000011110100000011 1 0                
0000001111010110111111011001100110001000001111111101 0 000 0 0 1               
0110101001001001010111101001101111100010011110110010100 000 0                  
0011001011000101100000110101101010101010111100 1 010 0 1 0 1 0                 
00010001011101011010111110110110000110000001            1 1 1                  
1110111111101101110110000100011001101001011 011110       1 0                   
0001000110110000110111001010101111011101001  011000011  1   0 0                
1001110011110000111100010000001001110101001  01001110111                       
1101001000110111101100001111101101100111010 011111010100    0                  
100001011010010010100010010110101111111001 1  0101001101   1                   
111111011110010001111011100         1          0101111110   1                  
0110000100011111100000100101111011      1010111 110110001                      
0100000101111100100000011 000110011001111001011001011100                       
00010011110011011110111111        110001100111000110100100                     
000011110000011011110001101010111         01 10000001000110                    
0100111001111000100100001111101110 00001     10101001010001                    
0000111111111010000110010011000111100101101    0100000010001                   
010000110100011110101001010101110001110100 0    011110011010                   
101000100010000010010100011001111110110 1 0 1   110010000000                   
00111000001000111111001011110111001011   0 0   00110010110101                  
0001000101110111000100000010110001011 0 0 0 0  11101101111100                  
01010101000101001010110011110110 0 1 0 0 1 0   1011111010000                   
1011111011001110100000001001101 1 0 0 1 0 0   000011101010010                  
10011111110101011001001000 0 0 1 1 0 1 0      10111011000010                   
100011001010111011011 0 1 0 1 1 1 1 0 1 0    100011000001110                   
010111011001111011 0   1 0 1 1 0 1 0 0 1     1111010011000010                  
0011101100101 1 1 0 0 0 0 0 0               00011101001001010                  
 0 1 1 0 110 0 0 0 1 1 0 0                 0001101111000000110                 
1 1 0 0 0 1 0 1 1 1 1 0 1                  10111011001011100110                
 1 1 0 1 0 1   1 1 1   0 0                 010010011101000110110               