110010111011101010011110111111000011010001011010010011 1 0 1                   
1101000110010100010000110000010011101111011101000001101 010 0                  
100000100101110000110101001001101111010111111000000000 110 1 1 1               
1101011000101110011111010000101100101100110101001001111 1 0 0                  
010100010010100011001000000011100110011010111101 001 1 011 0                   
10010001011000000101110100001000000010011010          0 0 1 1                  
1100011010011000111011010000010110010100111 001001       0 1                   
0110100000000110100101011101100100101011111  01101000     0   1                
1000101000010100100100000001110000100010101  11111000000   1                   
1000011011001011011000101000011101100111101 111010000100  0 1                  
1111001101000000100001011010011101000010001   1110001100   1                   
01000010111011010100010110          0          1101101110   1                  
010010000111110000101100100100010       1011001 0010110001                     
111100100101000111011001001010001110011000011011100011100                      
11000010100110111110111111       1011111011101111001110100                     
001000101110011100001011011110110         01 01110011011111                    
111110111100011010011100111100111000 1 1     10010110011010                    
0001010011001000000101000110110101100111010    1000010100001                   
001111100001110000001000110101111110110011 1    000000001110                   
01010100110000010000010111011001111010000 1 0   101001100101                   
11000000011001110000100100111111111000 1 0 1   10001111111100                  
0001000100111001010111011011010101001 1 1 0 1  00010011001101                  
1000111010111100101000111110101011 0 0 1 0 1   11000101011010                  
01110011011001011111000110110 0 0 1 0 100 1   001010110101110                  
11110001000000001010000110 0 0 1 0 1 0 0 0    00000101110001                   
1011110111110011101000011 1 1 1 0 0 1 0 0    001110101011010                   
011100101010000101 0 0 1 1 1 1 1 1 0   0     1011010000011101                  
101010111 0 1 0 1 1 0 0 110 0 1     0       011111101000010011                 
 1 1 1 0 010 0 1 1 1 1 0   0 1   0 1       1011100000001010010                 
1 0 1 1 0 0 0 1 0 1 0   0                  10010101010101001101                
 0 1 1 0 0 1   1   1   0                   001011101001000100010               