1000100100001110011110100111011001111100010000111000 0 1 1 0 0                 
1011000010110110111011101110111110111001010000001100000 0 0 1                  
110100100010011000001100110010110110001111111011001001 1 1 0                   
00000100011000111111001101000010001101000000010000101 1 1 0                    
100011111001100001110110101000010110000110111111   0   0 1 1                   
01001111001110001110010001001110011101110111010           1 1                  
1010100010111010010110100000111011001111011101 110001                          
1011101100110010010011101111001111110100001010 1100111001     1                
0001010110011001001110101101100100010010010100 11110111110                     
1000101001101000011110111100011001011000101010 000010111010                    
0101101111000100101001001000000011001100100110   1100001001                    
10010000100110100111010111111000011100000110001   0111110001                   
01000111101100111101101001011111110001111001001    110111010                   
111110010111010111110000110100101010100110010 0  01000010011                   
1000011111110101111001110000001101111010100001   1001011011                    
010001001101100101101111001000001101111001100  1101000010011                   
0111111110011010011110110101101111000000101101 11110100011011                  
1010110100011001000000000000111110110001001 1    011110100000                  
010000101000010011000100110000010100100011 0 1   1100101101                    
01000000101000000110001001110000101111100 0 0    01001100111                   
101000000010111110101001010101100110 010 0 1 1   110100011011                  
0110010101010011100101110010111011010 0 0 0 1   0011111110111                  
1001110111001101011101110100010110 0 1 1 0 1   11001110000011                  
1101001111100111110110011011010 0 0 1 1 1 0 1  0110010111000                   
00110111011011101000010110 0 0 0 1 0 0 1   1   0010001101000                   
0100101011001011100010101   1 0 100 1   1 1   001100011001010                  
00110110101000010001 1 0 1 0 0 0 0 0         10000111000111001                 
0 1001001 1 1 0 1 1 1 1 0 1 1     0          10011100001011001                 
 1   1 0 0 0 0 0 0 0 1 0 1     0 1          1011101101010100000                
  0 0 1 1 1 0 1 0 0 1 1     0 0             00010100010001000100               
 0 0 0 1 1 1 0 0 1 0 1                     0010000010100000101010              