1001000010011101010111011101101110101000101111110001 0 0 1 1                   
0011111100000011111000001111110101010000110110011010110 111 1 1                
000000110110011000101101100111001100101100110111010010 0 0 0                   
010110000001110001111110111101101110000001001001101 0 000 1   0                
00111101100111101010100111100100111110001010   0 101 1 0 1 1 1                 
1110101111011000011001101001000011000001110 01        1 1 1   0                
0010000111111011000010010010101010110111010 00101      0 0                     
1100011111110101110100001100100010011001111  10001011   1 0                    
101000011110111110011000111011111101001010  01101001111                        
1000000001011010000011011111100100110110111 11111000101   0                    
10001011010110101101100011     100111000 1   1000001011                        
111000111000000100011111010011                0000011010                       
00001011101011100000000101000101110001 0110110 110101000                       
01100110010110001001101010    110101001000111101011010001                      
10110100110111010001111001000       0100111001011101001010                     
000100011110111001010110111000101            00110010101010                    
0001101010111100100001110011110001001110     00001100010011                    
11100101101111001111101001110011011010110 1    0000010110000                   
0011110010010110111100001111001000000011 1 1   0110110000011                   
0100111001000100011010101100010101011 1 1 0 0   01100110 1111                  
001010110101010110010111011001010111 1 1 0 0   010100100 1001                  
10111000011010100110100101110111110 1 0 0 1 1  0100100010 111                  
00111010011001011101100100110000 1 1 1 1 1 0  0100010101010011                 
11110101111101100111110001001 0 1 0 1 0 0     1000000101110101                 
1110011110100010001000 111   1 0 0 0 0 0      00000100010111                   
011010001010011111000 1 0 1 0 0 1 1 0   0    01110001001011                    
0101001101100000 1 1 1 1 1 0 1 1 0 0        0011010101010100                   
01100 10000 1 1 1 1 0 0 0 1   1 1           00000111101101100                  
 0 1 1 111 1 1 0 0 1 1 1 1 1   0           0110000111111110000                 
0 110 0 1 0 1 1 1 0     0   1              10001011011111010110                
 0 1 0 1 1 0 0   1 1                       010010001001110011100               