11010111001011111111111011110110010011001011011101 0 1 0   0                   
1001100011001100101110110101101100100010110010110100000 111 1                  
101100000100001100111001110000110100001001100000110001 1 0   1                 
01110101011011000000011101101101010111010111000110111 1 1 0 1 1                
001110110111110100000101110010000011001010101      1 1 1 1                     
01011111010011100001000100101100000101111001101         1 1 1                  
01011010100000000111010011010001100011101001 100001      0                     
01110110100100010111010001011010010001101110  111100110   0 0                  
00011110011100010101100000110010011111010010 10001101101   0                   
10100010111100001010111001001100110100010001 000000011110   1                  
10011000010001110110000110011000111010000000   0110001001                      
001011100110100011011101000100110010110010     1010001101                      
11000111101110010100111000010                  1 000011110                     
1000100011111111110011000111 0110101      001110000011011                      
1111101010000100111010100111 0010111001111000101001001010101                   
00000000111000010011010101010      0100000101111111000000011                   
110011000000001101011110111101                00000100010110                   
010111000110111010101110100001110010111         11101010100010                 
0000010010111000100100001010000111111100 1 1    0101010111011                  
001111111010011010001111100011110001110 0 0 1   001011000101                   
00000111111010010101111010110011000111 1 1 1 1  0111111110001                  
10000001100100010011001100001011011 0 1 1 1 0  101110000111001                 
01001001101001000011100101010011 1 0 111 1 0   000011100011100                 
001111010101011110001110110 0 1 1 1 1 0 0 0    01011101000111                  
10010110000011011101101101 1 0 1 1 0 0   1    11010000000001                   
10111011111011101100111 1 1 1 1 0 1 0 0   1   10010011101110                   
0011101001100011 1 1 0 1 1 1 1 0 1 1         1100001001010000                  
1 1 0 1 1 1 0 0 0 1 1 1 1 1 0   1 1         011000011000011110                 
 1 1 1 1 0 1 0 0 010 0 0 0 0 0              1011111001001011100                
1 1 1 1 0 1 1 0 1 0 1 1     1               10101000110100100001               
 0 1 1 1 0 1 1 1   1 0 0                   1000111100100000110010              