0000011111000000111111111001100101100000101101010111 000 1 1                   
10111101101001011010001100110000011010000000000001000001100 0 0                
111111110110100111011011000010101010100101110110001010 0 0                     
111010111011011100110101000000000000011011010000110 010 1 1                    
01110000111110110111110110000110001011101000   1 001 0 1 1 0 0                 
1010111010100101111010011101000001101111110 11        1 0 0 1                  
0001011111000001101101001010100110101111001 101010     1 0 0 1                 
1101011101001110101000111000101111110011010  10001000   0 1                    
1111101000100100000101000011011110100101110 01101111011  0                     
1100110110001000000100001001010010111101100 00000100001   0 1                  
00110111011001101111111101     0110001011    1000100000                        
111110011010110101100111011010                1101001010                       
10001100010000010001010000010011000001 0101011 001100110                       
10000100010001110111000010    001000110011011011001100001                      
01101110101100110100111010111       0011111110110101101111                     
110010011000011100011000001101101            10001100011000                    
01001000010100110101001101001001011100 1     10010110010000                    
01010011000100110011010000011011111100001 1    1001110100101                   
0011011100011001111101100010101011101001 0 1   110010010 110                   
1001000101101001011110000001111011010 0 0 1 0   10101001 0000                  
110110011010101011110001101011000000 0 0 001   100000010  000                  
111011100100001000100100011101000 0 0 1 0110   1011000011 101                  
11100101000010101110111110101010   0 0 0 1 1  0101101100100110                 
111010011101101111110011010 1 1 0 1 1 1 1 0   0010011010000001                 
0011111110110100101100 1 1   1 0 1 1 0 1 0    11100001101110                   
1000011111001101101 1 1 1 0 0 0 1 1 1 0 0    00001100101011                    
001001001100 110 0 0 0 0 0 0 1   1 1 0      1010110010001001                   
0 11000 0 0 0 101 1 0 1 1 0 1 0             00001000000001101                  
 0 1 1 0 1 011 0 1 011 1 1 0               1011001010000111000                 
1 0 0 0 1 0 0 0 0 0   0                    01100110001101001000                
 0 1 0 1 1 0 1 1 1                         111000100000000000000               