0101011100110001110011011110000000011010001011000101 000 0 1 0                 
101011000111101010001011001100011010000001001011010 101 000 0 1                
1101011000101111111110110111011000000101101100100011 1 011   1                 
111111100101001010100101100011110000110111000010101 1 1 1     0                
110001010111111011011111110000010100101010000    1 100 0 1 0                   
01001111010101011101001111110001000101011010 11       0 0 0 1 1                
00111000111011010100011101111100010010000010 11111       0 0 0                 
0110110110000110001101100010111110010011101  101111011  0 0 0                  
0110011100000111101000001010100110011101001 00001101001                        
1111000111010110100010000010001100111111100  10011000001    0                  
010100111010010100101000011    10111111000 1  0110100110   0                   
101000111111110100101000001010                 011001100                       
1110010011101000100000110 1010110100     101101 001110000                      
10111001000101110011100010    000111011010100011001010111                      
11101100110101101110011001011      101101000111010100001001                    
010010001110111111100001111001100         0  110011001110001                   
10110000011101101101000111100111111111       011001011100110                   
01110000111101111000111110111110111101011 0    01010111111000                  
0111110010011011101111111110000111110010 1 1    01111011 0101                  
100000100001000111111011001010100010000 0 1 0   11110001  111                  
001000100111111111111101000001000101 1 1 1 0   0000111011 11                   
011010111010100010010111000100100 1 0 00100    11001010001000                  
100010010010000111100000001001 0 0 1 001 1 1   000111000011000                 
011001010101110101101110111 0 0 0 00011 1 1   0001110010100010                 
11001110001101001101010011 0 0 0 1 1 0 0      0101010110011                    
1010001110001110101 0 1 1 0 0 1 1 1   0       10010010011101                   
1110110110 101 1 1 1 0 0 1 001 1 1   1       1010100111100100                  
11110 111 1 0 1 0 0 001 1 0 1 1 0           110111000101001110                 
 0 1 1 0 101 0 1 1 1 0 0 0 1   1            1010010110010000011                
 100100 1 0 0 1 0 1 0 1   0                100011111110111100010               
 1 0 0 1 1 1 0 0 0 1                       0100111010000011001011              