11000111110111110001100010011010000000111010010101 0 0 1 0 0                   
1010101000100010000110000110111101100100010000111011111 110 0 0                
100010101100110010111010001010011011010111000011000111 0 0 1 0                 
010000110110100100100111000100101010011100001010100 1 0 0 0 1 0                
11100010011101000111011101111110101010001000   0 10000 0 1                     
1001111111110000001000010010011100011111010 10        1 1                      
0111111010010111111101010100011101001100001 011100     0 1 0 0                 
1001010000111101101101010111110101010000111  11001011   0                      
1000000101011001111001101101110111000010000 11110010000                        
1010100001010110100110111101011011011010111 10101100010   1                    
11010111111011110010000000     110001111     1100010001    1                   
110010001110011001010010010111                0000100011                       
01000001000101101110011111101100001010 1000011 010101100                       
00011110110110000010110011    001110110000101101110110000                      
11001000110110000010010100011        101010101000001000100                     
001100110011100101011000100010010            00000100001010                    
00100100001100111001000101000011101100 1     01011110100001                    
10101110010000000001001101000000000001000      1110001101000                   
00010010110011110110001111010010110001 1 0 0   111100000 010                   
1000110000111100010110100101110001110 1 1 1 0   10101001 1011                  
110100001010110110011010010101111111 1 0 1 0   11010011110111                  
100111101000011100011001000001100 1 0 1 1 0    0011111110 010                  
100110111001000000000100010111 0 0 1 0 0 0 1  1010010001001001                 
001111101111000111100000000 1 1 0 0 100 0 0   1000001010000100                 
111110011100000101101100 0 0 0 1 0 1 1   0    11010101110101                   
010011010011010010011 0 1 0 0 1 0 1 0 1 1    11100100001000                    
111000110101 0 0 1 1 0 1 1 0 1 0 1          0011000111111010                   
01010 1 1 1 1 1 1 1 0 0 1 0 0               11100101110111100                  
 1 1 0 0 0 1 0 1 1 000 1     1             0100001111011001000                 
010 1 0 1 1 0 0 0 0 0 1                    01111110011100011001                
 1 1 0 1 1 0   1 1                         101000111010110010001               