010011111011110001111101001110001000111100011111101010 0 0 1                   
10011011100110100000010111001000010010110111101000111 00010 0                  
0110101010111011000010110111000011101010101010110010 0 0 0                     
000110111100001000001001010000001110001100111110010 010 1 1 0                  
00100101111110111110011010100101101001000111   0 010 1 1 1                     
0010011111111010110101100110111111111001100 10        0 0 0                    
0000111011000100110110111100000111110000010 110110     0 0                     
0101001001111101111100100100100010000101100  10101001     0 0                  
1010011101000011110110111001011011000010011 11100111111  0                     
0011011101011011110010011100011010101101100 01001110010   0 1                  
11001100110001101100001010     000100111     0010011111                        
011110101101100010111111100010                1010011100                       
00011011001100110001010111100101011110 1100000 000000111                       
00001111000001010010101100    000101111011101110000010000                      
01001111001101110100101010100       1101001001001111010110                     
1110000110011001110100110101100111           11010110100111                    
10110001001010000010110000101001011000       10000001110000                    
01100000000110111011001000010101110000111      1110110000111                   
1000111101110011101011001100010010011110 101   1001000111111                   
001010111000001000000100101000111000010 0 1 0   11011101 1011                  
101000011100100001100011111111011111 1 0 0 1   111110110 1000                  
001000101000010111001000000110111 1 1 1 000 1  0011000110 100                  
11100100110110111101011001111101 1 1 0 1 1 0  100100000011110                  
101111011010100101001100011 1 0 1 1 0 0 1 1   1001101010100010                 
110001001010011100010010 0 1 0 1 0 1 0 0      10011010100110                   
101011110101100100101 1 1 1 1 1 0 0 1 0      01001101111011                    
101011011111 0 1 0 0 1 1 0 0 1 0   0 0      1100111110100111                   
10000 1 0 1 1 0 1 0 1 101 1   0 1           00110000111100110                  
 0 1 1 1 1 100 1 0 0 1 1 1 1 0             0011100010000011100                 
  1 0 0 0 1 1 1 1 1     0 0 0              00010011100110010100                
 1 0 1 0 0 0 0                             110110010101101011010               