000100101101000100001000001011000110011000100000010100 0 0 0 0                 
11100010111101110000100111111001001000101111010000110011011 1                  
111100100110010110100001111010001001110110101101000011 0 1 1 0                 
00001010100011010110101011000111101111110100101101001 0 0 0 1 0                
1110010010110010110111000100100010010010000110 0 001 100 1 1   0               
11111000000011001010001110001011000010010110          0 1 0                    
1101011100100110101011010110101001010101001 111100       0 1                   
0100000100000000111111111010100010010011110  101100010    1 1 0                
00011010010010101111011110111100110100010110 1101001101    1 0                 
1111010010110100010111010000011100011100001  00000001011  1 0                  
10011000101010001101011000010010001001001011  0000001001   1                   
1100111100101001110011010001    1 1   1        0101110101   1                  
10000101101110111011011101  010         1  11111 101011001                     
1010010110001001000011000 1101011010001101010010100001110                      
1101000001011000010110001000   001110100101100000111100010                     
011010010000011101010100110  01            01 1100111010101                    
001000000110111010100110111110000011          1010101101110                    
00010011101010111111110010001101011110001 0     111000100111                   
0011101011001011001001100001010010001001 100    101011010011                   
10010111110011000010101110001011000011110 0 1   110101000101                   
01011101101110100010101110100100101011 1 0 0    101011101111                   
1001011001101001110000101111100000111 0001010  1111110111011                   
01101100110101011111110100011010 1 0 010 000   11000101101111                  
0001000010011001111100011110100 1 0 001 0 1   101010010100110                  
1100100011011110110000111001 0 0 0 0 0 0 1 0  0010001000001                    
001011111000100111010 011 0 1 1 1 1 0 1 1 0  010111110101000                   
010100100001111011 0 0 1 0 1 0 1 1 1 1 1     0011010011000101                  
110 101100001 0 1 0 0 0 1 0 0 1 0 0         010111010010010100                 
 1 1 0 1 0 1 0 0 0 0 1 1 0 1 1 0            0101000000101010111                
0 0 0 0 0 1 1 0 1 1 0 1   0 0 1            11110001001111000010                
 0 1 1 0 0 1 1 1 1     1                   0111000100101100110000              