0111100000100011010001110110011101001101111100101011 0 1 1   1                 
0110110110010010010111011010010000001011010011100000110 0 1 1                  
100110001011101000101100110000111101001101101110101111 1 1 0                   
10001010100111100001110001101100100111001001000110011 0 1 1 0                  
000110001100001100010010101100101001010011010110   0 0 1 1 1 1                 
11011101011110111001001101110101001011001010101           1                    
1111000000011110100001101010000011011011111101 111010      1                   
0101110000101111011111110111001111000000001001  100000001   1                  
1111010110001010111110111110001101000111111011 00111100101   1                 
1100100101000100001010111110110010101010101110 000000001111                    
11110101101011100110011011110110011110000101111  1111110100                    
10010100110101001001101000101011010110101101111   1110000111                   
000001100101111110111110011111000011011111101000   110100110                   
01100010101100000110100101110111100101100011101   110010001                    
1111101001101010011111011011101010010000001100   10010001101                   
1001000101000011011011110100011110001001111110  1100011100010                  
10100100101010000001011001000001000111111110 0  11010010110101                 
010100001101000001100110100101100000010111001    0000111010101                 
0000111100001000100010100000011011101111 1 0 0   100010111001                  
00000010101000000010111110111111100101000 1 1 1  0101010001000                 
001101111011011100011000111000100001 0 1 0 0 1   11011100110011                
1010111010110000000011010110101111000 1 1 0 0   001110000111010                
10011001011011101010001001100011 1 1 1 0 1 1    010110101101001                
11001110010100010111110000010 1 0 1 1 0 1 1 1   00000101000  10                
1110001001101100001010110100 1 0 1 1 0 1 0 0   1001001111010                   
0001000010000101100010100 1 0 1 010       1   110111011001010                  
000101101010011101 1 0 1 1 0 0 1 1 0 1 1      0011011110111100                 
11001 0 0111000 1 1 0 1 010 0 0   0          011001110010000101                
 1 0 0 0 0 0 0 0 0 0 1 0 0     1 0          1011010011101010110                
0 0 1 1 1 1 1 0 0 0 1 0 1     1             10010011011000101110               
 1 0 1 1 1 1 0 1 1   1                      000110110001001100110              