1001100001011101110111000100001001100111000101101000 1 0 0 1 0                 
0011111001011000100100010011000001011000111111001111011 1 0 1                  
1111011110011100001100000101111000000010011000100010 0 0 0 1 0 0               
01111111100111001011000100000010111110111100011101001 1 1 0                    
101001000010100110110100111000001000100001001011       1 0 1 0                 
0111110110011011001100110011001011000111000001              1                  
100011011111011011100011001101010111101000110 110000       1                   
111100110100000010110100100011001100000010001  0100010010   0 0                
010011010100110000101010010110001100001000010  01110100001   0                 
111101001111010100110000010000001110011010000  10011000011                     
0000001001110011110001100000100111010111000010  10111101011                    
10100110101110110111001101100010010000011111000  00111101101                   
00101111000111111011100111100111111111111011110    000000101                   
110101100110001101011111000010101011111011111    10001011110                   
1000100101010010001110110011011101001111000010  10100111001                    
1011111111110100110011100001010111010001100 1  0011001101000                   
10100010110010101101010111011001010100010011   01111110110110                  
10101010111000001111110000111100111010110 0 0    01100001001                   
001000010001100101011001100000010101111011 0    111000010011                   
010100000010011011100001000011001100011 0 0   000111110000011                  
11001101000010010110101010111101001110 0 0   1011111001000001                  
10100001000000011100110100001101111   1 1   101 0100010100100                  
00100111101110010101001110010101 1 0 0 0 0  101 0101010111011                  
00000000001100110000111011011 1 1 0 0 1        01011110110100                  
11100110100110100110001001 0 1 0 1 1 1 1       0110001111110                   
10010101001000101011100 1 1 0 1 0 1 1 1   1   011000011010001                  
001100100110110110 1 101 1 1 0 0 0 1 0        0100010100001010                 
0 11111 1 0 0 0 0 1 1 0 1 1 0 0 0 0          011101100110111001                
 0   1 1 0 1 1 1 1 0 1 0   0     0           111110100110110110                
1 0 0 0 1 1 0 1 0 1 1 1   1   1             00000010111100110110               
 0 1 0 1 1 1 1 1     1                      111110000111100101010              