111111011101011100011011100100011100100001100001110110 011   0                 
1111110000110000000110001110100010000100111001101110000 0 1 0 0                
001110010101010100111111101011110000001001001000111010 1 1 1 1                 
11110011110100011011011001001110010110011101001110110 001 0 0                  
011100111111011010010001011100001111101111011001 1 0   0 1 0 0                 
00100000010110111010100010011011011101010001111           0                    
1101001010001110000000001011111000100100010101 10101                           
0000111100010100011011000100011000110100111111  010111110                      
0000100001000100011111011110101111011100001110  1101011001                     
10100111101101110110000010001010110110001000000 10110100111                    
0101100100001001111001010000000001110101111110   00101010111                   
10101111000001001100111101101111101011101010000   0111110001                   
111011000010001100000101111111111110011011100001    100101011                  
10010100000100101001000001010010001010011000111    1110111111                  
0101100101111011111000101010100011111001010001    100001010010                 
111100100101110110011110111000011100111011001 0 010101100100010                
10001110101100000100011110000111000111110100 0  1010101011011100               
110001000011101001010100011101110011010001100 1   101101  000010               
011000001000010111001100101011111001111110 1 1    010010   111010              
000111011110000001011001011001011001111 1 0 0 0   01010110  10101              
1111010110110110011111001001001001010010 0 1 0 0  110010001  00001             
0101001101000001000011110000010010101 1 0 1 000  1110010000  10111             
1101011100000001110000110111010001 1 1 0 0 1 0   10010001101  0110             
1010001111100000010011110110100 1 1 0 000 1 0    010001000001                  
1101111110000000001100010111 1 1 1 0 1 0 1 0    11110001100010                 
01001001101101000 1000100   1 0 1 0 1 1 0       00111010111010                 
000110010010110111 1 0 1 1 1 0 1 0 0 0         1011000101111111                
110 1 0 100 100 0 1 0 1 1 1 1 1 1 1            00010111100001100               
 1 1 1 1 1 0 0 1 1 110 0 1 1 1 0 0            1000101110110110011              
  1 1 0 0 1 1 1 0 0 0 1 0                     11100010100110101101             
 0 0 0 1 1 0 0 0 0 1 1 1                      0101010000001111100000           