111001111010111101111100011000000100010111001100000011 1 1 0 1                 
1001111101111110100100100000110011111100100100001101100 0 0 0                  
00001101101010100100110100000110101011011101101010000011 0 1 0                 
01101010010111110110101000110010000001010100100010010 1 0 0                    
000011100110100010110110101001001101101011101101111111 0 1 1 1                 
00110001001011010011001110010011010111101001            1 1                    
0100001111011111010110000110101110111010111              0 0                   
101110101111001101110001100100001111100100 100010011110                        
010110010101010000001111000110011110110101  100011101001                       
1100010000010101001111001111000011011100011  010100101100     1                
00111000100011111100000000100011011001001101  000111001011                     
010010010100011000010110000001111010001000101   00100110100                    
00001101010110011011100111000110100001101100     00000101010                   
011000000000001001011010000110000 1 0       011011010110001                    
11101110000111010001101101000101            110111011010000                    
101001111110011011100101110000101100110010001110011000100010                   
110111100010111110101101111001010000001111000000110001010011                   
1110000010111011010011000001110                  00110000111                   
01011000101000011100001010111001 1 100 0         00110111101                   
10101111000111110100110000011000000011001 0 1    10111010011                   
11001101111001011101100000110010000000 1 0 1 0   01100011110                   
01101010111001011110100001000000111 1 1 0 0 0   11111111101                    
1011111011011011001110111000101101 0 1 1 0 0 0  01000101101                    
0100100111011111010010111101011 1 1 0 1 1 1    1000011010011                   
00010011100001110110000110 001 1 0 1 0 1 0 1   1101001100111                   
00101100111111011101100 001 1 1 0 0       1   001101001111111                  
101011100011100010 1 0 1 1 0 0 1 1 0 0        0000010101110001                 
010111000 1 101 0 0 1 0 0 0 0   0 0 1        11111011011101011                 
 1 1 0 0 1 0 1 1 1 1 1 0 1 0 0 0 1           110100101000111110                
0 1 1 1 1 1 0 1 1 1 1 0         1           11000101110000101011               
 1 0 1 1 0 1 0 0 1 0                        001111110010011100011              