011111001111011000101011100111101111100100111110110110 1 1 0 0                 
10001111001001011100000110110111110001010111001010101 01000 0                  
1000100000010101000011101100010111101111001011111100 00011 1 1                 
01111010110001110100110100010000111001100110100101100 1 1 1 0                  
00101011011010000001010000111111101000101001   1 00100 0 0 1 1                 
0011111100000100110101011011010110110110100 1         0 1 0                    
0110011101101011101100010000011010110010101 011111       0 0 0                 
1110010001110000101101011101000011011011111  000010011  1 1                    
0010110011110001011111010011100011001010101 01111001100  1                     
0010001010110011000111010110000010111111000 11010000010   1                    
11100001000000110100010111   0010010001100 0  0000101010   0                   
10111111111001001110101011101                 1101010101                       
010111011011011010110101 00000110000    1011001 111101111                      
1110001011010111100111111    0101000011101110110011100001                      
1000000000111001111010000000       10011000100010010100000                     
100011001110001000010000110110001         1  01111100011100                    
1110101010001111000111100101001000011101     10001011100100                    
00101011011101011000011101010101011101100      0110011101000                   
1001011101101010100001110011011101111010 0 0   1001110010110                   
0111100001111000111000000111011101011 1 010 1   01010010 110                   
11000001001000111001000100101110101010 0 1 0   110001100 1001                  
11011011011001100110000000111000111 0 1 0 1    00101001000100                  
00110111001100000010111100110110 1 0 1 1 0 0  111001001000001                  
011100011011111111111010001 0   1 1 0 1 1 0   101001001010111                  
01100000111101011110100010 1 1 0 1 0 0 0 1    00101011010011                   
111011111111111111100 1 1 0 1 0 1 1 1        00110110001100                    
0001010100111110 1 0 1 0 1 1 0 0 1 1 0      0100101000110001                   
1 1 11111 0 0 0 0 1 0 1 001 0 0             01110011010011100                  
 1 1 0 1 0 0 1 0 0 0 0 1 0 0 1             1010100101101110100                 
  1 101 0 1 1 1 1 1   0   1                11011011111011000110                
 0 1 0 0 0 0                               101110001111110111000               