0101001111111110100000110011001110011001101011000101 0 1 1 0 1                 
000001010111100101101101100111110101111011101100101100011 0 1 1 0              
00011110101000110100110000101011000001100001010011111011 0 1 1                 
11110000101010010010110110000101101100001100101010000 1 0 0 0 1 1              
01000010111010111000000001000110011010010011011010 1 1 0 0 0 1                 
101110001000001111001101111101101010110000000011            0                  
00011000010110000110011010010100110101100100110000                             
11111010001001100000101111001001110111100000100 0010001001                     
011100111000100000011111110110011011111101000111  0101111010                   
100010000110001101101110100011011110011110101000 110011010010                  
100011011001110011100110100001111111111110011101 0010100010011                 
0000100100010010000000001001011011111011110011111   01101101001                
101100001000100111010100100001000010111011101110 0    001101010                
0010010101010111001000100100010011011011101110011    10110010111               
101010010010110110000000010111001000111110111111 0  0001011001001              
001100011001000111100111011010000100010010010 0 0  111101010000001             
10000110111010010110000000011110100101110000 0 1   001001111001001             
1100000010100111110011111100111011010011110 0 0 0    001010  10111             
101011000000001101111110100011110010000110 111 0 0   100000  10001             
110011111101110010110000110000001000010 111 0 1 0    1111110  10011            
100001110010111001011010011100001010010011 1 000 1  100010100 110011           
1110110101011010011011110011100001000 0 1 0 1 0 0   100001010101000            
0111111110000111011111101011110101 1 0 1 0 000 1    1010011101000              
111111101000001010100111100000101 1 1 1 100 1 0    0000111010111               
0100100111110110011101101101 0 0 0 1 0 0 1 0 0     1110111001110               
010101100000001011010000010 0 0 1 1 1 1 1     0   111001000000001              
0100010001110101000101 0 1 0 010 1   1 1 0        1101101100011001             
0101101110010 0 0 0 1 1 0 1 1 0 0 0              100001010101001100            
 1 1 1 0 1 1 1 0 1 1 0 011 0 1   0 0             1111101110110011100           
  1 0 1 0 0 1 0 1 0 0 1 1 0 0 1                  00010100111001010010          
 0 001 0 0 0 0 1 0 0 0 1 0                       110010101110111001010         