0010110100100110101000111111000010010100111110100010 0 0 1 1 1                 
10110111001001011010001101110100101011100100100100000 0 100 0 1                
010001111010001100010110011100111111111001010100000101 011 1                   
1101100111011011110000001101101000110011111010111111001 0 1 0 0                
0111011010010101001111101000111100000011000101 0 101 0 1 1 1                   
10001001000101000011000010111101001111111011          0 1 0                    
1100111010101000111011111010010110100011000 01110        0 0 0                 
0000001000111110110101000100110110011111111 0011001010    1 1 1                
10001001101000101011101100101101010111011011 1001001011    1                   
0010100010101011000000110011000111101110001  10110111001    1 0                
0010101100111111010010110100010101010100111   00100111011                      
11100011110010110101011010000 1 1 1 0001       00000000110                     
000011000001100111001111101               00010 1111101110                     
011100010001011100110011000101000110101000100000110011100                      
0110101101000000000011110011100110100000100001101001101000                     
100110101011110111011110100                11 0111100101100                    
0110011111101100010010100010100001 1          100110100011                     
1010111110100100011110110001010100100111110     01100110011                    
00001111100100110111010101110001011100100001    100000101011                   
01001110010101011110111000001101011101010 1 0   111001000000                   
01100010011000110101010001101100110010 1 0 1 1  111001100001                   
0000000010000010011001001110001011000 0 0 1 1  0001001000000                   
1000111100101100000000110110110111 1 0 1 1 1   00101110110101                  
0101001001110011000001011000100 0 1 10011 1    10111100101100                  
1100100000011111001101000001 1 1 1 1 10  1    0011011000101                    
0000111011010111011001000 1 1 1 0 1 1 1       01001100011100                   
1101101000001101 011 0 1 0 0 1 1 0 0   1     1100101110111111                  
1 1000101 001 1 0 1 1 1 1 0 1 1 1 1 1       110001011001010001                 
 0 1 1 1 0 000 0 1 1 010 1 0   0            0111101100001100010                
  0 0 1 1 1 1 0 1 1 1 1 0 0 0 1            01111001111111011010                
 0 0 1 0 0 0 0 0 0 0     0                 1111000100110101001111              