1110100011111011000100110011010111010110001010011111 0 0 0 1                   
110100111111001011101011101100101110101000100011100100101 0 1 1                
011000011010111000100101110000001101000010001011000110 0 0 1                   
01010101111110110000011001110010100101110001011100011 0 1 1 1 1                
101010101111101010111001001111111001111010110110000101 1 0 0 0                 
10101110000010000110111101000000001000000110001011110 1 1 0                    
1110000101100101100001110100100100100101001001101010 1 1 1                     
0010000000001001101010101101000011110001101001111100010 0      110110011       
1101001011101111011001000100110111101110100101110000 1 1    000010011101       
010110100110001001100001111011110010001110010111110   1    00011010101         
0000100110110001111110110111001111101101001100000000 0    010100110011         
011101010010110000000110111000111110101110001011010 0    10101000100           
01111010011000111001110110100010001101111100111001 1 1  1110001100             
101101101011001111011000010000101000000101111001010 0   100001110011           
110110000100001110111111110101111001101001111101 0 0   01110111110000          
1011111011110101011111110110010001111101110101110 0 1  00010101000001          
00010101101011101001100101000101011110111000110101 1  0110101110111001         
01010100110010110100110011010000001010001000001 1 1 1  1100111010000100        
00111101101010101100010110000110110100011110 0 1 1 1   0101110110010110        
001101011101110001011111010100000000100001110 0 0 0 0  1101  1110100           
1101100011010010000001100001111111000100 0 0 1 0 0 1   11100000111101          
0010100100111000100100100110101000111 1 1 1 0 1 1 1 0  111111101110001         
0110001001010111111000001101101100 0 1 0 1 1 0 1   0     11001110101010        
110100110110001000010000000110101 0 1 1 0 1 0 1 0         01001000100001       
101010001100101001001101100100 1 0 1 1 0 1 0 0 0 0 1     0110000111001011      
1101010101001000100101111 010 0 0 1 0 1 1 1 0 0         101000101111110011     
1010110000001101101010 0 1 1 1 0 0 1   1 1 1 1 1       100000100110001011110   
01101111111 1 110 1 1 010 110 0 1 0 1                 10101001111100000101111  
 1 0 1 0 0   1 1 1 0 1 100 0   1                     0010001010000001010100110 
  0 1 0 0 1 1 0 0 110 1 0       0                  0001111100101110111110101111
 0 1 1 1 1 0 0 1 0 0   0                          11011010011000101011000101101