10110001111101100100000000101001100011000011100001001000000010 0 0 0   1       
110100001111000101100011110111111111011101110101010011000010010 1 1 1 1        
00111110001101010110000001110001111000000010110110011010001001 1 0 1 1         
1000000010100011100101010011111111011000100101001101100101001 0 0 0 1          
10110011100000000001001101110010101110001001100100110011111001 0 1             
101101111001111000000011010100010100001010000011100001100110100 0 0 1 0        
1010011111101010101101011011001010000000101110111000000110001110 010 0 0       
0100000100111100110101100000101111000111011100101001101010011 000 0   1 0      
11101011110011111000101001110111100110001010001101101011000101 1 0             
11000101100010001011011111000010001110011011000010100010011 1 1 0 0   0        
110101011010001001100111110000101111000100001000100000101111 0 0 1             
11001111011011010110011110110111010110101010000101101010011 1 000   1          
1100011011010000000001000111011111111100110011010110000101 1 010 0   0         
011111101110110011111000111000101001001001011110100111101 0 0 0 0   0          
1101100110110001110110111000111000001110001001000010011011 0 1 1 1 0           
000101101110111001101001011111011111111000111010110101001 1 0   1 0            
10010110001100111010010110110101000111011111001001110011 1 0 1 0 1             
1001000010001001000000000010111100001110110101011101111 0 0 0 0                
100111100011100101010000010110100011111011101101100100 1 010 0 0 0             
11110101000010010001110111101110011110001000001100001 1 1 0 1 1 1              
1000010100010111011010101110110111101101110001011010 1 000 0   0 0             
010111011011001110111001111110011111001110110010001 0 001 1 1 0                
00111111101101000010100010100111011111000011101101 0 0 0 0 0 1                 
1110100100001111111000101111001110101010000 0 0 1 110 100 1                    
110001010000000000100100111001011001011111 0 1 1 1 1 1 0 0 1                   
101100001100010011000111101101010 1 0 0 0 1 0 0 1 0 0 1 0                      
00110010010111100101010011011111 0 0 0 0 1 0 0 0 1 0 1 1                       
110 111 001101111101001 1 1 1 1 0 0 1 0 1 1 1 1   1                            
 1 0 1 1 0 1 0 1 0 0 1 1 0 0 0 0 0 0 1 1 000 0 1 0                             
  0 1 1 1 1 1 1 1 1 0 1 1 0 1 1   1 0                                          
 1 0 1 1 1 1 0 1 0 1 0 0 1 1 0                                                 