                           0   1 1 1 000110011101010110000001111001111001101111
                          1 0 100 0 1011001100101101100011010110001010110111001
                             0 1 1 1 000101000110000110010000001100000110011110
                              0 1 0 0 01110011110010010100111100001111001011011
                           0 1 110 1 001111101011000001110111010010001001010000
                          0   1 0 1 0 11011110100101101001001011111010010101011
                               0 1 1 1 1001010000001010001011000000100000100100
                            0   0 1       0000100111101011001010001010011101110
                               0           001110100001000010001011100000011001
                            0 0    1010110  01110100010011110001010011100110010
                             1   00111011000 0000101011011100010101000001011101
                              0  01110000111  100011111101110011001011001000010
                                 001110101001 111110111111000101110001001001101
                                    111011111 100010110010001100100011111000100
                                     00111101  10111110110110000001001011000101
                                0   0001111111  1110111010001000101011110010011
                                    0100110110  0100100000100011001110010111111
                                   101101000001 0101100010001011101010010000111
                                   101100000110  111110110101101011100111110000
                                    00010100011  101101011001001010101111100111
                                    00011111010  101101110110111110011101111101
                                    11100011001   0 0 0001001001011000001010011
                                   110100111100  1 1 0 101010000110100011101011
              1                    101011000001   1 0 0 1 1 0100110111000001001
                                  0011110011010  1 0 0 0 0 1 011111001110111001
                                    10101110110   0 1 1 1 1 0 0 1 1101001111100
                                   000000001010    1   1 0 0 1 1 1 1 1100001000
                                   100101100110     1 1 1 1 1 1 0 0 0 0 0 0 1 0
                                   0101101011000         1 0 0 0 1 0 0 1 0 1 1 
                                   0111100110100          0     1 1 0 1 1 1 0 0
                                   10001010011111            1 0 1 0 1 0 0 1 1 