                           0 1 1 1 0 1 0011000011110100011010010111011100000110
                          0 0 1 1 1 0101001010100010001011000001000001100010011
                           0 1 0 1 00101000100110110010111111000000011100101101
                          0 1 1 1 1 0111100010110000010110101101000010101101011
                             0 0 0 0 010110010111100000100011110101110011000001
                              0 1 0 1 11101011111110100110101111100111001000110
                             1 1 0 0 111100001011010010101000111110101010100111
                              1 1       101000111001100100001101000111011011110
                               1           111011011000000110101010000100100100
                            0     0001000  010101010000111110100110101011001111
                                 100010111  00110110001111101100010011111111000
                                00111111100  0111000101001000011111111111001000
                                101111100000 0010110010001100110101111000100011
                                   000011010  001110111100110010100011101111100
                                    100101001  01000101101010101000001000100100
                                   0010000100  10110111011110011000011010011000
                                   10011100010 10111011011001110010000101001101
                                  100011111001  0100010101001100111011010110101
                                   11110110000   110100100011011000010101110100
                                   11111110111  1 11111100101100000110000011001
                                   11010110010   101000101000000111111111001010
                                   11011100000  111 0 1001100111101111101111110
               1                   00101001110   1 0 0 0 1001111110011111111011
                                  011000110010  1 0 100 1 010001011001111111110
                                  001110000001   1 011 1 0 0 1 1000011111110000
                                   11011011100    0 1 100 0 1 0 001000000000111
                                   00010001100       1 1 0 110 1 0 100010100101
                                   101000101111     1 1   0 0 1 0 0 1 0 1 1 001
                                  0001101011101        0 0 0 1 0 0 0 0 1 0 0 1 
                                  0011000001011             0 0 1 0 0 0 1 1 1 1
                                  00000000101101                   0 0 1 010 0 