000000111111000001011001010110111100101100111100110100 0 1 1 1 1               
111110110000001001100000111110010100011011011110011100001 1 1 0 1              
101000010111001001101010101000010000000101111001111100 000 1 0 1 0             
1111100000000010010110111111101111101100000111001010111 0 1 1 0                
01110111110010111001011111100010010100110100010001000100 0 1 1 0               
0111010010111001111010011100111011111110101110000111111 1 111   1              
00100000001001101111000101000100100001110010011110010101 0 1 1 0               
1100000100000100011100001001000011011110110100100110110 0 1 0 1              01
1111100000010010000101001110111011111111000111011001 0 0 1 1 0            00111
01001001001000001001100001101010011101110011101110010 1 1 0 1            110100
010111111001001100101110100010011110000111000011010001 1 0 1   0        1101000
11010100000011110110101110110001001010100101110001110 1 0 0 0 1        11111110
11011111011000001110111101001101110110011100100100 1 0 0 1 1          101001101
0110111101000010111100111001000111111011010000101 1 0 1   0 1         010010101
11011111011110101001110001101000111011011110101101 0 100 1 0 0        010001100
1100010001111110011100100010000111111111110100110 110 1 1 1 0         111110010
000111111001101100010001111100110000100101010010 111 1 1 1 1 1       0010010010
00001011100101110110011110010010110011111110010 0 1 0 0 1 1 1        1011010101
11011011110110110001101101001111010001000111 1 100 1 1 0   1          100111001
0000001111000101101101001101100101100010001 0 110 0 1 0 1 0          1111000011
10101011010111101001001100000001110000000001 1 01100 1 0 1 1 1      00111100100
100000000000110001100000111001010101110 1 0101100 110 1 0 0         00001011111
110011100110000111110110110001010111 1 0 1 1 1 1 100 1 0 0           0000101110
101001001101011011001000011010001 1 0 0 0 1 0 1 0   1 1 0 1 0           1000101
0011101000101110001110011101 1 0 0 1 1 0 0 1 0   1 1                   00101100
1100011110011011010011111 1 0 1 1 1 0 1   1 0   0                     011111111
1010011110011101011010 0 0 000 1 1 1 1 0     0                       1001010100
01000110100 0 010 0 0 0 0 1 0 0 1 0 1       0                       00000010110
 1 0 0 0 1   0 0 0 0 0 0 0 1 1 1 0                                 100111110110
1 0 0 1 0 1 0 0 1 1 1 0 1 0 0   1 1                                101010101010
 0 0 0 1 1 0 1 0 0 0   1 0 1 0                                    0011100000001