001101001011010111111010001101111110111110100011000100 1 0                     
0001101101001011101111100011000101101011100100010101101 0 0 0 0                
00110011101100001010011100010011010101011110011101001101 0 1 1 1               
1011100100100110000110101001100001111111000001010000100 0 0   1                
101001001101100011000100011000100111100000110010010000 1 1 0                   
1100010100111011111100101010010111010111110000101010000 0 0 0                  
110111010110011010100110011110001000001111001100001110 0 0                     
00001001111110010001001101110000100101100000000100101 1 0     100001000        
0101101010001101101110100100110111011100000011001001 1 1   11110101010         
00010111101111011001100000010001110101111100110010001     11111111001          
0100101111000110001001011101001101111011011111000011 0   011000100010          
010101111110011100011001011001001110101001000011101 0  110110011001            
01110010111011110011101101011000011010110011100000 1   0000110100              
110110101001100111011000110100011101101110001111010    010111000111            
11111010000110010011001101001010101111010011110110 1  0001111011100            
01101000001001010110100001100100001000111100101 1 0   00010000011000           
0000111010001000100110001001111111100100011111 1 0 1  010011000001111          
11001101111110101001111100100110001011011010100 0 1   0010110110000101         
01011100100000100111101011111010110110100100 100 0 1 00001011001010110         
10100111101011101110000100010110011001000 1 0 1 1 0   0001011010101            
0100010010010111010110100101110110001100 1 1 1 1 1 1  10100000110010           
111101011001100010001100000001001010100 1 1 0 0 1 0    00001100100011          
100010011100101101011011001000001100 0 1 1 0 1 0 1 0    00110010101010         
010000110110000010011100010000001 0 0 0 0 0 0 0   0     00110010111001         
000000011111111111001000001000 1 0 0 0 1 1 0 0 1       1101010101101010        
101001000101110101011000110 0 1 1 0 0   0 0 0 1       100100010000001101       
011111111000010000 100 0 0 0 1 0 0 1     0 1         10100000000111001011      
101110011000100 1 0 0 0 1 1 100 1 0   0            10001001110101000010110     
 1 0 1 1 0 0 0 1 1 1 0 0 1 1 1 1                  0010111101001011111001101    
1 1 1 0 1 0 1 0 1 0 0 1 1   1 0 1               001101001101100101111111011    
 0 0 1 0 1 1 0   1 1                             001011001100101100011100100   