1111000101001111001010111100100000000000110          10010001010011100100011000
1100110111001000000001100111101100101010100           1111011101111100100010000
100100001001100000101101010110001111110010111                  1100001011001010
011110111101001111100010110011100010000111                      001101001001101
111010100110000001010000001111101100111                          10100100011010
1100101111101001001011010111111011000                            11110101011110
010001100100101111001000111010110001                              0110111100010
01010110010111010011001101101100110                                110000010100
01010111100101010000010011111000100                                 10001001110
0001001101000001110101111001100100                                  11010011011
10111110000101010100101000011010111                                  0010100000
10010110110100010111111011001000001                                  1001001001
0100101011110011100111101000000001011                                 100000101
0100011110001101010100100001011101101111                              011111100
1110101000000111000001001111010001100100                              010100011
1101101101010001101010101110011000100010                               10000010
000100010010001010100111001011011010100011                             00110111
010001110001110011011100011111       0000101    0                      11010001
111000001111111000001101100           101000    01                     10011010
10001010101100010000000010            001111    00                 1   00000000
010001011101100011000110111           1011110                      001  0011001
010001011000001100010000001            1001100                    111 111010010
1111001000110001111010110000            101101                    1100000101000
011101100001010101110011000101            0010                  11 011110100010
10000000110101001010100110111111                                 00110110010011
0100011101010010100101000000011                                  11100101111100
110011100111001101011000111110                                    0100110111001
110001110011000101010111011110                                    0011111100010
100000010110100001001010111111                                     111011111110
110100011010111001101010000101                                     001110  0000
011001010010100001111111111000           11                         111   01101