0001100011001100001100010000100111011101011100000011110100101001110011 0 0 0 1 
100000100100010011000100111110000111101010000000111000011010111011100 0 0 0 1  
10101101110001100001111110011010101001100101000111000011010101001111 0 010 1   
110110011011001110010000100100101111110100011010001101100000000001110 001 0   1
1111111111001001010101001001010110101000010101111101111000111110001111 0 1 1 0 
011000110100010000111001000001101110011010110010101101000000111110110 1 0 0    
00110110011001011000101000001000100000101000001100100010101000111110 1 110 1 1 
001010001110110101111010001111010001011101110110110000010111100110101 0 1 0    
01010001111110000110110011111100000010101101111010010000011010101000 1 0 1 0   
0011011111101100000000001100000000111101110011100001110111000101100 1 0 0   0  
101000100110101011101011010110100111111101011001011000001011011011 110 0 1 1   
1110011111101000011010010001101011000110011010000111010010110011111 0 1 0 0    
1101110101110010000101011110001111000011001011111101010011110111 1 0 1 1 1 0   
101111001110101000100101110110110001010101011101110010000110011 0 0 0 0 0      
10101111111100011100011000010000010101000010000010001000111011 0 1 1 1 0 0     
100001001010011101010110001011111100100101011010100001110100110 1 0 0 1        
0101111100101010010101100100110100110011110100010110110111100101 1 1   1       
0110101001001000010001101111100011111111000010011111110100101 000 0 1 0        
0100100000100000100001100110111100010111001010101110000000 010 1 0             
11110000110001010010111000110111100001000001110100000001010 0 1 0 0            
1011001000011001111100100000011110110111110110110000111110 1 0 0   0           
011001000011000100100010001100001011111110010001110001111 0 1 0                
011010001111110000000001100101010000000011011111000100 0 0 1 0 1               
00100000010101011111101001100101111011010110101100110 1 1 1 0 1                
0001101011111010111111110100101111101111101011111011 0 1 0 0                   
10111011001010010010101111101010101001010100110 0 1 0 0 0 0                    
0110001010001001110111110101010010101001 1 1 0 0 0 0 0 1 1                     
    101 110 000111101110111 0 100 1 0 1 1 0 0 1 0 1 1                          
 1 0 1 0 0 1 0 011 0 1 1 0 1 1 1 0 1 0 0 0 1 0 1 0 0 0 1                       
0 0 0 1 0 0 0 1 1 0 0 0 0 0 0 0 0 1 1 0 1 0 1     1 1                          
   1 0 0 0 1 1 0   0 1 0 1 0 1 0 0 1         1                                 