                         1 1 0 1 0100000010101010001101100100100101111110011101
                        1 1 010101010010010110100100101011111100111000011000101
                           1 0 1 1011011111101101010101100111100010000011100110
                          0 0 1 1 011010010111100011111011001111101100101011111
                         1 1 0 101110000111111010110100110100111010011001101100
                        1 1 1 0 1 000100010011101111110100100111010001001101010
                           1 1 1 0 11110111001010101111111010011100111001000110
                          1 0       0110111110111001100011111010010010101110110
                         1             1100001111010110001001110111101100100111
                              1100111   111110011001100010111010100011001011111
                             101011100   01011111001100001001100011100101101110
                            11111001101  00101010101111010111110111010010001100
                            111110111100 01110100101100010110000101010100110001
                              0011010001  1101110110100100001000110011110001011
                                11001000   011101111001101101011110100011101001
                               1111110111  110100111110000011001000010111110110
                               1010100100  110101111010110110110000011101010110
                              10110011110   01000010001011010000110000111001101
                              010111000010   0 10000110000010101101001101011111
                               10100011000  1 1 0001010110110111010000010111111
                               11110000111   1 1 111000011001111111111100101001
                               01010100110    1 1 11000000100101110100111000101
                               101011101101  1 1 0 0 10011010110101000000011110
              0               1001010010010   1 1 1 0   11000000011101000100010
                             01111111001001      1 1 0 0 0 01010110000100001010
                              0101111011011   1   1 0 1 1 1 0 10011110001000101
                              1000011001111    0   1 0 0 1 1 0 0 0 100101010000
                              011010100001        0   1 1 0 1 0 0 0 0 0001101 1
                              101000000001         1       1 1 111 1 1 1 1 1 1 
                              1010101101110               1     0 111 1 0 0 1  
                              00001100100101                 1 0 0 0   0 1 1 1 