                           0 1 110 1 101000111011010100000000111100110111101011
                            0 1 01010 00111001001000111100011111110001110111111
                           1   0 0 0 101111011101000101100001000011111001001010
                          1 1 1 1 0 0100111010100011111101100101111101101000001
                           1   1 1 0 001100100111000011111111111001100100100001
                              0 1 1 1 10010000001011000011100111010100010100101
                             0 1 1 1 0 1110110011111110011000110011100010101101
                              0 1         1001110001111001011110111010001110010
                           1 1 0           000000001001101101000011100111000011
                                   1010000  01001010011000110001001100110101000
                             0   0111101010  0000101100110111100000100110010010
                              1  00000101100  001110011011111101001011010001011
                                 100101111101 000111110011011101110001111000111
                                   1000000100 100010101010000000110101100100010
                                     11010111  10111100011000110111011011111110
                                0   0100111101  1100111001101010111111110000011
                                    0001011110 11100110111000000111110110010001
                                   11011011100  0010001110011111001011111000110
                                   101111111110  000100100011001111101010100001
                                    10000010000   10100101010100010001100010000
                                    00100111011  0 0100100101101000110100010010
                                    00001110010   0 100001010000110010111001011
               1                   000010011110  0 0 0 100011100110000110100001
                                   100000111011   0 0 1 0 000111011100001111111
                                  0100001110001  1 0 0 0 1 1 001100100001010100
                                   001101101001     0 1 1 1 0 1 001001110000001
                                   111010011000    1 0 0 0 0 0 0   111111111101
                                   010110110010       1 0 0 0 1 1 0 1 0 1 0 000
                                   0000100010110         0 1 1 100 1 1 0 1 0 0 
                                   1111000011100            0   1 0 1 0 1 1 0 1
                                   1000011011110                     0 1 1 0 1 