 1 1000110001101010111101001111001110100011010111101110011101100100110001010000
110 010001110110100111011010100010010110110000110000101001001010111010100011111
 0 1110111011100111100100010100011100110000111011100000001011111001111111000010
1 0 000000110000001011100010010001011100011110010011010000011011001101001101110
 0 1111101101101110000010011000111010000011100110011000111100100100111111110000
1 0 001111110111001011101000111011011110001010010110111111100011011001011011110
 1 0111111100110100010101010101000111110011001010110110111000110111101001000011
1 0 101100110000010101000100000001010001001010111010101110000111000101000100110
 0 0 10001100111100011010000111011011110101001010001000011010110110001110011110
    0 0100101010001110011111001101001111111100110011100000100111011000011110001
1  0 0 111110101011100011011101001011110111001101001101000010010101001000101001
01  0 0010001100001101011101100001110011000100101111000011010110101011111101000
11   1 0 1111010001011010111010100011010110101000010000001101101101000111001110
010   1 01010001010100110000000110010100110101101011011111100000001010000110110
011  1 1 1 01110011100111010000101111110110100000001011100100010100001100101010
101   1 0 0 1011001100110100011111101010111011100100000001100000111111101101100
0000   111 0 110111001101001011111011000011000000100111100010111000111111110100
1100  1 0 0 0 11011101001010000011000111110001110101011010001100001100001111111
1001   0 001 1 1011000110100101110110100000001010101001111110001001000110111111
11110   1 1 010 011100001010010100100101101001000110101011110011011001011001001
10011    0 0 1 1 00111111100110010000111100111111001101000010101101011111001000
00111   0 1 0 0 1 0001111000010101111011011100000100100101010101111100001100111
01001    0   0 1 0 0 0100100000001101110000111111100011101001100110101101011101
110001    1     1 0 0 101011111101110011111000101001011100001100011011010010110
010011       1 1 1 0 0 00001101101001101010100001000000010011101011101011100011
011001        1 0 1 0 1 0 11011111101101001101010111111010011011011000010001111
011010           1 1 000 0 0 0 11111001010001010011011000101011000011001 000 0 
10011             0   1 100 1 0 0 1 10010001111000000110001 000100010 0 1 0 0 1
00000              1 1 0 1 0 0 0 1 0 1 0 1 0 1 1 0 1 0 111 0 1 0 0 1 1 0 1 1 1 
100000                    1 0 0 0 100 1 0 0 1 1 0 0 0 0 1 1 1 1 1 0 1 1 1 0 1  
111000               0 1       0 0 0 1 0 1 0 0 0 0 0 1 1 0 1 0 1 0 0 0 0 0 0 0 