                           0   0 1 1 1 0010000101010000010100001010100010110001
                          0 0 0 1 1 0100010010110101100011000001101101101100001
                           1 1 1 1 1 010100011000000101101010001100111001101101
                          1 1 1 0 0 0101000010011110000100111001001101111101000
                             1 1 1 11110010011101000000011000011011011010010011
                            1 0 0 1 1001011000111110000011111111110101001101101
                             0 0 1 0 100000010010101110100010010100001011110000
                            1 0 1 1       1100000011100000001011011110100101001
                             0 1           000100100010101101110010101011011011
                            0 0    0100000  01100100010100100100001000101001110
                             1   0101011000  0000101101100010011000000111110000
                              1  11111100010  011110111110110101011111011110101
                                 000000001101  00100001011011110010010100000101
                                    110100100  01101001100010100010000011000100
                                     100101010 00111010010111010011010000000010
                                    0110111001  1110100111011100101101010000101
                                    0001101101  1000000100101001011100011010001
                                   111000110011 1001001010001000101011010111010
                                   101110111011  010100111001110001101101101011
                                    11110010101   01101011010110000001000100101
                                    11000010110  0 0010010010111100111100010111
                                    01010100101   1 110000001100010000000100000
                                   110101110001  0 0 1 101110101101011000110001
                                   110001001111   1 0 1 0 110000111001010011001
                                  0011100000010  1 1 1 0 0 111 0101011011100110
                                   100000001001   1 1 1 1 1 0 1 1 0111100000101
                                   100010111101    0   010 0 0 1 0 011000101011
                                   110000001000     0 0   1 1 0 1 1 0 1 010 111
                                   0101101011101             1 1 0 1 1 0 1 1   
                                   1101101100101          1 0   0 0 1 0 1 0 0  
                                   01100000110111              1 1     0 1 1 1 