0100100011100111111111000011001100001001101111000001 1 1 0 1 0                 
000011110110001101110111000110010100000101000001011100000 0 0 0                
01010001010010111101010110100010010111001011001010001011 0 0                   
01111000010110101010100011111110000000011110001000011 1 1 101 1                
010011010111111111001111110011110010100110110111111000 0   1                   
11001101110111010100100101100110111100000111100001110                          
1111100000001101110111010001011010101111001011100110 0                         
00110011010111110111101111000101101111010101101111101 111111010110             
0101110011101101000000110100010011101001100000010100   00100101100             
0001100010111110111001101010100101010010111000010111  0011001010               
1100100011001100001110010010010011011011010000101000  0111000001               
0000011010011001110111010000010100001000110111011000  010011100                
10111010100011100110100101001110101000100100011010    01100101                 
0100001011100111111111110100011101101010001101000     100010101                
101101101110101100101110100000010011111101001110    010101101000               
11010101001000111110100001101011011010111110110 1  10111001111111              
110000101010111011010001000011110110110011110111  1111011111000111             
10010011010101001001111010111110010011011000111   0101010100001101             
01000010000111100010101001000111101011110010 0 0  1101011111011011             
1100110110011101101010001010110001111100000 1 0 1     11000011100              
00011110111000000100010101010100000100 1 001 010 1    1000111000               
010101111001000110110110001011001100010 0 0 1 0 0    110100010100              
011010111110110010000000000100100111 0 0 110 1 1    01100110110111             
1011000010011111110010010101100 1 1 1 11100 1 0     10111100010100             
1101110000010010011100111101 1 0 0 0 0 1 1 1 0     00100100101110              
100001100010001000101000100 1 1 0 1 0 0 1 1       1000000001110110             
0111001111110110101011 0 0 1 1 1 1   0   0       00111000101001001             
1 000011101 111 0 0 0 1 101 0 0   0   0         001101110100001101             
 0 0 0 0 1 0 1 0 1 0 1 0 0 1 0                 00101101011010101001            
1 1 1 1 0 0 0 1 0 1 0 1 1 0 0                 001001110100001101111            
 0 0 0 1 1 1 1 0 1 1     1                   00110100001010101010111           