                           0 0 0 1100110001001101100011010101100011011010000010
                        1 1 01110 100001011000110110111110000110000101101011000
                         0 0 0 101010011101010101010101001011011100100100010110
                        0 1 0 1 11110000111000100000111010001110010110000001011
                       1 0 0 0 0 0101011101111011011101110110011110010000111111
                        1   1 1 0 010000101010001100001110100011011000110011110
                         1 1 1 0 1101010010011011001111110111000100001010001100
                        0 0         0110000000000010111101110001101000010100000
                                     001101000000000111110010100011001001100100
                             001111   10111101010011110010101101111011110011011
                           1100001011  0010011011000100001011011111001010010110
                          111100011111  000111111101010001100010011100000001000
                           11010101000   11001111101110110111000101110101101111
                             1011010010 111100011010101100000001110101111000111
                               00111001  00011001000010011111110101101011010011
                              111100110   0100001111001110101010110101001100111
                             01101001111   110110001011010101000011001011001000
                             01001000111  1 01010001101011001001001110101000111
                             11110101101   1 1110011111001010100101100100101010
                             011011100000 1 0 0 1010001010110000011100011000011
                              01010101101  0 0 1 100100010000001101100101010010
                              01010001010   1 001 1 011110001110110110001101100
               1 0           100110110101    0 0 1 1 11001000001111110000001000
                             010101010101   1 0 0 1 0 0 00001000111001111100011
                            01010100101101   0 0 100 0 1 1 01011011011100000011
                             1101111011100      1 011 0 1 0 1 01001100100111101
                             1010111001111   1 1 1 0 1 0 1 0 0 1 10101010000110
                             110100010000         1   1 0 0 1 1 0 1 1 0 11100 1
                             101010010111            0 0 1 1 0 0 1 1 1 1 1 1 1 
                             1110111010010              1 0   1 1 0 1 1 1 1 1 0
                            11111111000100                 0 1 0 1   0 1 0 1 0 