       0  00 1 0010101001101101001000010011100110011011010011101010001111101101
    1 0  0000 01100100000100111101100111101010011100110011110010101010100100011
         0 011 0111010100010000101100111010001100111110101111110010111110100010
        1 0 1 00100000111010010101000110001011001101010101101111111010001010011
       1 1 0 1 1100000110101011011010000111101011111100110111010100000011000100
        1 1 1 10001101101011100110101111011111100001011010111101110100111010111
       0 0 0 0 0001110010101101100001011001000010101000110101110001010011100010
            0 1 000000110111111011010100101001010110011000011000000000001111000
             0 0000100100000111100100001001101001011110100101000000010101110111
    011101    1 011010110101011001100001011110111001100110101111010011100000110
  1101001001   1 1 010000101000111000111110101000111011111101111110100101101110
 101010011111   0 1010000010101100010000010011000011000000001010110011001011010
 110010010011  1 1 011101101101110111000111101110001001110001100010010001010011
    0111001010  0 1 00111101110000000010000011111000011111000101101010101011011
      00110111   0 1 1110100000010010000010111011010100001011001100100110010001
     0100010001 1 0001111001000100111011110010110110010100011101100110010010000
    10111101110  0 1 1111000100100011000110101111110100101000011100000011111001
   100011001100   1 1 111011000100100111010100011100111100110101111000010110101
   1011001101001 1 1 0 00110001110010000100101010011010111000001110100000011110
    101101101001  0 1 1 1011010111110110010110101011010110010011000001110101100
    110101000110   1 0 011 1000101111010110111101011111001101101100101100001011
    101011110111    0 111 00101110010010100111001011010100010110111100110010010
    011010110011   0 0 1 000110001001011000001100111000010000010010000001110101
   0011010100000    1 1 000 1 1 1 010000011100111000111000010101001000011010000
   10001001110101    0 1 0 1 1 1 0 1 010101111000101011111011011101000011101110
    0100011011101   1 0 0 1 0 1 0 0 1 0 0 1011111110001111001110110000001000011
    0000101101101        1 0 0 0 0 1 1 1 0 0 1 1 000011100010000100000110001110
    000000000010            0 0 0 1 1 0 0 0 1 0 0 0 0 110 1 0100110011000011010
   0111101101110             1 0 0 0 1 0 1 1 1 0 1 1 0 0 0 1 111 0 0 0 1 1 1 0 
   00011100000011                       1   1 1 000 1 0 0 0 0 0 0 1 1 0 1 1 0  
   00100111100101                            1 1 0 0 1 0 1 0 1 1 1 1 0 0 1 0 0 