10110110110010101011111111100110101010011010111000010000 0 1                   
0111111010010101111000110010100110101011011100010111010 1 1 1 1                
001010001101000110010111000001000001110001100101001011 000 0 0                 
01111011100000000000010111110000110011001100101010111 000 0 0                  
010001011000001000101010110000111101100001111001011011 1 1 1                   
01011000111011000100010111011110010111011000000000101 0 001 0   0              
101011100101001111101010000101000100000000111001110100 0 1 0                   
0110101010000010110011001010001011000001010010011111010 0 0 1      111101101   
010100100010010101010101111101111011100100100110101101 0 1 1    111000111111   
01111000010101111001011000000101010010100001001001100 0 1 0    10110101001     
11110101101110010110010011111011101001111111000001 0 0 1 1    100000110111     
101111100101001000000110110010000101000111011111101 0 0 1    11010001000       
00100011101100010110110100110010100100110000101110 1 1 1 1  0101111101         
1011111111000010110101011100110001101001001111010 0 1 0 0   100110001111       
111010111001011010000011100011111010111000111001 0 0 1 1    0100111100011      
1110100111100010111011011101110100010001101101100 1 0 1    011000110011100     
1111011100011101011111001100110011110110001001 001 1 0 0   100100101000011     
10110010101011111110111011110001100000000101111 100 1 0    1010101101010110    
0001000110011111010110001000110010010100010111 0 1 1 1 0   1001101000110000    
00110100011101110010111000001001000110101 000 1 0 0 1 0   01110  01001011      
1111101010010110100010111010000101011111 1 1 0 0 0 0 1 1  11011 010101010      
01001100110101101110000111000111010 1 1 0 0 1 110 1 0 0    011110100100111     
001111101101101001100111010111001000 0 1 0 1 0 0 1          10 101100000001    
1101010110010000000100010011001 0 0 0 1 0 1 0   1 1 1 0 1     01010111000001   
100111000110010001100110100010 1 1 1 0 1   0 0 0 0 1         0111001110001100  
1100100000110011011001011 1   1 1 0 1     0 0 0              00111111010101000 
0111000111000111100110 0 1 1 1 0 0       0 0   0            1100110101001100100
10111011001 000 1 1 1 0 1 1 1 1 1                          00111000101110110111
 0 0 0 1 1 1 0 0 1 1 0 001 1 1 1                          011101000101100101100
0 1 1 1 0 0 0 0 0 1 0 0 0     1                          1010101101010011101110
 0 0 1 0 0 0 0 1 1 1                                     0110101010010100100010