0011110010011011110000011010001011010111101011001110100000 010   0             
01101111111110110101001000000101100010110111001101001001100 0 0 0              
0100100011000111101100100001000000101010100110000100001000 1 0 1 0 1           
10011011101110101010000110110001100011101000001100010001110 0   1              
000011110010100101101010110011111000010100110011101101011111 1 0               
1100110010010001000111010110100110110110000001111011111111010 1   0            
01010000010000011110001111001100100101011010011001111100 0 0 1 0 1             
11000111110100101101001110110110101011000111110100010110111 0 1 1              
11111101101100011001100011001010101110010010110110111111 1 011 1               
0001000010111010001011100100001000010101010000101011010 1 011 0                
01010010100110100110100011010001111000100011000011111111 1 0 0 0 1             
1001011111001100000110111000101110111011100011001010111 110 0 0 0              
010111000101100000110101100000011110101100100000000101 0 0 1   1               
00110100011111010011111100011100101110001110000011100 0 101 0 1                
1110101010001100100001111000110001100000011111011001 1 1 0 0   1               
01000000101000101100010001110100111111100011111011100 1 0 0 1 1                
10010111000001111101011111101111100110010010100101 1 0 1 0 0   1               
0010100000110000100010011001111000000001111010010 0 0 100 0 1 0                
010100111010111010010110100011111111101001111100 0 1 100 1   0                 
0000110101000110101100111101011100001001101101011 010 1 1 0   1                
11011100011010000001010010001101000110100011 0 1 0 1 1 0 0                     
1001101100101001010001110000000100001110001 0 0 1 110 1 1 0   0                
111011101001100000111001111001110010010111 111 1 100 0 0 1   0                 
0101011100110011111000101101100010111 0 0 1 1 1 011 1   0 1 0                  
010010101110010110101101100100 0 1 1 1 0 111 0 0 0 0   0 1                     
00100000110000000100100101001 1 1 0 001 1 1 1       0 0                        
1110010101010011011101 001 0 1 0 1 0 1 0 1 1 1                                 
0001000010101 001 0 1 1 1 1 0 0 0 0 1 0     1 1                               1
 1 1 1 0 0 0 0 0 1 0 0 1 1 0 1 1   1 0                                       00
  1 0 0 0 0 0 1 0 1 1 0 0 0     0 0 1                                       010
 1 1 1 0 1 1 0 1 0 1     1 0                                               0100