00000100010010100011101011001110010110100000111100001011 1 0 0                 
100100101011010000110111111110111100010010000011011101010 1 1 0                
10110011010101001000000101010010001100011100100000110101 0 1 0                 
0101010010111010001000110100000101110111000111011011000 1 110 1   0            
101111011011101000101011000100100101111100111001011111 011 0 0 1 1             
0101000100010111110101100110100011011100010100001000110 100 1 1                
111110111010100111000001011011100011101010111110000101 1 0 1 1 0               
0101101001111010101110101100000101010110011011010010011 101 0   1              
101101111110000100110000010100001100111111001011000000 1 1 1 0 1             11
11001111011100011100101011011011001011111110100010100 100 0 0 0             110
100001111110011101110110101111101000011100011010101111 1 1 1               0110
01000010000000110100000010100000101000111000011111100 1 1   1 0          101010
0001101001100110110110100101000001010100110010101011 1 1 1 1 0           000101
101100000101010000001100111000111001000011000100110 0 0 1 0 1 1          000110
10111010100101100000011101111010001000100000110101 1 1 1 0 1 1           100010
0111111010011011110101000111000000100101000010111 0 011 1 0 0           1111000
010000110000011111111101101000000001010100101001 0 0 0 0   0 1         11101001
1110011111110100001101000011100100111011100110010 0 1 1 1               0001110
1011100111111010001000011100000011111011100101 0 1 0 1 1   0 0          1010101
101011000111000100101110000101010101011110001 0 0 1 1 1 1 1             0001011
001111111100111000100111000111111110110100 100 0 1 1 1 1               01110100
010001110101000010100010010000110001001 0 1 1 110 0 1 1 1   1          10110101
001101100110000100111001110100010111 0 101 1 1 0 0 0 0 0 1 0           01001011
001001010101101000011100100001100 0 0 0 0 110 1 0   0 1 1 0 1             01100
010000010011110001110110100010 1 1 0 0 0 0 1 0   0 1                      11111
001110010111010000000011011 100 1 1 0 0 1 1 0 1   1 1                   1111111
10100111110100110000 101 0 010 1 0 0   0 1 0 0 0                       10101101
001101101 100 0 1 1 0 1 0 010 1 1 1 0       0                          00100110
 0 1 1 1 0 0 1 0 0 0 0 1 1 1 1 1                                      010000011
  0 1 1 1 0 1 0 1 1 0 0 0 1 1   0                                    1001101011
 1 0 1 1 0 0 1 1 0 1 1 1                                            00010100001