                           0 0 1 0 0 011100101100111011110100001100010000110001
                            0 1 0 110 11011010010110000110001100101010010010110
                             0 001 11110110000111010110010100000010100100100111
                          1 1 0 1 0 0001001101001100001111001000000110001111001
                             1 1 0 1 110001111101010100001011100110100100100010
                          1 0 1 0 111 01100010000111011110101011001010111110110
                           0   0 0 1 0 0011010001000111111100001010011001001100
                            1 1 1 0     1 0101110101111001110010100111100101010
                             1 1           000101010110111111100110011011011100
                            0      1010110  10110001001010110010010011110011001
                                 1101000000  0100000111110101101011000010001001
                                 11011011101  010010001000100010010001110101100
                             0   01011100000  000111101010100010011010101001110
                              0    0001010100 010000111100000001011010110011000
                                    011011011  00010001110110101010110111000010
                                    010101100  01101101001001100110110001010010
                                   10100101111 01000000101101000000100010011100
                                   10011000101  1000010011110010011001001000011
                                   11001101111   011111100101001101110001001111
                                   01011000111    10001110000010110001101110000
                                   011111010000  0 1011111100100001100100000010
                                   011010111010   0 111110010111110100100101101
                                   101010001101  111 00010011110101000101011101
                                  0001110011110   1 0 0 1 011100001000111110110
                                  0110010101010    0 0 0 0 1 0 0000010111111001
                                   000101001001   0 0 1 1 1 0 0 1 1011110100010
                                   110111100001  0 0   0 1 0 1 1 0 0 111 110000
                                   000000010101       1 0 0 1 0 1 0 0 1 1 01110
                                   110001011110        0 0 1 1 1 1 0 0 001 0 0 
                                  00110110011101            0 0 1 0 0 0 0 1 1  
                                  00011111011100             1     0 0 0 0 0 1 