1111000000101100001001000110011110000100111011110001001110110101110000111101011
0101000000100100111010100001011110001111100110001101110100011001100110111100011
0011001001111111011010110010000110110001110101101001011011110010001000111111101
0010100000000010011001111110001100100001111011100101110011111110011011101101011
0110101111110011100011010011001011001011001000001010101111010010111011110100110
0111111000101100000010000100010111100001000010101000101010111100110011111100110
1110101110001001010111000111111101010101111101111011000000000010110100010101110
0110010010110101011011110000111010010001100110000011011000001001001010011000011
0111000000011110111001000100000010100100010001110100110110100110011001001110110
0100100011101111011010110011100000111101110000111100111010010010100001100010111
0011011010101000111110001000111101000010100010011011110010001111101001111000000
1000010010010001010010010011000001011010111000001101011000100010110010010010010
0101000000001111010101000001111010101011010110110110101101001111101000110101010
0011001000010001111001010100101110000010001001000000011001001111111000011111000
1000000100010010010100111010001011101100111111010001011011010111110011011000001
0010111100010111010100100111001001000010110010111101000001011100111011100110001
 010101111011110011010011011101111011110110101110111101100011010001101110011000
 000101101000100011100011000001011010001100110011111110111111111100101110101001
 1 1001001110011110101110011010001100010101011010001011111110111010101011100101
1 0 111000111111011101110101010010111011000111100100110010010111000111101010101
 1 1 0 11111111010101001001110010011110111000010001010111101100011010001100101 
111 0 1 1 1 110101111100000010111101110011101101001100000101011010111101001 0 1
 1 1 0 1 0 010001011001000101100111000101010000111111000101011000111111111 0 0 
  0 010 0 1 0 0101000000100101111100111010010001011110010011101011011 0 1 1 1  
 0   1 0 1 1 1 00100010110001010101010000011000100110100000101111100 0 0 1 0 1 
        1 0 0 0 0 1 0000001011110011000001101111001111010100010 1 0 0 0 1 0 1 1
         0 0 0 1 0 0 1 00011000010111001001100100001010001 1 0 1 1 1 0 1 0 0 1 
        1 0   0 0 1 1 0 0 111 011100100100011111010 1 0 0 0 1 1 0 0 1 0   1    
           1   0 0 1 1 0 0 0 1 0 1110100101100 10110 0 0 0 1 1 1 0 1 1 1 1   0 
            0   0 1     0 0 1 0 0   1 1 1 0 0   0 0 1 0 0 1 0   0 0 1 1        
                   0 1 0   0 1 0 1 101   0 0 1 0 0 0 0 1 1 1 1     1           