10101111110101100000000010000110111010110001           110000011011011010011111
011000010001010010000001011101000011111111010           01110011000110111111000
0100110011011110110100011101011110110100110011                 0111011110011101
1110000100000010110101011111001010011011000                     110111010111110
0101100111100000110101100010101011100110                         01100001011000
10010110011100100100100000111010000100                            1001011101000
1110000010010000010010011011010001111                              010011001010
000000000001001101001111111010101100                                11101101101
01100100011000010010110111110100011                                  0011111101
10010010111010010011101111001010100                                  1000101010
00111110000010101011011000000101110                                   111111000
01110011111101101100000101101111010                                   111010011
11111001101100110010010110000100010101                                 00000001
01101101111010000110110110011101100001000                              10100100
1101110101010100110100101010011010101111                               01000100
01101111100100001100101011101110000001111                              01110001
100010011110010011100111100100011110010011                             01111010
011010010101000001011111111010        111110                            0110110
000101000001100100011111001            101110    11                     0101110
101000000000000010010000011            100010                      1    1011010
111101100000100111010111010            0000111                     10 0 1000011
1110100100100101111011100111            001101                      0100 011100
10110011111011010110101010001            101110                    101001111010
1010001101101011110010101011011            00                    1  01101111010
11000101100101101010001010101001                                 10 11011001010
0100000110000000010100000000110                                   1110011100101
0110011111111111101100011001110                                   0100100110110
0110010110000100000010111101011                                    011111011100
111001100010111111110111000000                                     100010011101
100101010111010111000110100000           01                         001111 0001
011001000110110011000110010010          110                          00   01111