111111010100110110001001111101100001011000001000101010 0 1 0 1                 
11100101010000000001001001111100001100110101010110101 0 0 0 0 1 1              
110100100010101110101111001010010110011001010011110110 1 0 0 1                 
1110001000011010101011101011111000010100101110101100100 1 0 1 1 0              
0110011000111011110000010110000110010100010011100100 1 1 011 0 1               
0110010011011010011010001101011111101010000001          0 1 0   1              
111110101010100010010000100100011011110000111              0 1 0               
10010011011100110000010011011001111010100011 01001110110    1                  
00001000010000000001011011100011111001001000  00111100011    1                 
010001001001010001010100011001010111100111110  11010000110    0                
1110110110010001100010010100101000111110011000 001000111111                    
0011010010110110101111100110001001000011000110    1000111110                   
1100110010001101111110101111111000000110110010     0010110101                  
01111100101110101000111010111000001001100010     01001001000                   
1001111110101010011000000011111010010        101101101011001                   
10010000000000010001110111111000011   1010   0000000001001001                  
1010011000100100010100100111011101 11010110000110000010111010                  
1001101011101101011010001010110011 111  00111    111101010011                  
1010111100011111110111101111000110                01011011000                  
01000010010110100100111101011100001   0 1     0   01000101100                  
10010111100111100011100111001011010100 1 0 1 0    10011100000                  
1001111010101110001000111111011100010 1 010 0 0  11111001110                   
010000111001111001000101100111100101 1 1 100 1   00011000111                   
001000010100001100010001011010100 0 0 010 0 1   111010001111                   
10111011100101111111100010 10110 1 0 0 1 1 0    1110011010001                  
0000111101000101100101000 1 1 0 010 0 1 1 1    100000111010111                 
1110110010011001101010 1 0 011 0 1 0   1      1000111011011001                 
001 010111001 0 0 0 1 1 0 1 1 1 1 1 0 0      011001110110111001                
 0 0 1 0 0 0 1 0 0 1 0 1 0 0 1               0101111000001001000               
  1 0 0 1 1 1 1 0 0 0 1 0                   00110000011110101111               
 0 1 0 0 0 0 010 0 0   0                    1100111011110100110001             