110100011010110001100011011001110101100011000101000101 0 1 1                   
110111001010011100100000111100111010100011010110100001100 1 0 1 0              
001010110111000111101111110011101000111101110011000011 1 011                   
110011010101111101110010110000101000110101101001001101101 1 0   0              
101101001010111000000101011101101101000011101011010001 0   1                   
11101101011000001100101110000110111001010111111010111                          
1001100110000110010101001010100110100110010001001100                           
001101111110011000100100000110001100011100110101101 001111010000               
011110101011000010010101100100110101100100000101010  11110101000               
100001001001001100111110000100100010111011110111101  1011011100                
01010001010001011101000001111001110101110101101010   1101111000                
000100111000001000111001010100110101101001100111111  111101110                 
01011100000111010101000100101011100000101011011001    1101001                  
1100111100110010000110100111000101010110101100010    110000100                 
011101010110101110000011000001011111100101000101   001110010100                
01101001101011000010011101011100011001101110000   10111110110110               
00101011010110100100010001011011100110100011011  1101001101110011              
000001011111100011110011101101100110111101101 1  1011001110001011              
111100011001000110101011100001001000110111 1 0   1101010110100010              
101011001001010010010111100001001100111111010 1       0100111100               
1101011110011100111101100011010011110010 0 1 101 0   011011111                 
1001000011011000000010011100100101001 0 0 0 1 001   01000010111                
1001111100111010010011101110011000 1 1 1 001 0 1    000100111001               
011110000001011001010011111101101 0 000 001 1      10010011010001              
100110101001010101001111011000 0 1 1 1 1 0 0 1    00111101010101               
111111011011100011011111100 0 1 0 1 1   1 0      0000110101111011              
1101010110110110011101 0 1 0 0 1 0 1     0 0    11001011011110010              
10111111001101111   0 0 1 0 1 0 0 0   0        010111100011010010              
 0 1 0 1 1 1 0 1 0 0 1 1 101 1 1 1 1          10110010000000101010             
  0 0 1 0 0 0 1 1 0 0 0 1 0   1               01110011010001000010             
 0 0 1 0 1 0 0 1 1 1 1 0                     0101011010011010110001            