                           1 0 0 0 01001010101011100001110000001111000101110011
                          0 1 1 0 001100111010100010011110101100011011010100100
                             0 101 00100100101001110001101111100111000110011110
                            0 1 0 0 1100100110110000101010011000000111100000000
                         0 1 100 0111100010111010001100010000101010111011001101
                          1 0 0 1 0 0011000011000000011000100110100010101011011
                               0 1 0 011100010101011010001010011100001000101010
                            0 0 1       001010101110110100110000110101011000001
                           1 1           01110110001100001000011001001001001111
                                 0101101  1100001100011011001001001001111010001
                                100101111  010011111011011000101011001001100111
                            0  11101010110  00110011001000110011011100111100110
                               010001110100  1010000000000111010011100111000111
                                  010000100  0000000110111001001010101010110100
                                   101100001 0110001100011011110111010011110101
                                  1110111101  110010000111000110101111010100100
                                  00110001111 010111101010100110100110111110100
                                 010000010010 101000110000000110011110111000001
                                  01101001000  10010000000101011010111001010011
                                  10110011110   0101110101101100101101100010010
                                  10010010010  1 1 0001011111110001100001100001
                                  10000100110   0 0 111101110000010110001011011
               1                  01111010000  1 1 1 10011000100000000001110000
              1                  110010110100   0 1 1 1 11101000010010010100010
                                 1100111100001   1 0 1 1 1 00111011001001100111
                                  101100100101    0 1 0 1 1 1001000110100001111
                                  001000100110   0 0 1 1 1 011 0 0 0 1100011001
                                  100101100111        0 1 1 0 101 0 10101 01011
                                 0001110001010         1 1 0 1 1 1 1 0 0 0 0 0 
                                 0000101111111            1 0   0 1 0 000 1 0 1
                                 01000101111000                    0 1 100 0 0 