                           1 1 010 1 010111001111010110001011000000111101110100
                          0 0 10011 0111101010011000010001010001000101010011111
                           1 0 1 1 0 001111111001111111101100100000110101011001
                          1 1 1 1 000100110010101001000100000011111110101001011
                               0 1 0 010101101111101011001000110011110000111101
                            0 1 1 1 1101001101100010001011000011100110111100011
                           1 1 1 0 0 1 0011011000001010100011110100111011000111
                              0 1       101110110010110001101101000111100101110
                           0   0          0000010001000010001110011011011001111
                                  1001011   10111101110101010001100101111101011
                                1111011010  01010001110001110111001010110000000
                                11111100010 01011100100000101110001111001100001
                                10101100110  0010110100011110000100001001001011
                                  1100110001  001000110101000001110100011100101
                                    10001000  110110001010000100101100011000100
                                   1111101000 010100011110101101010001000001101
                                  10110111011  00000010011000010101110110100000
                                  01001110011  00010100010001010011011101000101
                                  10111101110  0 010100110111111111111011100110
                                   10111111101  1111111111110111011101000110111
                                   00011111001   1 0000011010001110110100000011
                                  010111101010  0 0 111010000001101101111010110
                                  000111101000   1 0 0 100010110001011100011011
                                  101100101011  1 0 0 0 1 111110100011111111100
                                 1100101111111   1 0 0 1 0 0 000010101000110101
                                  100100111001  1   1 100 0 0 0 011100100111111
                                  011100110111     0   1 1 010 0 1 101110000100
                                  000111101011        1 1 1 0 0 1 0 0 010010011
                                  011001111101           0 0 0 0 1 0 0 0 1 0 0 
                                  1111011110110           0 0   1 1 1 1 110 0 0
                                 00100010111001              1 0   0 0 1 0 0 1 