                                             1 0 100 10001111001000100110001111
                                            1 1 0100011100100011000101000001111
                                           0 1 0 0 1101011110101101110111000001
                                                0 01101111100011111000010110101
                                                   1110101110001101011101000111
                                                    010011110001100100111101000
                                     110110011011    10110010101011111111011001
                                   100101100001010  110111111000100010000100101
                                  01111000011000100  1 101001000110101111100111
                                 0101001101000111010  0111111000010000000010011
                                   10001011001000100   0 0000000111010100000000
                                    0111001110101110  0 1 010001110011111001110
                                     011111000000010   1 1 10000101001011110001
                                      00110111100010  0 0 1 0001100000111111010
                                       0011011100010   010 1 110001100101110111
                                     011100111100100    0 1 0 0 1 0 00000000110
                                    0101111110001100     0 0 1 0 1 010000010101
                                    0100010101100101        0 0 1 0 1 011100001
                                   00100110011101011         0 0 1 0 1 01010010
                                  0001000101010111010         1 1 1 0 0 1 10011
                                 01010001111001010000              1 0 0 1 1 1 
                                  1101111100111101001               0 1 1 1 0 1
                                  1001110100001001010                  0110100 
                                  1011000011000111110                       0 1
                                   000010010010001010                        0 
                                   010100101100110111                          
                                   011010011001011101                          
                                   010000010100100100                          
                                  0001100110010011100                          
                                  1001011101011110010                          
                                  1101101011001010001                          