                                   0 0 010 111011100000111010011011001011110011
                                  1 1 110 0110011011010011111101110010010110001
                                   1 0 0 0                111101110001000011111
                                    0 0          00111110    101110101000100110
                                          101011110101100101   1011000100000001
                                       11010100101111011010010  000011100000111
                                     11001110101100111101000001  11011111000001
                                    0101101101110011101111101111  1001010010101
                                   100110010000010100001100101100  000110111011
                                  10011000100110101001001011111011 010111100001
                                 100110110111011011110010001010100 100011000001
                                1111001011011011111000011101000001 111010000100
                               01000100111001111000101110111111000 101110101101
                               0000000011100111001111010111111011  000111011000
                               110101110100001011010111010111111  1010101000010
                             01000011000011110001100000111100     0011100010110
                        10111100110110011101001011010000110      1 010110110011
                    10001011010111010011110110000011010110    0 1 0 0 0 0110011
                 110101110111001111101000011000000011110101    0 1 0 1   1 1000
             0010000101001010100101100111000000010111100 0        1 1 1 0 0 0 0
          00111010100010110010000000001111010101001001001111         0 0 1 0 1 
         11001001100110100100011101000001010110001011101000001111       0 1 111
      00111110010110111001110001000111100100100111001000011101101100       0 0 
    10000001111100000101010101010010010111001000101110011100110000010          
01010110000110011101100 0010000100100011000000110111000001111001110001         
1110111110101010110  11000010001000110001110010101010001001100111011100        
011011011 010110100011011010001000010011111100101010110101011010000011001      
1001110  10101001001000101100000101010111101010001001001001110011011111010     
0010011100111000010110111011111000010101111000010110111111100110011101111010   
00110011010100000100001111101011100000000010000011101001111101100000001000011  
01000000000011100001101110000111101010100000010100010110011 0011110111110001001