                                                                0101 1110011110
                                                                110 0 101110101
                                                                 1 0 0 00100100
                                                                  0 0 0 0011011
                                         00110                     0 0 10001110
                                   111110101011010                  111 1 0 011
                                  111110011001011111                   0 1 1 00
                                 01001111011111000110                   1 001  
                               1110111100000010001000                    011 0 
                               10110110001100100110111                   1011 1
                                0111011110000011110111                       0 
                                 1000100011100100101011                        
                                   01010100101101011001                        
                                    0001101110100100010                        
                                     011100011010010011                        
                                      00011101101001010                        
                                      10000100111101111                        
                                     011001100101011101                        
                                    0111100100101011001                        
                                  101000111000000111111                        
                                  101100011111101011111                        
                                  1100111110010001110111                       
                                 00101000011011010001110                       
                                 00111101110100101010010                       
                                 00111111111010111100001                       
                                 11111101001011000010101                       
                                  0101100011000011101010                       
                                   00110111001110000011                        
                                   100001001110010100001                       
                                   0010101000000111011000                      
                                  011011000000100100100011                     