                                     1 0 11010101110100011110100001110111001011
                                    0 1 1 1100010101010101111010001010101001101
                                     1 1 1 111001111110101010011111011001010011
                                      1 0 0 00110010010001101000011100101010101
                                      10 1 010001100101011111101000010001111000
                                            10111110111010000101100000011011110
                                              010001010001010100101000101000000
                                     1000011   00101000100011101010000010110101
                                   11111100111  1111100101101100100010000100001
                                 00110101001101 1001001001100110100011001110111
                                 100101100111110 111111100111011000110000011111
                                  01001111110100  11101111111010100100011110001
                                    101010111010 110001010111110010000001101110
                                     01011110000  11001010110111100011111100010
                                      1101010100   0111011110000101101000000100
                                    1101101100100   111101111010111101111000110
                                    1010111100110  0 0 001110011011111110000100
                                   00010001001111   0 0 11011001011000000011110
                                  0110100100101011   1 0 0011100110101001101100
                                  1011101111001110  100 0 011111111101011100100
                                   100101101111001   0 0 1 0 1 0111110100110010
                                   100001011111110      0 1 0 0 001 01100111000
                                   001100111010101       0 111 1 0 1 0100110011
                                    11001010010000    0     0 1 0 1 0 001001010
                                    01010011100010             000 0 1 1 1 1 0 
                                   010011100100001                1 1 1 0 0 0 1
                                   100101111001110                     1 0 010 
                                 00101011001000011                    0   0 1 1
                                 11010001111011000                             
                                  1011100110011001                             
                                   010001111101100                             