                                                       1 100 110010100101110000
                                                        110 1010011101101001000
                                                         1 0 001100111100001101
                                                        1 110 10001100000110000
                                         0101111         0 000 1010000000100110
                                    0001011000011100      101 0 110101011101001
                                   001111100011110100      100 0010110010010011
                                 001011000011111101011        1 001 11110101011
                                 0110010111000101111000        1 11110101010111
                                01101011101101011000100         0 1 0 100100000
                                  0100100111110001101111       0 0 001 00110110
                                    10010011000001100110          1 0 1 0 0 010
                                    11000111010100100011           10011 1 0000
                                     1101101110011010000              1 0 0 0 1
                                       10000011010000101               0 1 0 1 
                                       11010011111110111                    0  
                                      111001111100100100                     1 
                                    11010101101010100111                       
                                    01010000101000111000                       
                                  1101101101100111001010                       
                                  1101111111101000011011                       
                                  1110001001010000000111                       
                                 10011010100001111010000                       
                                0101111000110111110010100                      
                                0110000110010010110100110                      
                                 101011001110110101001111                      
                                 000100100001101100010010                      
                                  10011001100100100010001                      
                                  01010100000011000101000                      
                                  11100011010000111010010                      
                                  11101000001000110101001                      