                             0 0 1010111000011101000010111010010000010100111101
                          1 1 0 0 111100000011110110111100110000000010001001111
                           0 0 110 01010001101001111110010011110110111110101101
                            0 1 0 0 1100001001101010001010001011011101000011111
                               0 0 0 110101100100001110001000111011001011011000
                                1 0 0001011011111011011101111111100001111000010
                               0 110 011111101010001111001011000001100111100110
                              0 1 0 1 11010101111001011011100000010010011110001
                                   1 0 1101110110001111001000100100101011010011
                011011001001        0 1 111101000000101001100111010010010100010
            010011011100110100011  1 011 10010011000110011111100111001010011100
         100100110101101100010000   0 0 0   11100100011101000000011101110110110
      1001000010001010001111000111   0 0 0 000000000000101011111111111100100110
    1101111100111001100011100110001   1 0 0 11101001010100011111000110101010101
   01000011101101110001111010110100      101 0 11111101000001001111011101100010
  0110101001011100000000101010111       1 1 0 0 1101101011001101000101111101010
 110111000011000101011101010111110110      0 1 0 0 1111111000011100111101110010
 001111000100110110010101110100010010         0 0 0 0 1010100111100101111110001
01000010101111001011101011010011011100       0 1 0 1 1 100010111011100001100010
11110011001100101001000110010000000111        1   0 0 0 1 1 1000011101110001000
10100000011011110011010110101000100101           1   0 1 0 1 0 0001100100011011
110110010110001101111000111101111110101             1 0 1 0 0 0 1 1011100001110
00110111100110100000101011111001110010               1 1 0 0 0 1 1 1 1011100100
0111010110101111000000001001111111                        1 0 0 0 1 1 0 1 00010
0101101011000000101001101011000001                           0 1 1 1 0 1 1 1 0 
1111000000110100110000011001110100                                  0 1 0 1 1  
101001100100111101101010000011111110  000                                1   1 
000011000010001110000100111101100101111100                                     
01100110001111110100111010001110101000110111                                   
00101001110101101101011111001101000011000111010                                
110011111100100000101010001110010011010111011101001                            