010010000110000011011101111000000110000           00100110101111000100000111011
0100000001111011101100010111110011011100            10     10001011100101011001
000110100101000111110100001111010010100011                    11001110101111000
010010001111000101101010111001111011001111                      001110101111000
111110101110010100010000010100010000101                         100110001011110
1111101011110010010011110011001011011                           101110000010000
001100100100011000000110010010001001                             00000000100111
00101110000001111111100110000111100                               1010101011001
10011101100001011011100001101101111                                010000110100
1100010101101101000111011110111000                                 011011101111
0000011100110110100000100000111001                                  11110110100
11011011000000101111100110100000011                                 11100101001
011011000000010101001110010110010011                                10110101111
00100011101001101010110011000100010110011                           11000011000
01001010000110110011100000100110101001110                           10011001100
0111101110011010100110011011000100101100                            10111111001
100011110000011010101100100010001111111011                          01011110100
0000100100100100001010010111000111110110001     1                   10100000110
1101011000011100000110000000 011 1101001000   01001                 11010000010
10111101101100110010101110         0110000    1110                   1110100010
001001001000110001111110           0011010    100               10   0100001001
001100110111001101001010            1001110  001                101101011001000
110100011001110100010111            10010000 11                  11110101001011
0011010101110000110110011              0000100                    1101011101110
11100100001101011000010010                  10                  10  11101000111
01010010101101110011011001001                                   001111001000100
0001111010101000011010111010110                                  11110010100000
100110101000110001010100111100                                   00110101110001
11111000001001101010100111001                                     0110000000011
11001011001110100110001001000                                     0110111111000
10001000010111100001101110101                                     0110  0001100