                       0 0 0 01101111111110000010111010101111011011111010010101
                        1 0 111101000111100001110011100100100001010001111111000
                         0 1 1 100111100000110001110100000010001011100011011001
                        1 1 1 0000000100101100010000100111110001011100000111000
                           1 0 110110111111101001101001101110100011000111111111
                            010 00011000011101111010100100111000100010110111011
                           0 0 100010001110010001010101100010101101010110010110
                          1 1 1 1 001110110111011101100000111101111010000101001
                             0 1 1 00111010000001100110010110011000101101110110
                              0 1 1 1010001101010001110001101100000101011000101
                               1 1 00000101111001100001110111010011110111111111
                              1 1 0 0000001101000110111010011100111101000011000
                                 0 0 001110000010110010110110000000100110011101
                                  0 0 1 111100011101001111010100011011100100110
                                   0 0 1 00000100101100000001100110000111001110
                                    0 0 0 1000110001111011000000101110001011001
                                       0 1 1 0001110111011001010100000010111000
                                          1 0 100001110101111000000010110000000
                                       1 0 1 1 0 110100110010111110011000000110
                                                      0101001011010000101000111
                                                          100010011011011100110
                                           0100111100001    0111101101110011100
           1 0 0                        100010111100001011   110001001100111110
        0 0 0 1 1 1   1               0011000010010000101111   1110001010111010
         0 0 0   1 0 1               000101100011110101001101    11100111011011
            0 110 0 0 1             01001101000010011110110111    0 00100010001
           0 111 0 1 1             1001001101101110000011111010  111 0 11011011
        0 1 0 1 0 1              111011011010101000110101011011   1 0 0 0 011 1
         1 1   1 1 0            1010000001100011011101110001010    1 1 1 0 1 1 
                0              01110010100011011110001000100000             1  
                             111001101000010011101011100001011                 