                                                                      10 0 1 1 
                                                                    0 0 0100101
                                                                     1 1 0 1 0 
                                                                  0 0 0 1 1 000
                                        0100101                      1 0 0 1 0 
                                   001101101001101                        1 1 1
                                  010000101100011110                   0   0 1 
                                010010100101010110011           1              
                                0010000000011001000111                 0 1 1   
                               01100100011100111011011                    0   1
                                11010011101011011010001                    0   
                                 0011101000011000110001                        
                                   10000000111010101110                    1 0 
                                    1100010000010111011                        
                                      01100000110010010                        
                                      00111111111110111                        
                                      01100001101000110                        
                                     001101000101010011                        
                                    0111101111011011000                        
                                   111100010111111001010                       
                                  0011001101101010110000                       
                                  0011011101010011101110                       
                                 01011110111101110001011                       
                                 11010000001101011100001                       
                                 11001110010100100101100                       
                                 10011010110100111110111                       
                                  1111011011001101000010                       
                                   11011010001001000000                        
                                   000111110111000110101                       
                                   1001110010100001001101                      
                                   01101100100011010011101                     