0101011100111111011101011010101010000110110101101001101111011101010001101011011
0001100100000001000001100100100111011001101110000010011101110111001101010010101
0011110110011001100010000111001001101001011110011110001101001001011101111010010
0011001100110110010100100000110101101100000110000011010000011010010010000010101
 101001001011101010011000000111000000110010100110101110001010110010101000001100
1100100001111110001001101100011010101011001001110011011101001100110100001101001
 100111011001101010100110010101000010110010110100110100001110100110100011000010
0110001010010010110111011011011100001010100110010010100110000110011000100001101
1001000000010010010101000000100101000011111111101010000000110111100010101111010
0110000001110101110011000110001111000010100000110110001011100110110000001011100
0001000110100100100111100100010100000000110110010101100101111000000100010100110
0 11001111110111110100101001000101100110101010000001110101010111111001100010000
 0 0101111110010101111100000001010000110110011000111011011110011001000100001111
 011100110001001011000000010101010100000010001101001001000100101110100001011001
 011110010110110000111011000100100010100001100011010001000110110000000110010000
  00011011001001111100110011001101100100000001100101001100111011010110111001010
      1000101011111110000110101101111000011011100000100101011010111100100111011
        11010 01001100011101000000111100100110100001011100000100110011101101111
  0000       110111111110011001000111111110111101101110111010100011110000000010
  0100    110100100101110010010010010000000100111111111010111110101100110001010
  0110   00011 1   110010110001111100000111111111011010101000010000000100100011
 11011  00001   101000011010111111111110000000110111100101010101001010100111000
 11010 0011   11010111000100011110101011101010001100101111111101010101010001011
 010101011   01111 111110100010000000100110011010110011100011010111100111101110
0100011110 1100      0111111010000110010111011001111010111111101110101101111010
10110010100111 1110101111101000000100000111001110101001010100101110010001101011
0101111100010010010100010110100101010110110001010010011000010000010100011001011
0011111000101001 1    101100110011101110001110111001111110101111110100110001111
111001101110       101101100100010001111110011010100000100111001100110001101110
00111010100       1 1 101010111000001011100101110111000010001111001001101001010
10001000110          0   111000110101010111111110101011001110001110110000111110