     1 100100111001011111110001001001110110111010110101010001000101101101100000
  1 1 1001010110110011011000011111011111011110011100000110100000100001100001101
   0 01011101010011110011001110111000101100010100101100110100001101101111011001
  1 111010100000101011001110110110101010110110011110101000100010010100010111111
   0 10011000011100100110000100001110101101011001101111011100101001111011001110
    1 0011010010110010011001100001001100101100001010001101000100011100101111001
   0 0 011011101100111010000010111010110101011011000101011000110010011011110100
  1 0 1111010110010101001000001110111101010011101111010101101111000011100010111
     1 111000100110100110001000100110010110100110001101100001010101000001000000
    0 0 01000111011110001010111100101110110010001000101111011010001000111110011
   0 011 1001000001100101110001111001000100111000100111100110011010001110111100
      0 11000110001010000100100010011101111001010000010100010010010100010110101
     1 1 0011100001101011101010101100101010100001111111110011101000011001110111
      1 1 111001110110010110001111001110100110110011110011100011111011101000010
       0    0010111111111110101101110011110001110110100011011010110010011001001
          11  100   10011101000100000011110111001111110010011111101110011010001
        1101      0000000101110110011101010110010011010000101001110000011100100
        10100   1101 0010110111111110101100101001001010001101000101100011110100
        0100   0110     1011100010100110000110111101001010010001100000100011011
        0001  1100    010001100010100101110110100000011101001001110000110010111
        1101 1110  001000001101010011011001000001111111001101110111100011010011
       100001100  11101  001111100011110010001110100111011000110011111000000001
       11101011100001      1010001000111011001011111011011010000011101000110011
   1100010110110100  111111 111000101011011101110000100110110101110100111000011
  01000101101101111101001100110110000110100110001001000011101001000111010001001
  0110101111111100001      1110001011001010101010100100011011111110000011001010
   110010000001101       110010111101110100111001101010000111000011000110001010
   10110010110001       1100001010000111100100000000110010010011011011111011111
  011111011110100  1 1 11010111010101101111101100111011010010000011010010000000
  00010100111110    0 0 0 10111010111010111011001011011001000010000001011001111
010100101011111            1 0 1 0 11000010111110110011000010010110001110011110