0010101101001110011100011110110011100111001010011010011001111110000110111011011
1100011001010100100011100100010111100011010000001111111110101110101000001010101
0111010001101100101001100100100001010101101100001111010101111011100001001010101
0111010110010100110010011110100010000110101110001010111111000101010110100010111
0110000000000111111100011101011010111101001111110101110001011011100101110000010
1100101000011110010001011010101101100111000100101110110111110100111011110010011
0111011000000111010110001111000100001111101101010000010000100100001011110101000
0110010110011010111001110000101100110100000101110000011011111010111101111001011
1010100100110011011100111110001100010110001101001011000110100100100011110110011
1001111010100010001010010010010000100101000111101110011001101101110100000010011
0101001000111100110000011011001010111001100100000010000110001101111011100100111
1110011110011001111001100011011010011111111110101111111111000110100011101000111
1101110010110110010110011010000110100101111000011010011110101100001101010011001
1001000001000100001111110011111000011110111001010100111111010101010010001000110
1010011011110011100011100101011010101100000111000101011001001111000001111111001
0111010110000111110011101010100101011001111111100100000001111100000000001110000
101110011101110  00100010000111 100101    110000111001011110111000 000101001100
1001111010000     0011101111110    001    101101100101100100010010  11001110100
1011000110110      01000111000001  0     001101001010111000110110      11101100
111011011111101    10101001011111  0      00100001000001010100011     001101011
011111100110110  01001001111011111000     011001011101101101001001    111110010
01100011001111     11010000001110001    10100110001000101001001010       000001
1111100101111     111001101000001000    111100001010100011110110              0
001000000010     1101001011101000100    111110000100010011101100      0000    0
      001  11    1111011110100010000     11000111011010110101110     1010011100
           00     10010010000111001      00000010000010011111010     0001001110
1001               1001011111010010       001110111110100011001       011111010
01110100            11001100101101          1100101011101101110       101100110
00110100100          10001110010000         010111110011100101         10110101
01000001000011   00111010010100001110 0001 110110001100111011           1101000
01001111101010  000100111001111101000011000 01010010011000011         100001011