0000011000110100010011001011000100010111011101100110101101101101111100110010101
0010001110000110000110010101101110010101101000101110000011111111000001100110010
1010110111110000110110100001000110110011011101001010110100110001110010110000010
0111100111111100111011010111111010101011110111001010011011001001010110001100010
0111100100010001111010100110110011010001011001010100011011010101100110010111100
1001101111000010011110010100010101001011011111000000100110000111011111111010111
1000111101010001101010110101010001100000000000011101100001010110101011101101110
0001101100110100001010001001100100100001101011001100001011101110111110010111010
1001000010110101000010100110100001100110010001101010001111110110110111011100111
1101011010100100010111110011100011001000110100101001010001110101000001001111000
1000100101101110011100110111011011101001011110100100110101100010111011101010100
1111001000100001001001110100010111000111011001110010000010101011101101010001011
1000001000001111101101010011000101010110011110110111110111101010001101111110000
0011011101110101001010111110101111101001110101010011000000111100111010101100101
1101100111011000100100000000101011001001101100001001111110011101001011001100010
1111011111001001111111001101010000100111101110101110001011000011001100000010100
0100011110100000110111101001100110010100001100001101101111100110111100111001110
0110100011101000011111000111110100100111101111000010110101100001111001111111110
0010001111101100111000100101010001111101101000101100011100000100110110111010101
1010011010110100000001000111010011000111010101100011001000000110000000011110001
11111   00111011000100001010000000010101100011011101001011101101111110101110110
111  01101110111100110110000100011101000110101011101100000100001111110011100100
    111010100010000010000001001010101110111001101111011101111100100011110011010
   0110    01000110001110010101110001001010000011010100110110101000000101001100
 10010    000010110011100101101110100110101000101101011011000101011001001010000
10100  100000110100000100101100011111011001101111000000010101100100101010101000
0010 01000    00011101101010010011101101000111011011101100011100100010011110010
100 1110   11000000101100011111100101111010010011101110011111101010001000000000
1001111110011101011101100001010001011001011000111110011110101001110000001001100
10110010011010 1110011111110011000000010001100011011101100000011100101110011010
1111110        0000011010011011010010000000111001111101010110001000000101001001