0111010000001100110000111001010011000101111011100011000101100010000100000010100
1000100010100110110101001000110110111100101111110111000010011011000110101101100
1100000010010110011100101110111010001011001010000000010101110100000010001011010
0100101011101110101011111110111111111101100111110001000110111011110111011010110
1110110000000101100110010000000001001110010000101000111011100000100000001011111
0000001101000001111110110110111101011000011100111000010111110110011110111110101
0001011001010101001110011011011010110101011011111001100011101001011001111100011
1011010110011111101110011000001001111011001110011110101000110000011011111100101
0000111100001111111000111001000011100011111010001100100001110011010111111110010
1001111110000100000110100110101101101100010110101111000010100101101011000101111
1011111100011100001101010010000111010001000001100000001000010011101111110000110
0100111101001010010111000101001011111100000101101000100101010011010100010001001
1111010011010000000110001001101101100001101101101010000001101110011001000101000
0101100001011011000001100110010001010111000101101000110011011111111000100100010
1001001110001100000101111100001111001111000101101100100011010010100101001001001
0000101011011001101000100001011111000111111110011000110100001011000001101000100
0111001000111111011101110001101101101101001010100111101100100101101001101011110
1110111011001001010001101101010111011010110100111001011100100011010101010110011
0000101000000001000111100110011011100100010011101000111001010010101001100001110
0011110101011110011101001000001011100100011100100101010011111111001010001000010
1001010110100101011001000101010111000010111110111011111011000111001101101010001
0010100000001001111101110100001111010010110101101010101011001101100000100001101
0010011111100001000101100001101111100101 11011010000001101011010001000011001100
11000111010011000 010101000110011110110    011010110010110000101 11110010100111
11000101001110    110000111011111001000    11101101000110101100     11000010010
0111111100010      01111011011101000001    00    11111011100011      0010001101
1011110111110      10011110011100100100         1000100111010000      1110     
110011  010010    101011111101101101100     010 1110100110010000     1     1010
11110101     0   001000011001001010010011    111111110110111111        11001111
100111111110      00100011010110100100111    01101101000000101010      01100011
1101001001000     0100101111011110100110     001110100011111110011     10101110