1011010000100000111110111000111000110110010001110110101101010000100011000011001
0101111111001001101011111110100011011011011101001000111110001101101111000001001
1101010001101110001100101101010001011111110011001001000111100101110110010100111
0100000101100101010100100001110001111010011100000111001101001001001101001011011
0000111001000010100101101101110000111111011000000011001100111111011001011000011
1100100001010110000100110101100010101110000011100111010010101001010111010101111
1010111101000110010100111001111000000111001010010100111101100111101100000011111
1010111001111011010000001011000000000010000011000101011010001001101110001111100
1111111111101001110010101000111101111101010010100010110011101110000001110110001
1010111100110111111011001111001011100111010110101000111110001110000000110001110
1111010101101111110011110000011011110100100111000001001001111111100001000101100
1001001101111101000111100110101010110011010001111000100010110110011010001111111
1010010011011100111010101010111000100111000101011101011001111110011010000000110
1111010110001101000111011110000000001001000111111000101011111001110100000001100
1100100000100011000110001110011001111001010100100011000111010000011111010001010
1001101001110000110000101000111010000101111111100010011001001111101000001000100
1000111010011100100101101010011110010001010111111001000001100011010001001011011
0111000100011100011000111010111010010010001101111100110111000100010000010110000
1000110001011101010010010000101111001100001111011101101011001011000000001111011
1100111101100101110010001110100010100000110101001011011101011100110100100010011
0010000001110011000001111011101100011011011100110100000101100110101111000100010
1110110001110100100011010111111001111001001100110110110010110011100111101011110
   1001000001111011110100101011001101101010110101101110011000001111001111101001
 100011000010110100011111100001010111010100110011111011001000111011111111100110
1010100110100100110100000110101100001111111001010001000010111010111111111001110
11     111001010111110101000101000100011010110000100000111100000001111001110001
0    10010001001011110110100010100111010111110001001110010001011011001101111011
  10011000000011111000101010000011000110101100010000100001001010011110111011001
000010  11011111111010100010001111011101101011001100111010110111000110010010100
111      1111011111001001010100010111011011110101010110010101111111001011010101
1111100110 11000111101110110111000010011010101100011001100101010110001100000101