0110110111110001110001000111010111101010011110110010110011101000010000000010100
0111110110000011101110100110100010010111010101100110110001010111101001110100000
1001110101101101000110010111010001001111110101110001100111000101011111101111101
1101110101100100111100010111101100111111100011110011110010011000111010101000101
1000010101100011101000101001000101100100001111010100111011000111111101100110000
1000111110001101001111010111111100111011011001010101100101101110100010111011011
1101111110001011111000111111000101010010101001110111000001011110110100010111111
0111010011000110101001100111010010000101001001000000000000111010001111101110100
1000010101001001100011100011110101111000111000011000110001101110011000000110111
0010011100010100111110101111110111101010101100010110111011001101000110100110010
0100111101100010110111100010011001000110111000000001100100000010111111110001101
0111101000010101000110011101010110000111011110100000001110000010111111100110101
0000101010000001011100111101010000110100011001100001000111111010100000111111110
1111011011011000000011001001100010001001001101100010100100110001010101100011101
0111100100010001001100000011110010000011101001010110000100100011110111001111110
0111111100000011010001111111100001010010011000000011100111001010011000100001011
0111111100000101010010011000101111111100100000110100000100100001101111011001011
0010100011110011111011011000100110110100110111111011000011100101111110001101110
1101111011101111110111100001110011110100010100000111100010011000000010100011111
0000111011011000010101101000001101101101100011011011100010001000010101101010101
1000101001111011100001000001001000110110010001110111101111110110001011011111011
0001011110110101001011001111010110011100000111100011000101011001111111100010100
1111011101000110100100011001010010111111110101100011111000101011111111001010111
0111011001010000011110010101011111110001001000000001001100001001111111100111011
0001010001110000101110110111001000000100000011010101101010100010011110011001101
1110010000101101110111010111110001010111000010100101101000100000110000001111110
0010010001110000001010100001111111001011111111110010101000101111111000001000111
0100010010010000100101100101011000110110011100101001011101000111111111100101011
0100111101001000111001101100001101100111100001000001010100101001010011101101010
0011111000000100000100011001001110100111111000100011001110111011100001100001101
 101000000110101111010011101101111101000011111010011000111011000111110011000011