1010001001010111011111101001111110000100110011110111100110100101011110001010010
 00001100011001111011010111010001010011111000000000110011110100000001011000001 
 10010010000111110111110001010110101101011111010010000101110100101011111111100 
 11110100011110100111111110100011110100110101101010001100100000011101111101010 
 11110110100010000101101000111101000101101100000100000100011000111100010111001 
 11110011100001110111111001101010001101101011111010011001001100010101011100010 
 00100011001001111011100000100010010001101100011000011111010011010010011111001 
 01001110000001000100001000100010111101010000000100111001100000001011010101000 
 11001110010010001101110111011001011111011000010100000111100100101111111000011 
 11010000000110111110100011011110000100111111111001101100111011001111001101110 
 00100001000111001011011100100101110111100001101101001100111000111101000010001 
 01111100010011001001001001101011100111101101011101101100111001101000110001101 
 00101011100001111010101011011000101000110101010111101110000011010100110110110 
 11011101001010101111001001100110111011011001010001110101001000101111011000110 
 10011010001111111010100101100011011011110111001110000011011110100101011111110 
 10000110001001011101011101111000000111000111001001000011010001100110000000100 
 00000000001010010101110001000010111110101111111101010101011101010100000110110 
 11110001011110011011000101001110000101111011110000000111000010011001111010111 
 11111111110000010011011010000010101110100011111000001101101000001000100100110 
 01000111110001111010000111011010100101100110101110111001110111001110010101000 
 01010011100110101101001101111110001010011011111001011100011111010011101001110 
 00101010101101110010100011010111011110110110111110001110101011010010010100101 
 01011111100111011001010111100101010110101000101011101110000000111110100011010 
 11010111110101001100000110011011110110111110001101010100010001100000110011000 
 11101000000001011001010101110000101111101001110001111100101010101001010010010 
 00100101101000110010010101011111001100011111100011000001001010000000000111101 
 00011000110010110100000110101010001010100010110100111110101111110010011000111 
 11010111001000001101100011011001101010011110111100100100110100111111000101111 
 10100010000011101001011001011101000001110010010110011000001000110110010100101 
 11110011000001100100110111101010010100011110010111010110010101011110111011011 
 00010101011110011100100100000001110100011101110000010110100100010100001010110 