1001100110010001000100111010110100000110001010111100000001111010100100111010111
0000001100011100010000110110000111000101101011001111011111101110101111011000000
0100010111111111001001101010000110001011101101010111100000011000111010100000111
0101011010000010100101101010110101010101000001010001010111000101010110101000000
0000111010000000111100010110101100000000011110010110111011011111000111000010001
1100001011010111111010100101110110011001110010001011110111010110000011001111011
1110011010110000110000110010101010111011101011101110001110001100110100110000100
1000101100111001000011100100101001011110010001101010000110110000111000111011101
0001011110110101100110010111010001011000100011101001011011011111001001100101101
0100100000001101100011111100010101001100110100001101001111111110110111101100111
1000111001111101100011010001111100010001011110111011100000111001001100010110010
0111011101011101000100011111110110100100001001000110101101010010100110011010101
0001100111101101001011000111100100101101111111011000011001101000111101101011000
0100001010101110110110110011000111111000111000110101100001001111110111101101010
1011110100110000 101001100100111000001101 1110010111011010101111101011010110100
010111101010111   100011111111111100111    11000100010100000100011  01101100010
00001011100101      01110010011 00  01     0110010000110110111000     101001000
00011110000011      01001100100000   01   0110100110001010010011      011001111
101000010001000    10001001100110  0       0101111011000100100011    0011011101
000110011110111   1101000110111001110     10000110011100100000111    1 00011001
11000001011110     111111001110011010    0101100101010100000101            100 
1010100000001     0111000000110101010   11111100011000011001111       10      0
11   101000 01    0111010010010100100    1000110110100100100000      1011011110
           001    111000000101000011      1110001000110010010010    10111010101
11                 0101011001111001       111000110100001111000      1101100011
1101011             10111101001001        00100111111111000101        101001110
11000100001          111001111100          11101001110011100100        01100101
001110101111         000010101001001       1001000111101110111         10000000
01001000001010   10101001101101111101 1111 111000010101000100           1001100
0011110011101   001101001001001100101 11000 01101101000101110010  11  010101001
00000010100011   10001011100001010100 11111 11111001001001111101  01  100010011