11000100001001001010001111          110110 1          0100000001010110011001010
0101111011111010100100000             11               010001011000010110100000
01000110010011011011001001                               0001011000100000100101
100101111110010111010101001                               110111110110011101101
00110011111001001011101010100                               0100100100011110100
10111111011010110011111100001011                             000010101100111101
0101010001011100111010011111101                               00000100110110100
001000110100011101001011100100                                 1110001000111011
000111000001001100111010101101                                  010011000111011
000100001001010000011110000110                                   11001101100111
001101000101111110010010001101                                   00110110010101
100010100100011011101001101000                                    1100001001000
100001111110000010000111100011                                    0101011011001
0101101010100000111110110100001                                    101010001110
100011101011110000000101000110110001                               100001101011
111001010000100111110001001111100110100                            110101010001
0110100011110100010110100011101101111111                           011100101100
100011101000010100111000001111101111000         0              0  1100010101111
110000000101111000101011011110100000101    11   001            10  110111001111
0110111100010000010001011111110010011100   00  0100             10  01110011001
1011111001100101000001000000110011111110   011000                10101110011011
0101010011110010111111011101100111100111   0101                   0100010101110
00011111000011010000101111011100100010011  001                     101100000010
001001100110011101100110110011101111001111 11                       10110110100
110110110011001001000101101101111110001101 10                       10010001100
001100110111111000001111000101000110111101100                    00  0001101110
10101001111010101010011010101111011111011111                     01   010101010
10110110001111111010000100010101010110011101                      00  010101111
000011011101011110      11000011100010110111                      00   01101111
110000010101001          0110000111001001011                      100   0100010
11110110000100           0000010111100001001                       11   1011011