0101010101111111100100010001000000100101000110011101010101011010100010011000101
1101111010010100010000110011000010101100001111101011011010110000100100110100110
0101100100110000110111001101111110101001010001111011101010011011110110011010001
1000111001101001111011010110100111100011110010111111110001000000111101001100111
0001010001000100000111000101110000001010111010010001011110110100111110111000011
0100010011101100011101001110110111001011000001011111100010010011000101111100000
1011111100011010010011110100111110010010001010111110111010000010101110000000011
0011001110110001100101100001110101100010011001101100111111111100100110100000000
1001100101001100100001100001111100011100001100110101111001110011111101111000101
1001100010101011000100010011110011010011010101111111110011110100111010010110011
0100101010111010101110101010111110010110011000101110010000011101011000100110001
1110001100000000010110010111100000011101001010100100111100111100101111000110011
1101010101011011001010111111101110000110000000111010110111010010001010011110111
0011111111000001100001001110001100001000101110111110100100110100010011010010001
0011001011111111011010001010101111011010011110000011001100100101111000110100010
0011010100001000010100001111000111011111100000110101001010010010011110001100101
0100111111000001010110010110001001011111011110111111000101001011100000000100010
0000110101111010111100000111111001000011010011110110101000111000101000101010100
1110010010101010110101111101110011010011101110111001000010011001110001110010101
1000110000000100110001010100011100010110110011001001001111000011000111101110001
1001110011010001010011110101111111011101011000010000110010001111011111011011000
0101111101000001000110001001001111011101100010100111011110110001110011011001010
1001111001111001100001011010111000001011110010110010000001010011010110000110101
0011101110110000100111101010001111111101100000000010000001101011010001000010011
0011100100110100011000111000001011001101001011101100111100010001001100100110111
0100011110001011001010110011001100000011111111000000100101010000110111000111011
0100110010101110011111001001110101110100011010101101011110110011110011110000000
1110001011000100010100000100011110000001100010111001110100100011100111001011010
1001001011001000100000110111011011100001010110110011100110111111110100101110000
00110010011000001111011000110111010001   01010001110000001010000111111110111010
0110110000111100000101111100000101101     1011110101100110011100001111100001111