1010101001011000110001101100101001011000101010011100100111010100101011000110101
 00110011000100110000011000001100010100110111001011010101100000011110010101010 
 00110001011010100011100000010101110110101001110000101010010110110100000101111 
 00101111000100111110000100011100011001101011110111110100110010001000000001011 
 11011000011101011111011110011110111001100110100001111110010011001011101010110 
 01111110101111111011011000110001001001000110100011110001100111100111101101100 
 11011101011101000011011101100110100100100011110110111001111001010111101010110 
 00010111010111111000001101011010011100101000111100100111110101010010010101010 
 00011000100001100001101000000011111011000001100000010010000010110111000110010 
 10011111111100110110000010010101101100001101100011110111010011101101111110011 
 11011000011010011111100100011101100111001000011001110001011001110101100011111 
 01111010100101111111110111110100001000010000101001110100000101101000111011011 
 01011000100101011011110101100001001101100110001010010111000110101011111111000 
 10001101100100010111011001011001010110111000110100000110011001001011101001011 
 11000001110111100001101001100110011111001100111000010011001100111100010011110 
 10111000110010111101101110001100000010001110000100010010010100111000110111010 
 00010100010110001110100101011000010000110010000111001000010110110001001101000 
 01111111010100101111010100111001000110011111010011000101111100101011111011001 
 01101101010011100001110010010110101000111010011100000100101111101100111100000 
 00001110000101000010011011001010101011101110000101100111111100100000010101111 
 11110100101111100010100011000100111100110001110111010101100111110101010001010 
 00010101001110001111111000100011010001011100010010111111100110011100010001111 
 11111010111111111111101011100001000010000001101110011000001000101100001001100 
 00001101101100010101000001111111101000101110010100100110101100011000100000101 
 01001001100111010011110000110110011010100100010011100001010001000001010111000 
 00110101000111010000101110001110111100100101111001010010011001100010111011000 
 01001101101001011010111110000001110101111011101101100101010111100110011001111 
 01100111110000011111011110000111010101111111011000011110010111110111100000101 
 11111100000110100111000101101101100010011111000100001011111011000110000001001 
 00101100010101001010000111111101111101001011111011000010000000110111000110101 
 00110111010110010101010110001111010011001000000101000001011101110000010011000 