1100101000111101001010010001101000011110110011010000010001110000010001011011001
1101111111010101000110110100011101101100000011110001010100001001000000010011000
0001100111000001111111100010110101101111100010001010111111000101100011001111011
1100010100110011101011100111100011110101011011001010110011101100110111110110101
0101001111101101111001111011011000110001100000100100010100100111011011010110110
1001111011101001111010011001111101010001010110010101011111010100010110111010000
0110001000101110100100101011100001001001101110010100100110000000011011000010011
011001100001101110111000011010000101100011 011101000100000111101110001000001111
10101001100001011101  0010100000011100110    110101110010001000111 101111101101
101000010001010101     0100010110110011000    111  1  0010000101    00110011000
111110110111011000      110000010010100100    10   111001111010      0010111110
010101010111101100     0010010011010100011         100110000111      1111000010
001110101010101011    11110101000110111111     0000101011  01011    01011100001
111101100101110010     010001000101011001011   1000010100           00111101101
01010011110111100     1111100011010100010010   1011011000110        00100101010
       001011011      001011111000110010110    10111110010001       10001100001
          0110   10    0111110010001010010      1011011010001011   101100101000
01110           110     010001000101100110       1101000111101     001010010011
0001110011               111100011000000         001000011000       11010001011
01101000100100  0         00111000000010         1011011111         10001010011
01001010000010100          10011011101010 1000 11111101010          00101000000
1011001001011000  1    00101010101011001 11011001110001000010       01000110110
1000010100110000  0 10111010001100010001 1000111001101010001011 1  001000010101
001011000111110110   111101100111001100 01111 0100011110100011  11 000001111000
10100100111000001010  100000011111100111  01     100111011001 0010 011100000111
1000100101110101010    1000000010101001000    111011111110011 0010 011001100111
01101010101111110  111 000101011000011010000100110 110011001   001  00101100100
011100  111000101 1     11100110010110010010111010101011000110 0000010101011110
01   1111 01000110000000   0001111111111010101101101000010 01001001111000110010
11000 00000   01110 0 011101100111010110110010111001100000110111110   101000110
1100110110001111101010101000010111011100001100101110101011100011100110001100000