0111011111111010010001101011011101100010010101111100010101011011100100111101111
1011001000010111011110000000111010100001010011111110111100010000011101011011000
1010111001101101001111000000011111111010000100110000111101100000010011000101100
1100001100100110101100011011    11010111011100100100100011010000001110110001110
11000110000101010101111101       1010100111011001110000010110001101000011000100
 0101110110110010101001            11010111101110100101010100001000100001011001
 0000      0010100111101            1001000101110101100100110101111100000111010
           110110001111            01110001010001000110010101101011110011001101
 1   000101111111010011             1100011111000100011001101100010111111011010
       001101111110001100           0010001  1010101001111011011000010000100101
         0100000011100100            110 01101010110110101011001100000011111101
          10101011001010100     1  00001110001101011111000101000111001001011100
    11010        00               000010101100010011111111000101100000100111110
    010010      000                11111111110010111110101010111000110101011001
    001001101   01                 10011001010001011100101110001101101100000011
    100010011          0            1101110110011000001100011010011011001011100
    111100101                        110101101011101011100110110001010011001010
    011001111   10                   100011001111111000101111001001101101000110
     01000111 1011010000010          010010011001001010001110010101000011000000
      101000011110010110010          111011000011101101110001110010111001001101
       010110101111000010010        1100101010000101110010010100001101011000110
        100010010011011000           010100000110011100001001101100010011100111
          111001010100101             00101100101011001111111000001001101011111
           1111010011111              10000111001011000111001011100001010000101
              1000111001              00001101111111101001000100100010010000000
              00100011                01101110000101111100101011101010101111101
           0101101001                  1000000101001110110010010100100110000001
        110000000101                   1011000110011110011011111110110110011010
1   1000111101101110                    000110101111001010111011010101001011000
0    00101110100010                     011101001101101111010110000101011111110
00   00100010001100                    0100001110101000101010001010100010001001