00011100101011             0101101111001011  1110001001011001000111011100001101
10001010000100               10110100100111011001000100111111011100100100001110
011111000101                 00100001100111110000110100110100110111100000100000
010001001010001             100111011011100000011111100010010110010101100011111
010100000111000              10100000111101001011100100011010011000111111000100
11000110100101              010100           0111110101111100101101101001100010
11000100000100                               0111000011010110001000101000010001
10100001011                      1        0010011011100011010010000010001110001
0101000                         011      11000110111010101101001111111011101010
111111        10                       1001100000101100111000101111000101000100
111000         1                      00001010010100011111000111011001100001100
000110                           0100111100000110010011101010010110110001100111
000000                        0101011110110101011011010101011000111111000110111
01011                         1101110101100101000010110101110011000100001101001
111110    101100              1100011101001111110010001110011000111100100010011
10001001000110110              011001111101111110100101110110010100001000100001
110110100011000111             000110000000111000010011110011001011001001111101
1010001000010001011            001011001110010111000111011010000010001100100010
0000001001000111011            011101110010110011101110001100010110101001110010
10001101110111010010           010111111100000000101011101111101010001101111011
01001100110111011111          1111111111001110011110110110010001101001101001000
001100101000111101             011000110101010001011010110011110110011010111111
00111001011000000               00011000000011001111010101111001010111011100010
1011111011011100                11011110110010000001110111001001000000000001110
0010011111111000                00100000101000011110101010100111101001110110001
110111110111001                 01111011011011111101001011111111100010000100000
11111100001111                   0110000100101101000000101110001100101110100110
0010110000111                    1001000000011100110101110001101001011101011011
11111100100                      0011010101000101111101110010010011000100011001
1011010111                        110110010000001000010111101111101111111101111
010110100                         100001011011100011000111000000110011001000011