1111100101101000001111011110100001110100010101101011000100010101011111100001000
0101010111100110101101001111001110100000010010000011110001011101110111000010001
0010000010011111011111110001001010010101010010111110101001011011000111001100110
01011101111110110000010000000000111100111  100100000011000101011011110101000001
01001010001110101 110111000100111011101     00100001111100101001010000111101100
1001001101100101   001110110000111111110    100000001000001101111111 0010101000
110000011000100      0110001001100110011   110001000110110110101011     1011010
1011110000001011      0111000000010011     10011010100110010101010      0001001
10011011110101111   101111001001011001       1010011111010001000110    00011010
0111111111110011    0001010110000010010   0 10110011001111100010110      010011
0010111100000100     010010101000010101   01000010101100011011100             1
100011001011100     1001001011111011111    000000100101010001110100     100011 
0       11000 011    00010001011000001      1001010100001010111110     10001010
1            0110     0101011101110001       00001111100101000100     110001110
0110110                1011101001010110        001000101110100100      01101110
1110101111              011011110000110        01101110000110010        1011110
0001101011010            10011111101111 0011 000101011100000101          011011
10000010100111011    110000101001010110 11100 0011001101010111           001100
001111010000000110   001000010000110110 10001 1101011011010101110      11111101
0100010001010011001  111000010011110000 0111111010001010110101010  1  011110101
11010011100000110110   0000100001111010  011   01110001011000100  00 1110011100
001110110011100101000  0111001010111001 00100011111000001101110  11  0000101010
110101110101011110   0  10001110101011101111 01010001110101011  101 00111001110
011011101101110101111    11100001010011101 10001111000000111110   1     0011011
101    11  111100010  001000110000011000101111101000011100001100000001101111010
00111  01100 001111011001011001100010110101011110101101011101101011100000001100
00001011 010100110100001111110111010110111010010101110100011101101  0011     10
1011001011 00011011010110000011110001101110110110011010111101110111110111110000
100100100000 1001101 0010001000011101110011001110011000001011111100011100011100
10101101010010 0001   001000101001011011010101100101011011011011001101101101100
1000011101101001100111100010011101001111011010011000000000100001010001111000001