0000110011111111111100101001000011000001011101110111000110011010110010010010110
0001101000011110001101110010011000010000101110010101011000110000001011011100111
0000100001001110010100100011000110010111110100001011011100011100110100010011110
1100101000110110000011000110110011111001111000011001101010101101111101101000100
1100101110001100101000100001000010001010011111000011011110010011111000101101110
01110111001110100101011110010110100101110011100000101111000001011100 1111000110
1000110101011110010111011011001011000100011  0010000101001000101011    10000000
100010010010101111  0100000110100000110101     0000010010110010000      0100101
11101010011001000    011100011000100011000    00000000101111011011      0001001
0100111100010001      11110101010110111110    010011110001001100101     0001110
011010110011010101     111100100110110011         11010111101100011            
010100110100101110    111110001010110011001          0001000101000       111101
10110001011111111     010111100001000000100   001000000011010110100      000110
010010  010000110     000111101001110100110   0011100010100101100001    1100001
0            11110    11100000001010010011     01111001101001101000     0011010
1100          0101    01010110001011100010      110001001101101001      1010011
11000101                11100110010001011        111000100101011        1101000
010100110001              010110001011001        00110110001000         1100110
111111101011110110         10000000011101       100000001010001         1000111
010011100100011110          10100101101110 001111111001100011001 001  010010100
01111010001110100    111101110000000000101 10001110011000000110 1011  101111111
11111100100100010    101000001100100010011 1100101100100110101 11010  110101010
11001000010110001111  1011110001010001100  1   1 010011101100  11100 0000000011
011101011101010111011  00010101011100001100110001110111011111 110001 1101010011
11100000111111001100    0000100001001010001     1 1011100101  11100  0000001100
1111011111100111100        111001100001111100111010100000111111         0101110
111    010 1011100 011000   100110000011100111101101011000110001001111011000010
101001 111001001100011 01101011010001000000110000110010010101101110 0101  10111
01100111  11110010101110110010001110001101101101101011011110101110110001001   1
0010100010 00110111110111110001010100101000110001010010001000001011000010110100
000110110000100011111 011010010011000001111001010000110001100000001111100010011