0110001111011000111000100111001011000001001100001111011110000000100111100100100
0000110001000001111101011110100100110110100001010110010100000000100011000011001
1011100110100100   001100000011010001001000100100010010010111011101010111111001
0001111110110100     1000111110100010001011111000111110100100110111011011100101
10011000010100        100101010010001010001000  1111000100111000100101011100001
100110100101101       1100010010111110001111      00001100101101110000001111111
000011011011101           0001111001101000          011101111111011010101000010
101111010111111           10101000000111111        0110101010110011110011000100
10001110110111            1111101111101110          101110111000010111101101011
10111100011100             11100101100100000       0101000011100100111111000011
1101100111111010       101000    10001001101      10010011100111110001110001011
011100111000110000      0010  1    0111           11101010001010101010010001100
010010011000111010      111100010                  1000101000111010111000111101
011011101010100001      01011001101110            10101100100010010101110110010
00101000101101000        100011101101             10111110010111011011001110111
1110111000010001         01011100001              10101010111011000000001111001
1010000110100011          000001001  000101       01101001110011111011100110101
000010111101011           11011111111010011       01101001000000010001100111101
1111011011001             0101110100111010         1101000010100011101100110011
110011101000              01010011110101           0010010111111101101000001000
0110101010000 1         100000011111011             100011111010000001001010010
111000110010100  10110  10010100010110              000010011001010110100101010
01101110010010   00000  0111111100101                01101010010110000010001101
10011111010101  000010  0010100111000                 1010110000111110111000001
10101010100001  000000  0011101001111101             01000100010001010011111111
00111101010011 10111001 0100000010010101011  01   11000100111111110000011101111
1110001110110   010011   101101000111101000  00   01000101111000001101111110111
0000000011010   01       10100001000011110  1011  10100000110110000000111101101
100001011110   110101110001001010111010010  0011  10101000101000011110100010001
101110001110011011000111001100101111110001  0001  00000110000111010111001101100
101101001111111100011101000111010011001000  010   00011100100100001011101110000