0110010111100010000110  0010001000011111100110000101010100101111100100101010000
10010100100101010         11010000001111011101110101101011010000101001101011010
10000011001011               11101101101001011010100110000010101101100000001010
00100001011111                0110100  0001010010100111000110111010110110110001
110000001101100              00000100011110011010011011110010011000110110101101
101001011010100               1011011011110101011110111111101011010010111010101
0000100110011001             00010011110101010110100011011000001010000001001101
1100100010000001             00110100011011010001001010011111100100001110010111
1100001100000111              0101101111011101111101000101011111100100100000000
11000011000001101               10100101001100100111011010100100000001111001100
01000000  000  11               00111111010010000001101010100011101110000011111
1001   010001                   11111011111101000111100000011001000011111101000
   0001101                      11101010001001101110000111011110010100000100110
   001000                     1101011111110011110011000000000001110100110100010
     01                       1101010101100101011111001010010011111000000001100
           110001             1010010001100101111111010100110110010110010000110
011      011101011             100001101010111000011000110111100100010011110111
0101010000011000011            010010000001100111110111010101011000000101100011
0010000010000100111            010100000110111110010101011010101000100100001001
010010010011100111101           11110011011100010001110001001101101101110000101
010111000111110010011         1001100101111001001001110111001101001111010110100
10011100100000010010          1000110101010111000100001011111001010100001110000
110011101001111100              01111010110010110110101010101010111110010000010
01000101110110001               11011100011001000001101011010001111110010100111
1111010100000101                00111100110101011010001000001101011011001001101
101101010000000                 00111101000001101111111010010101110110111011101
01100001101100                   0001010011111100101010100110111110110000111100
 110111111111                    1101101111001111101111001111011100111011111110
 01111101000                     0000111110100100101111110011110001111101000110
0001010101                       1111101010100000110000010100101010111000101101
01101101                         1000011011000110111100011000000111000101100101