11011011001101001         10111101110100100011001111111100011110110010110010101
100010101100010             1100001010110  100101011100110100000111011110110010
1100011011110                10011010110111000000101001100001011011100011110100
01110000000010               0101 110111100011100011000001011011010101001011000
001000110100000             011101110101011111100100000110011011001101001111011
000100101111110             001110011001001000000001000000111111110000010011011
10011010011101               01  0100010101101011100011010000000111111010001111
101000001010000                       00111100110001011111000001011101111111011
1010000111100001                     101110100011111001100001011010111110000111
10      01 1   1                    0010001010110101011110101101011000000111111
1        011                       11111001001000011100111011100111010111001101
0       101                       111001101100110000101000010100100011111111010
10      00                     100100000010111101110010111011100110010100001111
100                          01010110011111100100111111010101000111011000000011
101         010               0001110011111101110111011001100001110010010010011
0100      0111101             1111101111101000001100010111110001100011010101000
111001001101000010             011110110110111011001110010110110101011100101100
1001000101100111110            101011010001101111010010011000110101110010111010
0001101011110000010            111100101101010010011000000001001010110011001110
11001000000100001110           101101001011110010001101111001111000010000001000
10001111101110010110          0110010110010111000111100100000001000110010110111
1110011100111000000           1000010001010101010001100011100011010101111000111
10110010000000001              110111111011011001001110001001100100000110111010
0001000010111010                00000101110001000101001111000111101011001100110
0001100011111010                10011001000011100010111101110010100010110000111
001011110001000                 01001001000100001100110101110011101011000111110
00111001000101                  10101010100011000001100000010010010110001011001
1110010011111                   01110001101100001011011001111010101010011010100
10010110100                      1011011000100011011010000101111000001001000010
1110000110                       1100010001110111010011011011101000111000100111
10010100                         0110010110001100001010000000101001000100010110