1110000101110111110010101000111100100001011011011111100001011000010010110000011
0111010101011100101000110100001111011110000101111101011000101001001100100011110
0101011100100111100000010100000101001100100101000011110011001111110001101110111
0011110100000111000101000000110101110  100011000001100000101010  11101110001011
100100110000 1111111000111101011111     01110010011011100111      0100011101100
000010100 1   0100110101100000001011    11001001000110100101      0010101100101
0010010011      000100111001101101001    00011100110101011101     0010001000101
0111011110      0011100110110100 10     011000010000100110101    01010100010010
100010010111    1101100101011            00000110110   0          0110011010001
00101100100    000111110010010001110    00100000011100   01     111000000000111
0011110110     011111010000011100100    0000011001011001000    0010010101111000
   101 0000     10010111101100100111    1000101111000011110    0101101001100010
      011001     110011010000001111      10001101101001010     0101101000110100
        0  00     0010100110100110       1111101010011011       101101010100010
01         10      00110000011100         10001110100011         00011101100001
00111               0110101111100         1001010101000           0111110010101
1100100              011000000100101 0   100110011010000          0101110100011
100101100111        0001101010011110 000100100011100100010  010  10010101001010
101111110000   101001010010010001110 010 00100101110111000 0101  11100100101010
001100010010    10100011000101011     1   1011110100101011 11000 11011101010001
100001101011101  1110110011010100111 110 11100001010101100 11010  0001110011000
000001110101111    101110011110100101001 11110100111000010 01111  1101111011110
11000010001101 0      00000110001 01 1101000100100011010    1010  1101001011100
110 00111010110010000000101011 1100011110000011101111010100 1011  1100110001011
 11010 1010110111 01111000010101101001001001110011011 0100111010011010000110101
1 010001 011000010001000001111011001100110011001101001100010111   0100011110011
101 000010001100011101111001000111000110010111100111110011100011001001011011000
1001  1000010111110001010110000000001000011010111000000110000 00101100110111100
110110  100100  10001011100011001101000100100100110100000000 011001010010101001
101111011011111   1110010011001010111110110001011110111011110001110110111100011
1111101100100110110110001011001000100111101100010110111111101011111101011010000