1100010000110110101110101101101110000111101111010000000100111101011101000010001
1101100010101111111000111111010010010100111000011101111100100011001110000001001
1101011110001101001101011001111100101011000010001001111100011101100100110000010
1010001100001111011001010100111101101001001010111001010000010010011010101111001
1110111011101001101110010110111001100110101001000010000000001011011100000110111
0000101111010100010001001111100110111111101111001010111110110100011100111011110
0101011110010011111101001111011101110110111110100110001001111101100110011100101
0110001010101010101001010000110111011000110010010001110011111001110010100111011
0010100010101000111110100111101001010101001010110100010110101110011110011001000
01100000100010100011110010100110011110010111000000000000011010011 1100101000010
11000110010011010 1110100011110100011001  01011010000011011110     100110010011
11100010011011     0110101000111101100     1101000111101010011      11110111000
10001000010001      0011000000111111010    01101011000001100110     00011000100
111001110000000     0101111110100110111    000011100111  001       001100111110
0100110111110110   010010110100101101       11000111111             11110101010
101101010001110    0011010011000101   1     1000101000010 0100    0111110001001
11000010101100      110000010001000 11100   010111101000001001    1001001011001
  10  00001   11     11011011001011010000   110100100101000100    0000100011011
            11 01   0110011001011001110     1111111101111110      0101100101010
00111          00     1100000001100100      0101001010100000       101000010010
1010101111            000001100011010       100101001101111        010000111101
010010111000010        10000011000101        010011011001          101000100101
100111110010001         111101011001110      0010101101100          11110101011
101110011111011       11101110001111101 011 00000111110111101 0110  01010000000
010011111011110  00000111111111101011100000 10111011000010000 1000  00001111110
1000001100111101  11101111011101101000 0000 1100101110001101  1000  11111010001
110111011101111011  10110011010100010   101  000100010111101  1110  00001010001
100011011001010101    101101011000000011001110001100101011101 0011  01010111100
1101101100111110      11001110010101000011   101101100011010  0100  10010111111
100011000000110 000111 000100100100110100001111001011111010     111100100100101
   0 1  11110100000101000011011001000100011111111110110011010111101001110010110