1111101100011000110101010110101100 10011100110111111010000001100101110000010001
0111011011100010010011111000000100 00000000100011010011011100001011110001010010
00011110011011101100000000111011      01010100111010100011011100101011110100011
1011110000001000110011110101101             10111111011100110011110011001100001
000001010111001100000010101                 10010010110001011001100001011011001
010001001000110010100100011                111100111010010100001000010110101011
10101010011101011100100111010              001100101111110101110010011111101100
01001011011110010110010000001               00101001010010110001011111110000110
01011010101110101001001100111               1011101100 001100010011000000010010
11111010010000100111010010101             111011010 101011000100111111100000110
00001110011101011010100001101             00010 1110110111110010011111100110001
010000001001011010010101110110          1001 1100110001101011101111011010010011
1100111001111111101100011001            1     000101111100110111100101110010000
0011010011101011100100000                                    010    01000001001
110110010011001111000000                                 111           10001001
00111111010111010111100                              11110          1     11111
110000001100010000100                      01111                 0000001 011010
10101101111011001011      0110             11010110         1100111101001101111
11000010000001000100   1110100             11011001110  11001100001010011011101
011000011010001010011100001111             111001011101101101001011110101101110
110000111011110010011001001001            1111100000110110001111010101101101010
10011000011011110111111011100            11011010001111011011101001101100100100
11110100010100110111101010110           011101100101000101101101011000111111110
011001100001000101110001011100          010011000101100101001000000101010110100
11001110101001110100001000011             0110110100101110111110101111110011000
0000101110010101101001110011               110111011010100000110001110000111011
1100110010010110111000011010                01101010100001001110010011011011011
011111110110110001011010010                 00000110110000000011010010100010100
101010101001011011110010111                  0000111011111000010101010011001011
01001011110100001011110110                   1100010001000101000001011101111101
00111100111100101101110011                    110111000101100000011110101011110