0011100110001100110000010100110010011101110110000111000010010001011110110011110
1000110100111011110101110101100110001101001110011010010011110101001010001010000
0011011010100101000001111100110100100110111000011010011010110000011101000100000
0111011100001101011111011111110110011100011010011001001010100011000000001001011
0110111100101011000110011101101010010010101110011011100101011100100001111010001
00100001100101110101001010111110000101001000  100010100110001011001110111110101
101100010010111010  11001010001110000000100     1001011110010100100     0011001
10011101110110001    1000101101100000011010    1010010101000001110      1010011
0111100000101111      110101000111010001010   100111101110001101100    10101011
01101011010100111     0011100001001100101      01000111001010111110    0       
10100110111110111    001101100100010011001       01010000010101000       110  1
0000111001101010     001000100001101111001     1  01111100101101001      000100
0000110100000011       1110110010100001100   00001100001011111010101     110010
1         1  11000    0010111000110110110     110000110001001111000     1001111
0111         00001    0010000111100110000      1100100011001000001      0110000
11100001                10110111001000110       00000001001001000       0011011
010000110101             011000110011000        0101011110011100         010010
111110100010111 11        00001111001101       1111111010011010           11010
000000001100101100        100111101111100 11000100101110000011111  0     101101
10011100010100001    01001010101010001001 01011011001000110001101  01  00100110
01000011101000100    00011111100001101011 0011101110010010001000  011 110000010
11000000011101000001  000001010000110110  111   001000001011010 0101  000101000
101011101101100001010   111011101100010011 1100000101110100100  0001 1001100100
1001100110001110011  0   0000100100100000101     0110010000010  011  1011001110
11100100 10001001000       110010001000011010011111 100101010100  0  00  100010
101    011 01001100110110101000010001110100011000110011110001110101111001010111
010101  11001010101010 1010100111110011111101111111001000000011100000111  11111
10010111  11100001101100010001100010110011010101100011000100011000 10111111   0
10011110011 0110110100000010001111101010101100111000110111111010001010110110000
1101001111000 0001001  10010111100010010011001000110100100110100101101111000111
0101100000001011111111001011110101010010011110111011100101111111000111110000101