0000110010001000011100100100111000011110000011010011010101100110111011011001010
0101011111111001110000010111111001001010100100001110010001001101011000100100101
0000110000110110110010011101001100110111010011001010000010100010101111100000100
0001010101110010100000000111011011001111101101111111000000100101010111100011110
001110000000011011000100101101001100010010     111100101      11001111100101011
11100111001110010001011000101111111101                           11101110001000
10001101100001111001011111011000000100                            0101111100101
001110000000010111011001110110111011000                            000010111011
10011100000001111010100111010010011011100                           01100010100
1010100101000001111011011011001100111101                            01100100010
11110001011111100000011000001011011011                               0011001111
00111001000101110011111000100001001110                                100001100
1000001001010001011111010000100010011                                 101010111
1110011100010000100110011011100010110                                  11001010
1010001101000100110111111001110000100                                  01001001
0111010010100011100001100110011101001                                  00010101
1100111001010001011101010101101111100                                  10011001
10111000100001111010110000010011101001011                              10011111
010010010010111010101010110110110011010111111                          10101101
10111101011110100100011100110111011001010011                           11011011
01010010111011010100000100101010001111111000                           01001110
010000010101000101111001110001001101101011          0                 011100000
10101011110010000111011001000001111101011       111100                 01010110
10010001000000001101101111100110000010011   00 0101001                  1010010
1110001010100110101111011000101001010010   111001100110                   11010
100010001000001111000001010001101101101    0010111100010                  10110
0010100100010110100111001111100101010101  0001101010100                     001
100101001110101100001011111111010001111  0000101110101                       10
110100010111110111010011010001101010111 01111101000001                        1
01111000111000000001010001001101010000001010010000110                         0
1000101100111111000111110011111111001100110100010110                           