0001100010111001001010001000110010010111001101111000000110010100000111001000010
1010101010011001001111111111010010011101001001111000001110100100101001010111010
110101111001010101111110011001111001010011 110110110000000101101010010110111111
0011111001001001 1010100100000001110111    111101100011001010110111111010001111
000010111110110   0010100001000 0011110    001101110100111001111110 10011001100
1110010010111       01001010010     100    11011100111011001011101    000100100
01110100011010      00010011001110         001011111001110111000       01001000
100010101100110     0011001001110          111000010110010001100      000101110
000001000011011   1011011000011101001    010001101100111001001010    1101011110
110101000000111    100011010010111000    0100001010011101110000        01010001
0010111011110      1011001000111010111   11101101111010000000        01      00
001   01100  01   0100011011001010111     0110110000010001110        0000000001
         010011    10001011110101010      011100110010000111111     11101001110
00         1        100100010110110       100101100000001000111     00010001011
000110               0001110111110         011011100000101010        0001001111
00010001              010110000111110      100100101100111001         011011101
01010000000           110000101111111 0010 01000001111101000          000100100
110011100101010  11110110001001110100000110010110111000001110        1000001001
010000100101011   1110100110110100011001111 0010011111110101011 00  00010111001
11010000011111011   10001001000011110  1100 110111101011101001  11  00110010010
1101001100110001001  00100111101110100     111011010010000101 1101  01100110110
011101011010001100    110000100111001100    1100001111100001  1101 110110000010
1010110010110001       111100101010 010010001111011100101001   010  10100101010
000000  010111100001011110000101110010011111111100000111011111 011  1 111111110
10   1110  01011 001 1000000001101001000100000001000110001111110000011111000010
1110  10010110010000111111000010101111110111011001110010110100100 10 1010010111
000011  00001101101001111001011100100000000001001010110000111 110111    0000101
011100101 0110101111110110011110100001001011110011101100110101000010101    0000
0100100001  000010   0110010011000010001000011001010100101011110101111110100101
0010011110001 010 0011100010010000101101001101110100100110100111000100000011000
1110011111100010101101111000111111101000010101111001001000100001110110011100000