0100011000101010110000011001101001001110000010010111001011000100111010001011011
1110010110001000001110100101111010011010010000010111110111010011110100110001011
0000101101010001001011000111100111110110101110110100001000101111001101111000100
1111010110011110101011100001100011111100100000110000110111111010010100110010101
0000001100011101001100011101100000001101110000101111110101101000101101010000110
0001011000011001000000000100111111101110101110000010000000011001110011101111111
0010100110110010111111001101101010010000001001110111010100000111101000111111001
0010111000101010101101000011000101011110111011000110101011010110010010110111011
0100001110000101101 1001110011011001111100  00110010100000100010000111000000000
10100000010111010    01110111111010100001     011100001101101111   100011100110
1001110001011101      01000100000011100000    01010100000010011     10000101110
11110100100001101    00110001100111001100         110100110011      11010000011
110101110000011000   11100010011010101110        01001110110000     11110111111
1110011011000000 1   011101100111111010101    0101111   001   1    001100100000
0000010101110011     1111101100001101101100    110011101            01110110100
0011010100001001     0111111100100011110000   000000111111100      100100010111
      100110101  1    01111000000011101110     1001101000000111    001110000010
                10    010100110110001101       001001110001100     000000010110
01110          001     1111110101111001        11100110111111      010101001011
1101110011              0001000010001         0010011010000        110010011110
110010100111011           01111011011111      101000111001          01100010101
1001001001010100          1110101111011 10110 01100101000            1011110110
00111101011110111    101101110110111111 10001 001101001010001        0100010001
00010100001100010   1001001111100101100011000 0010010000111110 101 000000010000
001100110010001100   00111100110101111 110000 100010000011011  010 001110000111
1110000110100010011   1101011111100100   000  100110011011000 001  001010111010
011010100011100111    01111011100111010111 111 1010010000111  100 0001000001101
00111111111010101  10  10011111010110110101 1 01100001011001  10   011001111001
101001 11100111010       010000000100110000001001110001100001  1111  0010101110
1   100  0000111001110100010010101011010010111001100110101101100001110000010111
0000111110    0101010100111100101010011110001000101110001011110101101 011011010