01111011111011010001010011111000001100101111111100011101101011011000111      01
01001100111011000101111100010100000101111001100101000111100011111010111       1
10100101110011110001000110001100100111100000001100110001010011001001100        
001101101011001101001000010010100110111100011000100101111010100010             
110100010100000000101011010100110010011010101001001011100001                   
1111001000001100001101101111100100111111000110010101001110                     
10100110011111001010111111011100111110011011111110010101                       
1001101000100111001110010110011001111100110110011110110                        
111101110101111111111001011001000010111111101101000111                         
001100011100101001010000100001110000101101110100101001                         
011000011011111101111100001010111011011011000011101000                         
001001011110100101000001000101010101110111001000111000                         
0011111100110010101110011111010110001111100011100110000011                     
0110110010111001101110001010111101101100111011001010000001                     
00110000001001101010100001001011110101111111010100101110                       
010001110111010111001101000001000000010011111100101100111                      
11010100001100111111100001000110010010001010010011011100001                    
11001100111101011111010000011001000110111000110001001101010   0                
1011001100010111101100011010110110110110001111001111100001   110               
0110011011111101000100011100001101010011101011011111001101   01                
1100000101011111010001011100110001110001000011110100010100  1100               
1100011111110111111111110010100100001001100000101101111000 10100               
001110000001100010001111110101010111001100101111011100111010011                
011000101011100010000000010110000011010100101100011110101010001                
101000101100010101011001010101111010010001101100001110001101000                
010011100110100110110111111010101100101110100110101111000110010                
1010111101110100001100111110011101000010101110110110011001111000               
1111010111011000001011001100111101000010100001100111110100111111               
101100011001011001101011110100010001101100100000100010000111000                
01011000101010100010111110000011000110011011100110011010001010                 
00001000001011100111100000100111111010001000111111011100010100                 