1001100110000100100001011010010001111011100011111010110101001011100100110110111
0100000000101110001011111001110011100111010010001010000110100001110111111111001
0010010111001101000110111111010011100101000010110110101100011000111100001101001
1110110100111010110111011001010100100100100111101001111011100000000001100000111
1011000011010000111110100101111000110100100010011011000000111001000110010100110
111001001111000001 10101000000010100111110    1101110001010001100100   11111110
00100110111101011   0011001011110011110000    01111110010110111101      1101100
111001011010001      010001010100100001001    10011100101011011101      1001111
1110110011111011     110001110100001010101    0011111010111111101111    1111101
01101110000101101    11001000001000000010       110011010101001000             
0010011001100000    010011111110000011011        11101000110111101       001011
0110101101000010      1111011011111011011   0101   1110001111011110      111010
111110  000101 01    11110110111000100100    10111001000010000000001    0110000
1          11 1110   00000011111100010111     010111111010111101101     1000001
100101                 100111101000010101      1101011110111111001      1101110
001001110               1101100000101001        01100110010011001       1011000
111000101110             100111101101010        1111010100110011         100110
100011011010110101        101011110110111 100 00110011100111110          011011
110101001000110011    1010100100011001100110100001100011010100110  00  01000110
01001010010010111    01011110010111100101011101100110001000110000  10 010111101
1011110011011101011  1011111001001001111 0110  10100011011100010  01  111100100
100001101001110001110  010110111101000101 1     010101111101111 1100 1111001110
01011111011010100001    10110001000011000  1101100010111011110  011  0001110111
1110001011001100100 00   011110100001100010     10011101111111  111  0111100000
01000110  11011111 1       01011000100111100111100101000100000100 01 10 0001111
1001   1010 0010101000101110011010010001101111110001011011100001011001101101011
0011000  0011001010100100000101101001010001111110100111011100100000 0100    101
100001000 10011000010011100101001010010011101011010111001001010010011100000   1
00100000001  101000010110101001100010001011000011110011101010101101100100110000
00001101000010001110   10101100011001000000100100101000111000010110111100101110
0011011110110110101000101011000101001011011110101101001001010100111001001001011