00011111110101010110101 0111001010011111110101011011110100101000010110000111000
11011110100000010111       1 11100011010000111111101111100100000100110100110010
110011010001101               0000000001110110110100101100110011010011001001101
0000000000111100              0000100101111010011111000111010011100001101011100
011110011111110              00011101110     0     1000111100001011011011110110
1000       11111              111000111        11000010001110001111000100100110
00          0110               010     01      01010000011001101100010010111101
1       00110011                       11     101111010101100110101101000011001
01      111101100                 100010     1010001101000111100001101110000010
000       00100111            110111111     00010101111010100010000101010001010
01011      111   0             0           010101000001000110011111010010111010
0010011                                   1000001111101011010010101111110110101
00100100                           00111010111100011100110001110100001110110100
111110000110100                 01101111110110010011110011001101100101000111100
1001100010100000                 1011110100000001111011011011100100010000110001
1101110100100011010              1111011100000101011011000110110010011100111010
01111001001101000100             0000010010100000001110110110111111010111000100
101101110101011010011            0011100000101010100011001000010100001010000100
011001110011100110010            1111111111010001111110100111001000101001101100
110010110110101011111            1111100011010101001000010011011010101001001000
1011010010000111001000          11001100100011100100111101010001001100100010011
1001101000011101011111          11111010000101001111011001011010101011000110111
01111001101100111101             1001101111001001100111101011100111011100111011
0111110011011111010               011001010111110100001100000000111001000001011
0110101101100011110                10010001011100101101011000000010000111110100
001101001000010010                 00000001010001100100010000101000110111110010
101100110110110101                  1010011111110111110100011111010010001110110
00011110100011000                    011100001100111010011110101001111001110100
1001010000000111                     101111010000101010010110000000110101111111
0001111000100100                       0011011001010111011000101100011110001010
011011001000010                         101100010011001010101110101110000010111