0101000111001001001101110001010011101000011000011000100100110100101100000110010
0011000111001000110010100000101011100010100111111000111111110010101     1111100
101010000111111000110000011000101000101001100101101011011111100001         1101
1110101001100100100000101110100000001100111110010010000011011110000         100
00111010111000001101000111011101100110100111101011010111110100                 
110110011111110000000110111101101101110101111110101001000                      
1011111111101100010010100101000110110001000100101011000                        
11111001100011000000101000000000000110110100001011111                          
1111100000111011111101100000001101100010011000000000                           
010000110111101111100010100000110100000100001100010                            
100110101100000111001000101111110111100000110100101                            
001110000001111110110010011100110000000101101100001                            
0010000010001000010100000101100110111011110001101010                           
11010111110000010110011011100011010000011001111000000010                       
10100011011101001101110101111010011100101001000100011011                       
001000110011100110000010100001110011010111110011010101                         
1001001111001000100100011000111011010001000101101110001                        
01101110101111001001100010110011110011000000101101001101                       
000010100010110111001110101000100110001100111011100000000                      
11011110000001110010001111111101010010111010001100000000   10                  
01001101110010110111001111110000001011110001111100011011                       
00000110111111010110111011100111011010100110100110100111 101  11               
00000011000100011011010111001110001010110111011111101110010  000               
00100111111011111110111110011110010111101000000111010001100 101                
1011011001111011001000100001110001011100100010001110001110 0111                
111111011110100001100101000111000110101000001000000100101111000                
01110101000011110000010110100111111111100000100101010011111000                 
110000001010110101111010011011001100111101100101100001101111111                
111010010100010011011001111000111000110011111101010110011111110                
10110100110001001110010001111101000010001010110111000010011110                 
00110001000111101001001100111010100111010100001001111111001011                 