1010100110000011011010001011111011011111011011001010111101111000000010001001011
0111011010010110000010111001010000101011101010110010100001010001110101000011101
1001001011011010011001010000010101001011101000110010000010000000011111100100010
00000011011110010011010011000111010  1010101101010001111000100  110000110110001
1101111010 1011000111110001001010      11011111011110000111      00100011111100
001110010   1000000100111001000101     001011011011111010010     00010111001001
0001000       011001010000010000111    111101101101100110110     10110000101110
1011111       001111011000110000000     1101001101101101100     010100111111110
001010111     1010110101000010          110110100111            100100100011100
110000000    11001101101000     10     00111011100100  111     0010111100010001
11001001     0111010001000101110000    1100011100110110010    01000001101010111
 100  111     010111001011111010011    110000110100101000     11101010111111010
    001110     1100000010110100001      01011101010101000     10110000001011011
      1   0     01101001111101111       1001101101111100       1101111101100111
         11      1001111011100110        01001100110110        0110110111101000
00                10010000010011         110110111001           000101101101100
1001               000000011001111       011101001001           110111001011110
1100011 00          011000011110101 00 00011110100111110  0100  110010110010000
0100101101    1100100111000110010110100 00101100001110100 0010  000011100000010
000111011     00011111110111001101  110  1011010000000110 00100 101100001110110
01011010011100  1010111100000010000 001  1101100011001001 11101 101101011010000
11110001001101   0100101110011101100101011100010111110011000100  01110001011010
111101010001        010011000100 1     00100110001100111  00000  11010111001000
00110000001 111110  010011001100111010110111111101101       0 1  11000111100101
101  11101101101110001100011110011111100010100101010001001010110011010100100110
10101100000    001100000010010001001000000000111100010100001101  00010010000110
01011010 1101010001110001110111000001011010101110011100100001101001001110101000
11111101111010010100110101100011111001101001101000100000010 0010100100110001001
001  1011000 001100101001110110100010010001010101111101010 11100010110110111111
00000 1000010   110010101011101111000110011000110011100111111001011101111001100
0100101101111001010111111011111010001100000101010101010011010000101110111000110