0110100000010100000100011000011000011110001110110011110100100110100001011110011
1100101111111100010000101110  0011101010010010000001010110011000010001001101000
111111110101100001010101110     01001011101001001000000101101011010110100011001
101111000011101101101011001  00 11110010110110100111000110001101101011100010010
1111011001110110100110010      100111100001011001101000111000100011001110011100
11101110011000100110              010111011111111011001000010001100011110111011
010011000100111001000               10001000000100011100101000001010010011   00
0100001010000110101010             011011000101000011111011100110010010        
110001000101000100010              1111010101010000100000011011101110          
101000001100010011000               01101010111110001101000010101101111        
00000100011101000100000             00101010010100011010111101000101110        
011001001100111011100101            00110000011000111010110110011000001        
00101001000010111101110010        10110000100000100000001100000111000111       
01101001111000101011101000      1000000001010110001100001001111011101001       
10100110001111101000001            100100101011110011100100111110110           
1101001011010110011110              010010011011100110011110111001000          
1001111001011111000101              0111001100110100101101000000111000         
000100101111100110011               0010110110011100110100100011100010         
000101100001110100010              0100100100011101100000110000111011          
00000100111010001011               0101110100101111010110010001101110          
11010000110001011100               001011011001000010010111000011101           
10011101110101111                  1000011001010001110000011001011011         1
1101010000011      011             10100010011111100100110010000010110        1
 0000 1         111011          101101011010110110110110111110011010           
                 10              10101110101100101011001011100101110           
                                  0011101111011000001001101011001001           
                                                11111010000000011111           
                                                10011011000001101011           
                                                10011100011011011011           
11011                                          100110000101010110011           
001001100001                               0111100000010001011110111           