1111101111100000011101011111101101010011000011101000011111101111001100000111010
0001111000101000011111010110001000001110010101000110110011110000101101110100100
00001100111010000010 1100000001011100011111100100100001100101100000011100010011
0000011001111100001     1110110010011010110100111011101100101100011111111001001
111011100101100111   0100100000000001101000011001101000100110111011001010001010
000011100111011       101100111110000110111001101000110000100110100100111110010
1110000100               0000011110110110111111011001000111000111010010011  001
01001111101                0111100001001100010100010101011101101111000010    10
111110101110               11001100011011010010000000001010100000111010        
10011101110               1010110000100010111100110010010010011001101          
00101101011                110001110111011100001011000001011011011000          
1011000110001              00100001111000011000011101010011111110111           
00011100011100              1101011100111101001101111011111011001111           
00100001011100             110111110100010001111100111011000100011101         1
00100111011101111      0100110001110111111101111010011110110100000011         0
00001110100011000       011000011100011111111011000000011001100111010          
0100111011100               1010001000110111101110000111010110001              
110110101110                110010001101111010010000110000001000001            
110001100100                1011101000101000010100010111100100011110           
11001101001                1110000101000101100010100101111110100101            
010001001001               0101111111010101111101110001010000100110            
11001101110                110110100001100011010110110011001010100          110
100          1              00011101101000011110101010100010010110         1101
         01000              001010100001001101011001011001101101100        1101
         110               000011111111010110111001101100001111010           00
    0                     010101111111110000110111111111001010011             0
                               0101100000010111010101010100111111             1
                               1100001100000011111111111001110001              
                               1111111101001101001001001110100001              
                               1010101100110011001101111100111001              
                                01100011010011100010001000001001               