1001111011110010100110101001011100110110100000111010111110101010 10000111100000
1101000001110101110101000111011101101000011001001101100100100101110101000111111
011110001010100111111101100011101000010000011110000001000110    101111101001011
0101001101101000000010111010000001000101001101111010011             10110101001
0001000 0011010110011101100011000000000010000011   110               0010100101
1011101  01010110101111100111111111110001111000                       00010011 
111010    011001110011010000010100111011100010001                    110  01 00
0100        1000101011001111001011010111100100110000                   10100100
0             11110001101001010100001011000010011011                 1000110010
01            101000001101000000100100000010110011                   1100010000
10             001010111100110110100111011   01100101               01100000101
011            1000110000001001110101100       100111              010000001101
110010         001110000101011011001101101     111                   0111100001
101001        0111011111101000100111000001                           1001001101
1 0 0         0101110110110101001001111110                           0010010101
111               011110000010100000101111        11                01110100010
1                111110001100010000001000      01110              0010111000000
               0010111010011010010101101100011001111              1011101111100
                101101111001001000011110101001011101             00101010010010
 0101            10001010000100000011110010001001111             01010100001011
0111110          00001100000100000001111001011001000             01001011111011
00110110         100011100111101101100100110110010001           010100000010110
11000001         110000100010000000100010010100101101            11101000110110
0010110           1101111101001111000001001110011010             00010000011000
110000             11100110001000001011110000100101               1101011010101
10001             10001011110111010010111000001100                 011101110111
10000             11101111010010101111001011111100                  11010100000
0100               100001011001100010000010000111                   00011001111
0011               10110011111100010101011001000                     1111001111
110                 010000010111001001001101101                      0111010000
10                   0010101011100110000011000                        100000000