0001000101001011011110010100111101110100010111000111101001110101100010000000111
0001000110110011000101110110000001010011100100100000001000011001110001111011101
1011000110000000011110010111000101011001101011101010000100111111100110011010111
001110100001101001011010101001000111    000011100100000111101011111011001110010
0100011011100110101110100110111101        110111011001010011011100110101010011 
01111000001010011000100100011110           011111111111011110001011111100      
110110101111011110110100001101              001001110010000011001011011        
10010011101100110010110010100                0100010000100000101011101         
001100101011111110000001110                    01000010101100100100000         
1000001010110011100000110                       0111011000100110111110         
00000101100010101000101                          010101110000001010010         
101111010101001000001                              0011100000110011            
11110011101100110010                                   110100110011            
010101000011010100                                            1110             
0011000001011110                                               110             
0010011001011011                                               111100          
000101110101111010                                0100           11110         
00111111011011100001                            1000110            110         
1001111101010111110011                          000110000011        00         
0111100111111101111000011                      11110101000111                  
00110101101000000100100011                     01101101110111                  
00100110010110110100011101000                 00110001001001                   
11111111011000010110111101100110             10010001000000                    
00000100101100010100110010101100111         100111001000111                    
1000111010010101000010011111111100000101110110100001101011                     
101100011110000111011010001100110101001010101100000101000                      
111010000001110101001100001110100011010101101010011111100                      
10000101001011100111000001101001000001101001110011110010                       
01100110011010111001000110001010110010001101100000011011                       
11110001100010000001010111110111100101001110010101101101                       
00101100001000100100100101110011000010001111010110111110                       