0011100111101011110011010000001111001111011010010111000010010101010111111101000
0001001100110010001011010010011111110001011011100001010100010110001111001110011
011001101011000110100001001110101110111     11100000000110010000101000010110101
111100101011100100110010100110001000010  10 10001111011110111011001000110000000
1110010010001011011100000101000110001     1011001010010010101111010000110000111
1010101111111000000100111110111             11111001010111011100110110000110111
00111101111110011100011101011011               00000100100010000011000011110101
100011101001100111001001111000001              00000010101100100010010000100101
110100110101100111100111010100000             00111101010111000000101000001    
11001001110001100001101100100010               010100010000101011000100010     
010111110001000101110000011001101               10011010001011100110000011     
00011011001111010100011100001011111             1010111010110111000110011000   
00111010100101010011001011100111011             1100100000110100100001011010001
101011010010000110101011111110111111 1       011011000100010000000111101100001 
00101001011000001000000010101101000101     111111011111011111011101010000000   
100000011010101001011111111101001              00100111100011111010110000001   
00001110001001001111001101101000              110010100100001101100111111111111
1111010011101010110010001100110                10011110101000101110000001011011
001010011010011001100011100000                 01110101110010100000110101111101
11011010111010011000011110010                 101101000000001010010110100001001
0011000110101001100111111000                  110000000001111001100000101011011
111111010111100101011100      10               11011001010101100000001101001101
11111001000000100101       000111              00101001010010010010001111111001
110111101010           0010110100              00000000000110011011100010111001
         1  0101  0110101001111               010001100001010110011010111010111
              0   1010  00                  0011110001111010010001011010010000 
                         1  1010110           0010111100011100010110111010101  
                                  0            1111000100101100111111100100    
0                                               11011010111       0100011      
0111010                                                            100100      
100001111001                                                       01101011    