0000110110011110110110000101011011011110000011001101101101111111001111111010101
0111000010110111101111101011000010011101000110011110110101011011 11010101000011
00011101101010100011011111001100011110001101001100000110110101       0101111111
001001111101000100011000000101111111110001101110111110111000010     0     11010
01111111000110111000100001001110111100001001000001100111111010000   10110 00000
001011101101101001000111010001000010001011000100101001101011100         1000111
1010011011001111011011110001111110110100010011111011010100001                  
110001001111110100100100000101011010101101001100010100101110                   
110001000010001010100100010000111110110001100111101010011                     0
001001111110111000101000100100111100111001101010110011                        1
111100101101110011001110011101001100000011000110101001100                      
01001001011101111010110101010110001101100110100100001111100                    
10010000010101001110111110100110010000111110011101010000111                    
01101111000101010111001110101101000001100000001100001001011                    
00111100011000100110110000001110001111000001010010111011011                    
11010001111101001111100111000001110000001001000010100100000                    
011011001111001100001010010100010   11001111011111011101101                    
00011011001010001010001011    0010        0100000101011110000                 1
1000101111100011001110101110                011110010000110011100            00
0011000010110010110111001110100011           10010000010000100110              
0001100000010011110100000000010010000        0101000110                        
11000110011110101101001001111111001011       0001111                           
001100101001101011000111111000001110001       0110                             
0010001111111101101110111111011001100101                                       
0100001101111110000110000011010011101110                                       
10000111111000011000011100101110100110001           100011001                  
00001100010100000010000010010001111110100111  1111001000101010                 
10010010011000111101111100101011000100100100000010001011011011                 
1010000011101101          100011100101011010101101001110110011                 
110                        100111111101001100001101011100111011                
1                                 101011100110100111100111011000               