0101001001000111011111000100110110100011010001010001001100111111110100011101111
0000111000101110010110011101101010001001110111100011100110100010101100111010110
0011100000001010100010101000000001100101111111110111001111110011101111001001   
110011001000010101100111100010111101101000110111010110110101111111000000       
110110011010000011111111101  11011101011110100011001111111010100100101         
10100100111100011111010001    1010001110101000100001011111000110010101         
0010100111111001101010           000111111100010110111000011110111101000       
1000100100100101001001            00001001010111110011101000001111000101       
11001111101100101110100          100000110100001110000100001110111000011       
01011110010001101000011          010100011101001010001111001111011011010       
00000011010011011000010          010001000100000111111011100100100010011       
11011001101001110010000           0101000100000      0000000001010100111       
0101010101010001010000              1100010100            100111               
111110000110011011110               111110100111101     01111101               
01100011111001101110                 1011001100010011     00                   
110110010001010011011                  0110111100010000          10001         
100101011100000000100              1   000111111000100010    0111111101        
1111100000011101110101110          000011001100100100011001001110001011        
10001111000110110011110010         010100110100000010101010000100101000        
10000101001111000101110100          11000101111100110101110100011001001        
001000000001001000000111100        001110000101101110011100101001111111        
01011111101000110000111100         1101111101001011110011101100111010111       
0000111010000111011000011          0101010100001101101000010011111011011       
100010101011101110101100            01001100111100110100111110010110101        
01101101110110010011000             0111111110000001101101011111001010         
0000000011101000001010              000101101111111001100100010101001          
11110100100001111100                11111010001101000001000110101100           
1111001111000010010                 1001111000111101111010111000110            
010111001111010000                  101101111101101010110111000000             
0000110000101010                    1100011001101110011111011001               
100110111111111                    0101100000011001101111110110                