1000100100100010000001000101101010100110011100001111100001100101011000011111001
1000001011010101011110001001101001100110101001001101101110000010011000011011011
0110011011000100011111111000010110110100011100111000110111010010101010101010011
001010101010011110101001001000010111011110110 101101010001100110111101001000000
01001001101011000100011110111100101010011000     011101001011101011101000011001
00110011111100010111011011110101001001110001  000   110010110111100011000011001
0111111000100100000101011101011011101110011    011 0011110010101101101001011010
000001111000101111110111001010001110001          110100000100101000100011101001
11010001001000110001111110101010101                1110011010110101101110110111
1101010001000100101000011011001101010                11000010011100011010010111
0000101010011000110111000111100111010              0000001000110011000000111000
0110101100110001110111110010010100001               010000111011011011011011110
0111010010011101011100101101110110111               000011001110011001011011110
0110010000111001100101000001011010011                01011001111000110111100001
101110111101110110110001011101000111                 00010011000111011110110000
01110010000110101101111001000001011011              101110110000100111101011001
11000101010110000101111110010010111100110        101111111011100110001100011011
01010100001110111101011011000011111000101       1110001111001010111110101001000
110011010010100011111000011011010000              10101010010111101111101100100
01101001110000011010000111101000010                 001001000011000110111000100
01101000110000100010001   1010101                  1100111010010011100011010111
0111010000001010            000                     101100111011010100010001110
010100101111000  000111                             101101111100101010100110010
010110000100111010110011001    000                 0010101001101101111111001001
1000000010001100000011110100111110                11010111011100100000000001101
        100011101101010011111001110               01000000101100010111101110000
          1110010110101000100001111               00101000000010011110101000000
                 100100010110010 0                11111111001010100101010000000
                                                0011000111100100111111110110000
                                               01011001111110011110000101010011
                                                1000110000101110001111011100111