1101111011110010001111100101100000100001101010000011000001101100000001001011000
1101101010000101011110011111100011101000001111011010111001010001110001010111111
1101010001110001001111010001010011101101011111010011011010100100101110110101101
0110000110011001001000010000000000111000000100001110101011001011101100010011101
1010000001010110111000111001010110110110100001100010100011111110101001010110000
0110000001010111000101001110011101010110001010100011110111010010100000001011011
0101000011011001100111011110101000100111010100000100000001110101111100101011110
0100111001100101101110001001101100011010100111001011100110000110100000001110110
1110111110100100010010010001010001000110100011010000111000000110101100010010010
1011011001001101110110000101000111111100001100010111100110011000010101000001010
0111110110111111101110100111011011010100010101100010110001011101110111000010110
0010011100111101011100100110110110001010001111110100011111000101000101100100001
0001001010100010000110001111011010010001001111111111010100110011100011111010011
0111000110000011100000110000110100100111111011011000100001111111101100000110101
1101000110101111101011001011111001100001111101101111011111011011111001111101110
10100110011101111110010001010 00    0 0       10 110001100100110000001000111111
10001101001001101101010101                          001101101101100010011101010
100001100011000100111010                              0000100011011011000100111
10110100011010001110001                                110101011101000000100111
01110001010100100001111                                 00110010101110001111100
0100110001001101100100                                  10011000011101100110000
1000100010011                                                     1111111100000
100011000                                                             100100100
011100100                                                             100011001
0000000101                                                           1011000101
100001100101                                                       010111100110
01101000001100                                                   00101000111110
01010111010101111                                             0 111011101110111
10111010110000101010                                       0110 001110000010110
10100000111011010111                                       01100100010110110100
1101111101011101110                                         1000011011100010101