0110001001101100000100011010001101011011101011010100100000111000111000001011010
1000101010110110010011010100101100010100000001101000011101101110101011110000100
1001101011010000101101000001110100011111110000101000010001010110110010110010111
1011011011110000101000000010000111101000010000111011100000011111011001010111010
0101010001101000100000101111100011000111110010010110000010110000000000011011100
0000001100110001111100011010000011010011010100010111001101101010110010101001100
1100000000010010000110110001100101001101  1101000011101111000101000010000111100
01111010101010011001110001110011100001111        00111110011001111 100101011110
1110010010011001111010100011100100001011         110010100110110     1010100101
11111110011100000111011001001110111010            101100    00       1110101011
00100101100011010110110111011110101010            101010     1 1110010000010001
0001000001010010011101100000010101010100          100 111    010001001110101010
00010111100101110111001000100111101000111        00010       101110110101100000
00001110101011011010100110111001100001010        11           11011101011110000
1010010100111111011000101011000101011011                       0101111101001110
0010100101010101000000101000000100110100                        111111000110010
10001111111011100110111010101011100011101             1001011001011011111010110
1111000011100010101000111111010001000011010           1100111011011100111000111
01101111110110110110110100001111111100100010          1010011110000001111001010
000011010110001000011010100100100010001101000         1010010011011101111100010
10111011111000011111001001010000111010110011          0110110011001111000010110
111110000000011110100001001010010100001101000        10101111100000010100010101
11101101100100101010100001011011000101100010         11100111101011101001011110
0001001110011111011100000011001001111101110           0111111110000001101111111
100101001110100101010001111001101111101001             000011001100111000110111
111100011011110100011110011110101110101110             100011100011101000101001
010101101011111100100000001100110011111010              11100110000111011101001
01110111111011110000000100101101101000001               00000101111010001100100
00111010111101100100001001110000110010001                0100000111000110110100
0101110001010101100000110011010111111010                  111010101110101011000
1010110001101010000011001101010101100011                   01110001111101111110