1000010010101100011001111001010011100000011011110010101110000110110100011101110
1010101100001011100110010111011011011101110000110111110001111110101011001111001
0001011111001111011000110110001100000111000101001100010010111000110101001000110
1110111111100000101010111101100011101011001000111011000100010100110101011101111
0111111100001011110100101000000110100101111110001001001101110000101010000000010
1001101010100001111010011100110010001110110110011111011010101001011100111001010
1101100100110101100010011000101001100010110111000011001101110111010010011010000
0001110110011011010001110010100110100011001001101110110001000011110011100110100
1000011011111001010101101110000101100110101011001100011000111101101101100001001
1100001110011110110100110101011011011101001000111110001010001011100110110011101
0101100110111010010110100000100000111111110010011000000011000000101111000001000
0010101101111100101010001111101111110100101001100011001110111101110011010100111
0001001011100101111000110101101001010011001000000100111001010001100000011000110
1111100110000111111101101011000101010010010010011000110110111010010100010011100
0011101111100000011110100110011101011100111100010000001110010111101111110010100
1110010011110100110110111011010101000011000011100100111100100000100101100100011
1001110110001010110110010010000110010000001110100110001110111000101011100100011
11011011000010000111011101110                     01110000010010100111101110110
111001010010110111101000                              0101011000000110001010011
01001110111011011010110                                 10100101001101010010101
0100011000000111101101                                   1101010000000110001101
0001101011000111110111                                   1010100001111111100010
100101101110110110110                                    1011110101111100011101
011010100010111000010                                    11010010101111011010  
1110011100110                                                     1011010000010
11001011                                                              111100101
0000101                                                                 1011110
1001100                                                                 0111110
000000011                                                            1100100011
0011011011111                                                    10 01111101100
111000101000010010                                             0011 11100010011