1000000011001000010101111010010011101101110000010000010110100110100010000011100
1000001010111011110010111101101010100100100001001111000010111100100000001000000
0001001111000011101001010110111001010101000000110001111000000000000100111100111
1110010010000000100100011111101110100000111101000110101111110101001000111111011
1010000011101011001001100010010001001001001000110001110010101101001100101100001
1001111001111001011110100101111011000100011111111100100101010110001110000011010
1100100110110101001101100010101011100001111000100000000000010001100100001000001
1111111100000110000011001000111101101110010101011100111001110100000001110101100
0010010011100110111000001101110100101100001011100100011101011111000110010111100
0100110111010010000111000011001000001101100000001101100110100110100100101000111
1001111010100001100010111101100011001001011000101011011100000001111001100000101
0101010011010100010000110010110001110110100000100111010000010100000111011011111
1110101010101101100101000100100010100101010101110111010101010111111101111100010
0010010111101111100000110100011010101000101110001110110010100111001111111111011
0111001110111000110111110011010011001101111100110011000110000000111111111110010
1001101001110101001010101111101101111111011111011010001001001110001100110001101
1111101000001111100011001111000010100110011110001110110101101101000010000000111
0001011001011010100100011010110100         110111011001001100000011010111010110
10111100010101110011111110110                    001111000001011100010100101011
100000011101011100001011101                        0000101000111101000000011101
100100010000100                                                 011011101100010
101101011000111                                                 100110110001000
1011010100110100                                               0001001101110010
1110001100101101                                              10111000101000110
00111001011110101                                             00011100100111111
110001111000010111                                           1  010000101100011
001111100001011000010                                     100   010011100010001
1111001011000110000101                                   0011010101101100110001
101111011010111000011                                    1111001001101100110111
111011011000110011101                                     011100000101100101010
0110111101111101101110                                   0 10111111010101000001