011000101011110011001001100010000010000001 11     00001100100110110000111011100
00010001110000001110101110100100001101011          0100000011011110010011110101
00110101011110000100010101100111000000                1101111100010101110100111
11100110101111001000010011100101111101                1110001110000011111100010
 11011011111101001000111000001100000000              10101100011010011011010010
 01001101011000011000100000100011111100              01111101111111010101001100
   010000011011000110111011001000101001              0010111 00  01011100000101
    00000000111110000010000110100101000               0100101000100010100000111
     10011101111010000011100000111010                10001001011000000000011101
    10100101101       010    011010000              110000000101111000000010110
    1000110100110      000001110011011              110000101001000010011001000
     00001100110010     110100011                     1001100010111101010000101
      00101000100010     111111                       1101101110011000001111000
     1001010100001110     110         0              11000111010111101101100011
    0010100011111110110          000111             000101000110011000011111001
  0111001101011010001111      1011101             01110110110111001101011011001
  101100101101100100001111 1000001010             10010000101000011011011001110
  00110101101101100111101001111101110            000110001110000100101001110101
  11101011110101101110010100101001100            110101000000101111111011000101
   010010000001001010011101010111111             101011000111001110010101100111
  0110001101011111100011111001101100            1110000011100110100011101110111
  101111001101111110000010000010010110          1111111110111000101100111010010
    100111100111001111010100101100111             00000111001100001000101011001
    10011101111110000101100010001100               0110011011101111111001001001
     0110111111110001110110111011111                001111000101100110010010110
     0111011100011101011010110111001                 11110011001111110011100010
     010010010011110001101011000110                   0001001100111001110111001
      10011101010101011101010111010                    110110100101100001101010
      11110000100110011001110110111                     11001010000100101010010
       1100110000111101110011110110                       100100010101010100110
       1101001100010100110000000000                         1010011100100000101