110010110100011111000100011100100110001111001101011010100101100110111 0  100001
110100101010001011010110100011101010101010100111100001010111101001111    001010
011110010110010011100010100101001111000111000010011010100101100              00
10101110111011101111000010110111101111110101010011000011111000                 
1111000111000110   0000100101100100110001110011110011100011010               10
0101010111001101   11010001101011111101010110111001001100100110              00
00101110110100       000110000010011111011110001111111110001011               1
110011010101           1011010011001000011100001010010000111000               0
10011100101             0001101010110101101000100111001001    0               0
000010110111           00101110001000001010 1100111100101                   010
000100011100           0001001110000111        01010 11001                  010
0011010011100           1101111011011111000    0100101111                      
0000100101100         0100111110000001001100     011011                        
1011111 00110        010001111101101101010101     01                           
1011                       00100100001011101010         101110              100
01101                     0001000110010100111111    111110110              1001
                         000100101101111110110111110000011110              0011
    10      1            010011010001100101110000011010001011              0101
   110     0001          100010001010011111000101001001011111              1000
000101   0101001          01100011111000001101010000010100101              0010
01001110000001101          010111100101001101101101100011100111           10001
110001110110101110       10001010111001100000010101011110010000           11010
0001111010000100         011011011101100110011110101010011010              0111
001011000001011           0100000010111000010100011101011101                101
10010100001111            1110111001100111101000000010011000                 11
0111010001011             010111011010010000000010101010111                  10
100101100001              01001100100001111100001110010111                   10
11111111000               10101111000110111100010101110011                    1
1100000010                1101111000000011110011110000100                     1
111100110                 010111010101001000100101000101                       
010110101                  1100110100100000101110011010                        