0011010110011001111110110101110111010111011101100101001000110010000100100010001
1111111100011001010000101100101001010100111100110011001110011110101110111010000
1110100010101000110100110100000000011010110010101100101111001010111111011110000
0011101100000110000001000100000011011010101010000100101110101100000110101001010
0010101101000000000011111101011010011110010010011110010011100110000010110111011
1110001100111011010100100111011001010011001011111100000110000111001110001011110
1101101010100010110111100101101000111000101111000010011110000110000000001100000
0101001000010001000011101001110111111010010101111010110011001001110111011000000
0011000101010100010101010001010110011101100001110111100100011000101011111111011
0000001110101010011110101101000011101110110101111010001101111110000101110000011
1011111101110111100010001001000110110010011111011111111110010101110001101110000
0101001001010010010110010100011111010101100011010110011001001101111110011001111
0100010000001100010110000111011100011011000011100110011110101000001011111000001
0001011011100010011111101010010110001110101111011100011101000011101110010110000
100001010000110000100111101110                 11111000010000111110000111100000
000101001110011000000111001                        0011101000001111100100011011
10010100001111101111110110                           11110100110100101001111101
1001001000111111000011000                             0000001101010001101010111
1000010101111101                                               1110100111001001
01101100111                                                         10001101010
11110000011                                                         00110110010
111100101101                                                       011000001111
0110101010101                                                    01110000100111
001100000101100                                                  00000011110000
10001110001010000                                            0    1100101001010
11111111111001110000                                       01100 00001110110011
001101010101111110010                                     101100111100011100110
01101001101110000111                                       11010000110101111011
01111101010001010011                                     0 11010110010110101110
100101110110011110111 0                                  0  1011000100100000101
11011001110010111101100                                   100000100110111101110