                                                                               
                                                                               
                                                                               
                                                                               
                                                                               
                                                                               
                                                                               
                                                                               
                                                                               
                                                                               
                       0010                         1100                       
                       0110011                    0100000                      
                      0010100011                000111011                      
                     000100111011              01000100101                     
                     0111101011010           10101100011100                    
                    0010100010010010       11000110101010101                   
                   010110110000010000     1111010110110111011                  
                  110111100011100111110 100011010101000101001                  
                  0111010001001000110101110101011001100001100                  
                  1101111110010110101010011011000100110001110                  
                   101010010111011110011001100100011101111000                  
                   011110100100111000111110111001111010011010                  
                  0000010101101010011011101110000011011010100                  
                  0001011101010011011101010000100101101111101                  
                   01110010011101110011101111101110101010101                   
                 01101110001001111011000010110010101101110101                  
               101010110110000001101001011001101011001011011010                
            000010000000010010111101110001011011010011110101100001             
          10010000111001111101111100110001001011010110000001101100011          
          00         1000111101111111011110100011000000100        111          
                    101010110011100010100110001010101110011        0           