                111101000111101  100110111                                     
                  100110111011100 111010100                                    
                      101110000101011010100                                    
                          11011100111010001                                    
                             00000101101010                                    
                               001001001011                                    
                                101110111100                                   
                                 000010011011000100                            
                              00001011011111000101110                          
                           01100001001001110010101100000                       
                         101011101001001110110010011110111                     
                        00101001000110000001100110011101000                    
                       0011110001111010111000110100110011100                   
                      11111011100011110011111111011001000110                   
                     1000110101100001001000101111010101011111                  
                      110110110101010001111001001011000110110                  
                        11101000110001011100010000001110001000                 
                        100111100101010101001011011001110101011                
                          100101010011110010101100001011111001                 
                            00001010000101111110100100001101111                
                            100110110001011110110001110111111000               
                              000111011010011010001001101100110                
                               01000001000001100011101011000001                
                                01001111011101101111100001111101               
                                0000 010110110100100111110001111               
                                10000001100101001101101100000101               
                               110011100010110011011011111100010               
                               0101100110000001100011010001110101              
                               1111101100011111001110101000001001              
                              010001000010100011101000111101101001             
                             11111111001000001100001101110010110101            