0100010110110101000001011001100000001110100100101010001100111001111011100010100
0011000110100010000111011011010001001011111100100001000010010110011100011101111
1101000011001010001111011001101101111100101010101010110100010111010111000011011
1110010100110011110000111001111101111010110001111010010000111110100110001111010
1111110011011001100101010011111110001000000100100001000111101110010110000001001
1100001010000100000110111110011001110111101100111010001110011100110110111101010
1111011011000010001111011010110001011100101000100000101101100011000110111110111
0000000010001001111100010010011000011111001001111001110000010110110001101011011
1101010011010010110000110111011101100011101010101101101111110101001001000001001
1010111011010111100101011100110010010111000101111101110010000000000000000010100
1000100100001101110111110010010111000110100010011101001111000100000001100001000
0100100000101000001100101101001010001110011100010110001111001111010100010011000
1100011100101001011110111100100100001010001001000010101111110001111011001100110
11011010000101100110110101101    111001        1101         1010000100000010100
01100010011111100001010100                                    01000110000101100
11010110000110010000111                                         111000000101100
000000100100110000100                                            11110001011100
01001000101011100100                                              0000010010111
0111110110011010011                                                001111111010
011010010001011101                                                  01111010011
01011010001111000                                                    0100000101
1010111010100111                                                      101100101
0110001010110111                                                       00100010
1011110001101001                                                       11000001
10000100111000010    00                                                 1110010
01011001100110110   101                                                 1101100
001010010000101000000110 01                                   01        0000000
11001100000010100100011000                                    1010     00000010
00010000111001000100001001                                     0100100001110000
10000101100001011010100101                                     1001100011000011
00011111001111101011011011                                     0100111011101101