10001100110              00                         00               1110000011
110101011              0110                         0000             1011111010
0110010               1100                           1011              00011111
0110101              10110                           00001              1101100
01110111            0011000                         0011000             1101100
01101011            1100111                         0010001              111101
00001101010         1111010                         110000               011111
10100010001          01111                           01011               011000
000110111            011011                        0111010              0001000
10110100             111110011                   111000101             01001011
0101110             101101101101               100000010010            10110001
100000 0           01101111000001             1111011100001              011110
01010011           110011100000101           110111101101001              01110
10111101          111010010011111111       000111110000110111              1000
1011100100       11010101111010010010     11000000000010011101               11
1111111111       0010111010011001001110 0101100010110100011010                1
00001011001001    00000011011110010110001000110110000110101111                 
010111000111011  000001001011001010011111111000101001110111000        1110    0
10010000111011011010000111111001101111000010100110111110001111        111110000
1110101010010110011001011111010110101100110011000100001110010         010110110
0101110000101010111000011101110010111000101011111001000010111         101000111
1110100110111011  1001111110001010110011100101110001010110111         100000101
0000101001001101100111101000101100101010000000101111010111111         110111000
0100101011000111010011111001110100101000010100001010100110001          01010101
00010101011001111100101010010110011000100110101010110101101111         10100011
00111101001001101000001001000110001101110011001010000000011010110        110100
100111110001011011111101101101010100010100001001111101100011000111       011001
100000000000110010001111000001110101111001100010010001101110111010110   0011001
100101010001101111001010100010111100110110111010000110110111001100011   0010100
00010100101001000100000100000010101011100111110111001000110       00    1011001
101011000000000101100001101101110010001010111111001001011000      10    1100111