               1001010                                                         
            010101001100                                                       
            00111100000001                                                     
             11110110001100                                                    
             010010100111011                                                   
              111101111101010                                                  
               010110101010011                            0000011111100        
                 11000001000001                       1101101111100111111      
                   0010011101110                   1010001010111110000100      
                     01010011010                 0001001011010000101111        
                      10011111000               001000111010000111010          
                       1011010101             00011011100010000                
                        0100101101            1000001111                       
                         111100100           011010000                         
                          01001001           10111010                          
                          101110111          10110001                          
                          000010101          1000010                           
                           11101001          0010011                           
                           00111111         11110001                           
                           1011100001101010010110010                           
                             1100100001001101100101                            
                            01000110011000010110011                            
                         0000000100001100111100010001                          
                        001000100101100101001011110110                         
                       100100000110110101101001110001111                       
                      10111100001000000100101111100011010                      
                      10000100010110111101011011010010000                      
                     1001001111111110001110111001100100010                     
                     10101111000101111011010001000110011110                    
                     10110100111010010011110000000011011100                    
                     1101011011100110101010101110101010011                     