                     0101101101011       11111011101000                        
                       011011000000      0100010001111                         
                         11110111001     00011111001                           
                           1010111101    10011000100                           
                             00101100    11000011111                           
                              10001111   1000110111                            
                               10001110   100101100                            
                               10110001   101001101                            
                                1000000   001110001                            
                                 01011011010000011                             
                                00010101110101001001                           
                             0100111100000111110100111                         
                            00110011000011000110011101001                      
                          011101011010111001111110001011011                    
                         11110101111101001111110110100011011                   
                         100010100111110010101001001110000100                  
                       001011000001111111111101111000010110110                 
                       100001110001010111000011111110000011110                 
                       1000100101001101100100011100001101111111                
                        1100011111001101011000001111111011010010               
                         100101100100101111001011011110111100111               
                            11101001000000010000000011110101010                
                             10100100110000101101011010100010001               
                             0001111010000100001010010010001011                
                             00111100100001111000011100010111001               
                            10100010100011000011001010000011110                
                            101111111010010110100001011101111011               
                            10110 00100010101000111010001010001                
                            1111 1011110101111011110111110110111               
                           111000000000001100100110100010110111                
                           1100110010100110001000100001100001001               