                                                                               
                                                                               
                                                                               
                                                                               
                                                                               
                                                                               
                                                                               
                                                                               
                                                                               
                       11001                        01001                      
                      0101010                     11000111                     
                      101011000                 0101001111                     
                     10111011101               10011101110                     
                    00111010000110            1010001100011                    
                    011111110100110         1100000100101101                   
                   111111110000110111     1100101001011011101                  
                  00111010100100111011   10100110101100010100                  
                  10010000010011100111110001001011011101010101                 
                  00011111100001100000001111111001000001111101                 
                  1100101101100100101111000100001110010010110                  
                  000011101010101010101110101100010100010001                   
                  0010000101011010011011111100010100000100001                  
                   100111011001000010001100111101001110111000                  
                   01001000101101101110110111010111110001100                   
                  010001001010000010110011101101110010011000                   
                1100101111001010010011111100101111000010000001                 
             0010001011011111011011010011111111011001101001100011              
           00011100100101110010011110111101000101111101010000001011            
         01010101101 010100100110100101110010111111101000010100011101          
          11        111010111100000010000100110101010111001 1010  0111         
                   1010111000110111100000011011111111101010                    