011101011101011010100000010             110101010101101100011001010010100101000
1111110010001111010101111111                   00011011010110001000100010001111
1110000111011000101101001101                           000000110101010010001010
10000001001100001100010000111                          100011001101100011100101
000001011101100001111000111011                       00111010110001101101101010
11011010100   1101101011110011                     1000101001101100011000011010
1010011001     0110100101011001                   10010000011101011100110000100
000110011       110010011011011                  111101110110101001111111111011
010101100        100111010110110                10011110010001001  101000110110
01001011          10110101110110               00000101101111       00110010011
0000001            1110100100000               11111010001            010110010
1111000             1110010110000             00100111110              11111101
0001101              011110100110             1000111010               00011101
1111001               00000011111             110111000                 1001011
01111100               0100001100            1110100100                 1010110
10000100               01101011111           100100011                   000110
101100111               1000001100           001010111                   001011
0111100110    011       0100100000  1     1  10010000                    100100
00011011111000010010001  1001000001010101011110000000                    010110
00000101001100110100110   110110111000001010111011010                    111001
00100101100010110001101   00001001000101110010101011                     100110
01100010100000110010      1001100110010110010101000101                   101100
001000010111001010100   01110101101001001000111110100000                 001000
000010100001100010010111110000010010101011110010010100001                 10100
0011011011011110111001001001001101011000011010111111100111                00010
0101011010111011011101101111010101010101000111100100000001                 1111
0100110000001000100010110110000010011101101001000111000010                  011
01101010011110001110010101001011111111100000110001001001000            011   01
011101000000110010101011111011011011001000010001110011100111           10011111
100011100110001111111000001101000000100100010100101000011101            0010011
10010100101100011110101110110010011010101001101010000100001             1011011