                                                                               
                                                                               
                                                                               
                                                                               
                                                                               
                                                                               
                                                                               
                                                       0000                    
                        11100                         011011                   
                       10110110                   001110010                    
                       0000011011               110010000111                   
                      00011001010              00010110000000                  
                      0010001101101           1001110010101011                 
                     000010011000010        0111011010110100001                
                    000011001111110110    01111000010111111111                 
                    1010100100001001100  0011011111010010000001                
                   011010110001001010111110111010110011010001000               
                   00000111100010111011110100100101010011100010                
                   1100110001011011111110101100010111011101100                 
                    101000011010000000001111001110010110011001                 
                   111000010001110000100100110100101000100001                  
                  1000111111100010110100010011111010010000001                  
                  10011111111001111111101001011101110101100101                 
                 11110010110000110101111101010110010000001111                  
              101111101111110110011100100110111100000100101011                 
           00000100101100100100100101100011100110110001101000011               
         1000000010111000000000111000110101111011110110001000000100            
        101101000   01110010000111101011100101011011000001001  11001           
          00        0101000011011011101010011010000011011010    100110         
                    0100111011101101111111100000000001010100        00         
                   00101000110100110101011101111001101101100                   