11                      00                           10                   11110
10                     111                           111                  00000
000                   1100                           011                   0001
010                   0111                           1010                   111
000110               100111                         010010                  111
11100               0110000                         0101100                 000
0001                 011010                         010001                 1100
010                   0111                          10110                 01101
00                    010010                      011001                 010100
0                     100010011                 101111010                111001
00                   01001110011              011011111011                 0110
100                 1111100001000            00111101100011                 000
011 0              0001100011101111         1000101001111110                  0
10010   0         1000100000110100011     0000000100111010001                  
011100            00110001101010100010   00110111000011100101                  
0001011101        0100001000111010011010010101111001111101111                  
00010111001  1    0011101010011100101001011111010110100101100            011   
11111101010110001 0011001110101100001110000001000111111011001            101001
01110000100101000  000010110010111011001110000111000110100101            111110
0111001010001000  0100110011001101000111101110101010101100110            100100
010101100010111    110100110010111101001000000000010000010100            000101
0011000000101      00110001111011000101101001100100110000101             101000
0110000011110110  0111001100111111100100110001110101111110110            110001
11010100000010001101000111001000001001001111010110111000000010101        100010
111001101010111110111011101110011101100110000011111101011001001011        11100
1100100100101001110110101110100011001000001011011110010011110011011        1111
01001001100010110001000000011010110001001111010001011111110      1100        00
0011110000000011011101001000101001100110111111111000101100101     10       0111
01110100111100010010001111111011001011010101110000110100010110             0100
0000000101001000100111110000101011100110110110110110100100000010 0         0010
01111001100110001011011111110110010111010011001001011101000110101011 1     1110