                                                                               
                                                                               
                                                                               
                                                                               
                                                                               
                                                                               
                                                                               
                                                                               
                                                                               
                       0010                          1111                      
                      1110111                     11000011                     
                      011100111                 001111100                      
                     11000010100               10101000101                     
                    10111100100101            0100000010100                    
                    011110010101000         1111000001110111                   
                   000000101000001110     0000101111111100111                  
                  01100011101100011111   00000010011000001111                  
                  1101001100110011011101100000001110010101000                  
                  01011001101110001011010100111001011100011100                 
                  1100101011100111100001111101000010110111100                  
                  011000110001101001111101010011000011000000                   
                  0101000110010101011101101010100010010011011                  
                   100111011100111011010101001010110111100001                  
                   10000010001100100011101100111110000101001                   
                   01011001011000010000011001101101001110111                   
                 101000001111101001100011001011011011000101000                 
              01111101001011111001010001011111101000001001000100               
           01100011001101000011101010001001100111110001100010011010            
         010010110001010010101100100100100011000010101010100010100001          
          00        101000000011011000000101101111000111101       001          
                   0001101011011000010110101011110001000000                    