1011011100010100111001100010010011101100111000010100100111000000010010110010101
0110011010001001101000111111001111000011110001110001100111011100011111000001111
0111001111010000111000011010011110100110101010000011101011011111111001011011010
1010100001101110000000011010100110100101111111110011000110011001011000010111101
1111000000111001110011101101100101110010001101010001000101110010101001100001001
0111100011000111011101010110110101000011110011111000101010110100110010001111110
0011101000111011101000111110001001011110010011111100001101001000011011010001100
0010011100110110111001111011101000101111010101110010100110000001111111110111010
0001001001011000101011011010100000101001110000001110010101001101000100010010110
0010100110101111101011101001000111011100110010101100100111100011111111110011001
0001001101010110010100001111100110011000001001111111011111000111011100000010110
1011000001110011000111011100011110110010001111100010101111000111100001011101001
0110011100000110010011101011111101100001110010101001110100000010010111110111101
1001111111011001101110011000110110110010111001011101001101011001011001111111011
1110110010110000011001011111000010001111000101000110101111111000100111101101111
0011011100101110000011110101100010011000010011101001010000001111000011110010001
0100010110000101000001011011010100001001010110001111101001011111011100111101101
01110000001001100100001101101000000            01000101001110011110011011011101
00100110110011111110101                                    00111110001110101000
111110111101010011101                                       1000110100000011111
010010100010101111111                                         01001101010000001
1101110111000101101                                            1000001011001111
0001101000001101010                                             110100111000001
111100011000111101                                               01110100000010
01010010110011100                                                 1000110111100
11111111011100011                                                 0110110110000
1100111111011101                                                   011001100111
0111011100000110                                                   101000010111
0101111100010000                                                   110000110100
11011000100000101                                                  010110010100
111101001001110010                                                 111111011100