1100101100111011001001000111100101001110010100100100100100100010001110110000000
0100100010111101011011110111100000001100000101101100110101010100000001110000101
0110101010101110100010100111100101001111100001101100100100001101000001010101000
1010101001011001000000111001110100011010011101111010001010100110111000110000110
10111110010100101111100011001111     001101001000000001110000001001111110101100
0100101001000010110110001001             10000001101011001001000010101100110011
10000100010000110011111100                 100100011001101111001001001000111110
101101100101111101000011                           0011101100111011011111100011
0111000000100110000000                                0001111000110101001001001
010011001101011100101                                    1110100111010011001000
011000110011000001001                                      11001110101010111100
01001101011101000110                                        0000111100101001110
01011110011100111000                                          11000000100100100
01010010100011011000                                           1111111001110000
11100100011110110100                                            001111110101110
101101001101111110011                                            01101000101000
0111010100110111101101                                           11100000000111
1011110101111111000100                                            0101011100001
10011011101111000101010                                           0011100110111
00011001001010100001000000011                                     0011110010000
01110111001111000001001100001                                     1111011001010
110110000000000100010111011                                       0001111111011
110100110110011100010011001                                       1111101101110
10010110010110111111011101111                                     1100010101110
010111101010010001111111001001                                     110110100100
1001101011000010000000100001111                                     10001110011
11010000110010100000000100101001                     011110000101001 0000100000
11010000001000010111101101010000 010               0100110110110100010011111110
01101110011010101000001001001101101011           111111100011100111111100001101
11001101101010110110010010100111110111          1111001010010110100001001100101
000111000111010111011001001000101111011001     11111111001000110100010011110011