                111110011010                               1110100             
                 010111011010                            0001001010            
                  11100010001                          0110001000000           
                  010010000000                       01101111110011            
                   100001111010                     00110110010000             
                    00111010111                   001011010000101              
                     01010000011                 000000110001111               
                      0111111001                10110100110101                 
                       0000111110              0000101110000                   
                        000000000             10001011100                      
                        0111101110            1011111011                       
                         010110000           010001111                         
                         111111010           10101011                          
     1                    000100010         11000110                           
1    1                    000110101         10001110                           
01                         10001010         11010001                           
10101110                   01001100         1111001                            
11100000                   100011011010101100011000                            
1101000                     00100000111001110001010                            
11111                       11101101011011100111011                            
01                        101100011010010000001100001                          
00010                    10100000011100000001010101001                         
0100000                00100010111001000001001110010011                        
1011010                010101111110010010001110010010110                       
01111111               0001101011100111101100011000101101                      
100100101             100100101001000101100010000100011011                     
100100000            1011111000110011111011101110101100010                     
11010011             0011001100000010011001100010010000001                     
10100111             1000100100001000001100110100001010001                     
10000001             0010110101111100011010000101000010011                     
1100100     001      010101101001110010100011100011111111                      