                                                                               
                                                                               
                                                                               
                                                                               
                                                                               
                                                                               
                                                                               
                                                                               
                   0001010                                                     
                 0010111100100                                                 
                0101111101011001                                               
               000010100001100011                100011000                     
               101001110011101101               001111001001011                
                 11110110010100011            1100010001010000110              
                         100111101            000110010111011011011            
                          11111010            0101001 00110110101011           
                          01100100           11110101   0111100111010          
                          000000111          1000010      00111100101          
                           11100111          1101101          01100110         
                           10100011 0110011 00100001               11          
                           1000000100001100001101001                           
                            00001011001111010101000                            
                           10011100100110011100001101                          
                         00001000100110000001011000101                         
                        1010010001110100110000001110000                        
                       100101110111100011101100101110010                       
                       0010110111000001110010000110111011                      
                      10011000010100011001110001110001101                      
                     0101001001010111000101011000010000110                     
                     11010101111010011011000110011101000111                    
                     1010100011010001010011001000101100000                     