                                                                               
                                                                               
                                                                               
                                                                               
                                                                               
                                                                               
               0001011                                                         
             00010011001010                                                    
            00000101101100010                                                  
           01011111111010001001                                                
            00011100111111101100                  111000100010                 
             1100100001111111100                010001101101010100             
               001011011101010001              001011010110100011100           
                        010100001             101000001010010000010000         
                         010000011            01101101 0000011110111001        
                         101101011            0111111    10111101101001        
                          11010111           11000111        0010010011        
                          010111011          00011010            011010        
                           10000000          0010111                           
                           0101001110011111001110111                           
                            100011111101000100110010                           
                            000000001011101001000000                           
                         01010001101001110110011001011                         
                        0101010010100010110110011000001                        
                       100010110100010000011001001000010                       
                      01101111010101010001010011000100111                      
                      11111101010110100000010100110101100                      
                     0010101010100111010110001011001101111                     
                     00000011001100110010001101100010000100                    
                     11001010001101101011011000010100000000                    
                     0100100011001000001101101111100001110                     