                           0011111000011101                                    
                              1010001100001                                    
                                 1101010101                                    
                                   010010000                                   
                                    11101101                                   
                                    10101111                                   
                                     11010011110                               
                                0100001001001100100                            
                              00010111111010111001111                          
                             10011101101011111001001110                        
                            1100010111101110001100101001                       
                           10010101111101110001010010010                       
                           011110110110010010100011001010                      
                            11110101110001011001011111001                      
                             1111011110011011001010001010                      
                                01110011000110000111010110                     
                               100100101100110000011110100                     
                                00001011100110101010110100                     
                                  100111001101110100101011                     
                                   01001111001001111001000                     
                                   10001100000101001001011                     
                                   10111110001110000011000                     
                                   01010010011010111011100                     
                                  011110100001110110110000                     
                                 00100111011111111011001110                    
                                000000000100111011111101111                    
                               10111111110010101011011100000                   
                              100010010011011001110100010010                   
                             00110111111101110000000110001100                  
                            0010100111110011110010001101110100                 
                            0100010000000001101011000000101111                 