                        00110110111  1                           11111111001010
                        1110010100                                 110110001101
                          11001100                                       011100
                           11001000                                           1
                             101100                                            
                            00111001                                           
                          1110111001                                           
                          10000100111                                         1
                           10110101001                                        1
                            01100001110                                      11
                            01111000010            0                         10
                             00110000110001       010                       010
010101000       01011101101000100101010010011011011110              01001111101
1111001001101110000001011010001010111111101001001000110100110110100101001111101
0000010110110011100001000101110101101101011001010111000111101001111100011100010
1010111011101011011000010110101110100011000010010111100001100 01101011010111111
100     00101001011111010110     10011000111000111 1001110          0101   0100
0         000001100101           01100011000001011                 010        1
0            10000               100110000010110110              100001110    0
0             0                 01111100110111001110     1110101101000000010  0
01                              101000001010011000011    0011110100101100001   
101                            1010110000100011111010000   01011100000011011   
0                             101001110001010010011101000 010100100001101111   
                             1011010000110110 1100011101001100001001           
                            100100110111111     10010001110010000110           
                            101001110101110 1110011100000000000001             
1                              110011100110000100101111000111100001            
11                               01111000111100111110110100000000              
01                                 0010010110101010101101111000010             
                 1                  1100100100010100111111011101001            
 1110011        01100                 11010011101111100000110100001           1