                       0001001000001101                         111010001100011
                       10101001111                                1100010000001
                         1100101100                                   010111101
                           11111010                                        1110
                            11100101                                           
                           000011101                                           
                         000100011111                                         0
                         0100010101011                                        1
                          0010100100101                                      01
                           001110101000                                      10
                            0011011100010          10                       000
     0           11          1010011001001101     111                     11110
0011010101     000101100001110011111100110010111011011            1110111100110
1001011010100010000111101010000111101110100100110011111100100001110111010001111
0010010100001100000001101100000100101001110010101100100010001100000011101001000
0001110010101011101110111010101001111010101110001000110110110 00101110111101010
011    0100001110111000010011    00011101001  1010111000000       0010011011110
10        1000111000010          1001011011  01000    110                    10
00          1101100             1111101101000101111                           1
11           111                110010001010011101000               1110100   0
10                             01110100000111101100010      101   10100110100  
0001                          0101100111010010010100011     011011001011000001 
0110                         000010101110101000000011000      10101011110101100
                            0100010100100001111100100101001   10100001000010001
                          011010010011100111   0110001110100 11100001101  0111 
                          01000101110010101      01011111110  101100110        
0                             010010111010011000101111111010010110010          
110                             10001101100011011110000001111000100110         
000                               00101110111100010111011110111110011          
     01         01                 0011010111010000111111101111001110         0
 0111010        11000                100101110101110001011110010001110        0