                                                                               
                                                                               
                                                                               
                                                                               
                                                                               
                                                                               
                                                            111                
                                                        101 0001               
                                                        10100 011              
                                                            10 01              
                                                             0000101           
                                                           0001110000          
                                                           1111000010          
                                                             00101011          
                                          011110001110010111 110011000         
                                          0011110001001100101100001110         
                                                      110011 1001010000        
                                                             01111100111       
                                                              0110110000       
                                                              0100101100       
                                                             11100100101       
                                                            011111011011       
                                                            0100010111100      
                                                           10011100011000      
                                                          10010011101010       
                                                          00000100110111       
                                                            1100  11110        
                                                           01010  0110         
                                                          01000   000          
                                                          1111    000          
                                                         1101     001          