                      1101010100000100110101                    010110000000011
                     1000000011001110                            11010110011101
                        0111100011100                              100011110111
                          00110001011                                1100001100
                            0110011110                                   110111
                          110100001110                                      111
                      01011000111111100                                       0
                       01011001000010111                                     11
                        100111100001001001          10                     0111
                         110011011110110011        010                    01011
1               11        01001111111010110101    0010                  1011101
00  01110      010100101100011111001000100110111000111              11001111110
10010100000   00001110101101001010000001111111011110101010001111001100110110110
1011111111000001000111111010100010011000110110001000000111001001100000100111100
1001110101001110100110001010011101110111101010110001001100101101000111001110011
1100000111100110001101110010000001100010110000100001010100101  0101110001000011
0110  000101000011111000000111   010101111101110101110101110     10101101011000
1110    000101110000111011      00111100100111    101010100         0111  00101
111       010101110101         100011110110101          01           1      011
000         100001            11100000010110001                              10
001          111             010010010101000100                              10
1010        111             01110101101001111010    10                         
100110                    111000101001100110111101111101                    00 
   0001                  01101011100100001010110001100110                  1000
      1             00101011010101010111100101  10110010111            011 1111
                    10100001110111100110111     001011100001            1001110
1111                      111110111000001001   000010101010101111        010010
10011                       000100111010110111   111111000100010101     0000111
0100   1       00             0111100001110101000  1010101011010100000011110101
1   01100      1000             011110001101101101 0010101001011110011010101011
 11001110       1100000           100000101011101  0111100001110111111010101101