                                                                               
1                                                                              
1011                                                                           
                                                                               
                                                                               
01                                                                             
01100                                                                          
101011                                                                         
01101010                                                                       
10  010110                                                                     
11   1010011                                                                   
0      0001110                                                                0
11       101010                                                               1
00110     0000110                                                             1
1001000110010111110010101111110101010000010010111001111000011001              0
111011       0001001                                                          1
1011101       01101001                                                         
011111100      10110101                                                        
10010010101     11010010                                                       
111001101000     110100                                                        
11000111010       00010                                                        
00111010110       010                                                          
0011100000        00                                                           
                                                                               
                                                                               
                                                                               
                                                                               
                                                                               
                                                                               
                                                                               
                                                                               