                                                                               
                                                                               
                                                                               
                                                                               
                                                                               
                                                                               
                                           011    01110                        
                                          0000   01100                         
                                           0100  001                           
                                            0111 01   0                        
                                             1110110100000                     
                                             0110110100011                     
                                             01001001000                       
                                             1100110110                        
                                             0101010100                        
                                             0110001100                        
                                             0110010010                        
                                            10010011000                        
                                           0101110011011                       
                                          100110111111000                      
                                         00001111001101101                     
                                         0000000101010100                      
                                        0110011110011001                       
                                        10011001010011100                      
                                        0011101011011001                       
                                        001111001011010                        
                                          0000 1100110                         
                                               11111010                        
                                               11001010                        
                                               11011101                        
                                               11010111                        