                          1111                                                 
                           1110                                                
                            001                                                
                            0101                                               
                             111                                               
                             0111                                              
                              110                                              
                              1111                                             
                              0100                                             
                               0001                                            
                                001  0  00         01100                       
                                0001 0011011000101010110111                    
                                 1010111000101010011010110110                  
010010111       1110000000011111 1101011110110111100000101100010   010010000111
1100100010011010111001000011110111111010000101011000010101111011110000000100011
000    0111111101000100111011110   00110001101001010  00000      10101111101101
                                   1011001011101101                            
                                   00000100110011                              
                                 11010110110111100                             
                              010001101110000100101                            
                             0111001111110110101                               
                            111101011001100100001                              
                            10010001101011100001010                            
                             00011101000100011000111                           
                              01111111101010001001000                          
                               111100111101000000101                           
                                 011110001110001100                            
                                  0101111101011110000                          
                                       1101111011011                           
                                        01111     100                          
                                        100010     001                         