                                    1011                                       
                                  1001110                                      
                        0101110    01011011                                    
                        00010100010  011100                                    
                          10111000000 01111                                    
                              00111010000100                                   
                                   001001101                                   
                                     1010110                                   
                                    1110000011001                              
                                  0111001101000010                             
                                0101011110111000101                            
                                01001001100111110011                           
                                01100011011010110111                           
                                  101000100001010001                           
                                   010010100101110111                          
                                    01100000111000001                          
                                      000111101100000                          
                                      011000100000001                          
                                    01110101010001011                          
                                    010111110110110101                         
                                   0101001000111111100                         
                                   11010111111101000010                        
                                 01010000000110000110010                       
                                0101111011000001101011001                      
                               11000010010101001011000101                      
                             1000011111011110011110101001                      
                           101101011011011011001101010011                      
                         00010000010010100000000101101110                      
                         011000101 1110000111001011111101                      
                         00011010  000110100000111100010                       
                          01011    000001111110001111001                       