                    11001010                                                   
                   00011010101 101101                                          
                   010001010001  111                                           
                 1010111011111101                                              
                 0100110010100011111                                           
                01111100100001001011111                                        
                010010010110001010 011000                                      
                100101110100001011   110111                                    
                111101  00100100        10110                                  
               110101110                  0001                                 
              1001010010011001111000100    1001                                
         000110001111000111010011111011     101                                
       0010001000100111001000001111111       00                                
       000011110111110001100010000000         0                                
10111001000111011001110100001001000101011000010101010001101111111101010010000  
      00010111010000100110110111                                               
      1101010110001101111110000110                                             
       1111001011000100001001001001                                            
        10101110100101101000011                                                
          1111100010000001100                                                  
                   0101  11110                                                 
                     1000101101                                                
                       010                                                     
                      00111                                                    
                      011010                                                   
                       010                                                     
                                                                               
                                                                               
                                                                               
                                                                               
                                                                               