                                                                               
                                                                               
                                                                               
                                                                               
                                                                               
                                              11010                            
                                           1011011                             
                                          00111                                
                                          001                                  
                                         0000                                  
                                       010011000                               
                                      10101110100 1111                         
                                      00111100001 010101                       
                                      1000100000    010110                     
                                      1100011011     110110                    
                                      00100010000110110100                     
                                      010111100110111001                       
                                    0100101100011001                           
                                  0110001000011110101                          
                                 11111001111001001 1000                        
                                 1000000010000001    10                        
                                 110011011110000                               
                                  010000011101111                              
                                  1110111110101001                             
                                  1100010010100111110                          
                                  110101111010111010011                        
                                 1010101000001001000 1                         
                                 001010101001011110                            
                                 0010111001010001010                           
                                   10   10110 000100                           
                                         11001 00000                           