                                                                               
                                                                               
                                                                               
                                                                               
                                                                               
                                                                               
                                                             11                
                                                        10010110               
                                                        11000 111              
                                                            00 00              
                                                             0101100           
                                                           0001011001          
                                                           1111101000          
                                                             01001111          
                                          100011110111001001 000011111         
                                          0010001001000100100000100001         
                                                      111111 1111010110        
                                                             10011000011       
                                                              0110101001       
                                                              0101011011       
                                                             01001000100       
                                                            0001100000001      
                                                            1100000011110      
                                                           10101110110111      
                                                          111100001010011      
                                                          01001001001110       
                                                            1100  011011       
                                                           10100  1100         
                                                          00100   0010         
                                                          0111    011          
                                                         1001     011          