                         1101011                                   001111000010
                         1111110                                         010000
                           000000                                              
                            10100                                              
                             01011                                             
                            110010                                             
                            0001111                                            
                            0001101                                            
                            01101001                                           
                             11000010                                          
                              1011001                                          
                              00111011                                        0
                  0            001110111111011   0000                         0
1110011111000101010011010001010100000000011110111011101001101101001011101001011
1111111000010100111110100111100001010101100000000011111000110100101001110001111
1101  101101011010101000101111011 011001001111100111100110110010101110100110111
          00011101000000          00001010010010  11011010000011001110         
              1011                11101111011011  01110101101101001110         
                                  0111101110110110 0110000110011100110         
0                                 11000111010110101110010001   010001          
1                                 11001100111011111101100101                   
1                                101100010001111011011110                      
                                 01000100001001011010001111                    
                                110100010101001110111000011                    
                                100100011111001111101110                       
                                 1010100011110011010011101                     
                                  0110001101100110101100100                    
0                                  111111101000100011100000                    
1                                    1000111010101011110010                    
                                       00101101100000001000                    
  01110          000                    100100001110110111                     