0010001011011001010010001110111010010010110110001011110000110001110110110011100
0100110001001011001111110110001101110100001101011100001011110100111010100110111
1110100110100101100010101001100111110010000101010010001010101001101100101001111
1011000010100011111111001001100111110001101010100011110101110010010110010101111
0101111111011100101010101010111010010010101101110010001000000110001101100011000
1011010011001110100110001111110101100011110010001111110101100101001000000011111
0101000100101101100100011010101001100100101101000101010111100000110100101010101
0000010110010100111110110111010011111000000001101111111000001111100011100100010
1001110110000011011110000110111011110111110000110011110001101101001110001111011
0001100011101010001000011000101101101111010110011110111011111001100000100110000
1011100001000101111011011100001100011011010101010001010010101010011000011000000
10111101100100101001110100110011110101        111001001110011011100010001110100
1000010010010001010110100000000010010           1011100111110011011101100000110
00010101100000001001100001000101011               00101101100101111010000101101
01001111101110111110010101000101101                0101010101110101001100011001
110000110100110110100001111011111                  0100100000100110010001100100
001001000000011000110100110011111                  0111000011000000011100111001
0100011100100000111100101001000001                10000110011100111101110111110
10100110010011101101101111100100110              111000101000111101001000110111
1110100011101110000001000111000001010          11001111100110010010011000101011
0100010010010001000110111101011000111011001000101110010010000101101011100010101
0101111100001010010000000001011001110000011101000000111111101001111100010100101
0110100110000011010011100010000110011101111101101000111111101000111000011000000
0000111000010101010001010000100000110010101010011000011101010110001000010000011
0010010010100100100101110000110110011111010010000100001010000010011011001101011
1100100111110101100111011110100000000000111111100000000011001000111011000111001
0011100101010000110111011100010000000100001010001111101001101111001101011001010
0011010111000100100010100001000110101110111000010110101000100010101001011010101
0001000100001001011100010001010100001000001110101111101011100011011110101010010
0000100011001000101110110010101100001100100000000001110010011111010010011100010
1001101010111111100111010011010010100101011111100001011111000100111110010100100