                                                                               
                                                                               
                                                                               
                                                                               
                                                                               
                                                000                            
                                          011110010                            
                                         0100010                               
                                         01010                                 
                                         00000                                 
                                         1111011     01                        
                                        0111110010  10011                      
                                       00000100001   00010                     
                                       0100010110     01011                    
                                       00011001111 10110001                    
                                       1101011100101001000                     
                                       0010010001111011                        
                                      10111011110011                           
                                    0110100111010101111                        
                                   1110111000100111  1001                      
                                     00010001100100    111                     
                                    101010110101011                            
                                   0001111000010111                            
                                   1110111110111011                            
                                  01101101110001100101                         
                                 1111000010001000001101                        
                                  010011111110101010                           
                                 0110101100000001101                           
                                  111010  0001111100                           
                                           011001100                           
                                           101111101                           