                         001110                                    011 10001101
                          100001                                               
                           00100                                               
                            01011                                              
                             1000                                              
                             01000                                             
                             11001                                             
                             000011                                            
                             100101                                            
                              000000                                           
                               011011                                          
                               100001  1100 1                                  
                                11001101010111    11       1                   
100110100011  10101000100000001001110000111011011101001100110100110000011100100
1011100000001100101111000010010010001101110111110010110100110111110010100001100
1111  001111001110011100100000100 011111100000101101101010101010001010010111011
            001010010             00010010100000001111111101100010             
                                  10010001011110010111001010000011             
                                   1101011100001111101101                      
                                   101000001010100111011                       
                                   0001011010110100010                         
                                  1101010100110010101111                       
                                 00010011111101001000010                       
                                0101100001011000101010                         
                                10001011111011110000110                        
                                111001101001011100110000                       
                                 01111001110001111010011                       
                                   001100000001001010100                       
                                     1110011101010011101                       
                                        000100110101001                        
   10                                   000000111101 00100                     