                           11                                                  
                           001                                                 
                            01                                                 
                             10                                                
                             000                                               
                              11                                               
                              101                                              
                               10                                              
                               100                                             
                                01        11  01011101                         
                                101   100101101101010100                       
                                 10  111001001011011111001                     
                                 011111011111010001000111                      
                                  0000011101001011010001                       
0010000001000111001110011011110111111100111111010011000011101000001100011000011
                                   011011100000                                
                                   01001001111                                 
                              10011010111100001                                
                            100100100100110001                                 
                           0110100100100010100                                 
                          1011000000011101010011                               
                          01011111110000110011010                              
                           10111100001101110110000                             
                            0111011011101101110000                             
                            111100111001011110011                              
                             11111000011111010101                              
                               011010010011000110                              
                                     0101010   10                              
                                      000101   000                             
                                       10 100   101                            
                                           11    101                           