                                                                               
                                                                               
                                                                               
                                                                               
                               100101101                                       
                                1111110010                                     
                                       000001101                               
                                        01000101                               
                                        110 1101                               
                                      1100100000                               
                                     100111111010                              
                                    01010111001010                             
                                    01101101011111                             
                                    01110111100001                             
                            1001   001010101001011                             
                           111010  100101111101010                             
                           01011001100111011010110                             
                             001011000111000000000                             
                              10110000100001011010                             
                              101000001101110000100                            
                               111101010010011000111                           
                                    0100001000101101                           
                                    10011101010000101                          
                                    111110100111011011                         
                                    0101101101000100100                        
                                   10011100110100001101                        
                                   110001110101110101000                       
                                   1111111111101010100111                      
                                   0010111111000111111100                      
                                   01000001111011111110010                     
                                   11110111100110100111101                     