0101011010001010101001011110010110010111101100000111011000010111000001000100010
0010011111100100010111001000010101101110011101011010110000000010101110010101001
1101111000101011010100001111001110100000000110111001010000001010101001101010001
0010111111110101011001101100100100010101100110111110100010101000000110001000000
0110010010010001101110001011010111101001100110011111101000100111010011010111100
01110000010110111111001111000001000111001 1001110101001010100000100010010100111
1000100100011010101101101100110100110110 11101000101011010000000011101110100101
1001010001010011010101111010110101101001 11100000010010001100110001111111010001
1110100101111011000110001010011000001001 10011111111010111000111010110101011100
11111101010100111000001100010110100111111111001      10111110001001110100100100
101101100101100111001101101010101101010 01011         0010000101111001011011101
111100010110000000011100011100101100110 1010           010011111000110100001011
00001000000000000000101011001100100100   0000          001000111000010010011110
011100111011111011001010000100011001001 1  0011        110001110101000100000000
10101111101101101000011000011111111001 110   01        110001111010010100101100
01000011010000010101101000111111111001 0               100110001110111110101111
00001010101001110111110111101010011011                 100001001011111110101010
1110010001000110101111011111100111100                  110100111011010100011101
00011110100011000110010100111001000001000 11          0000001001011000000100000
011111101101001001000110001000101110 11110110         1100100011111001001101010
100100101001010010100010010110110100  1011111        11110010110111101111000000
01101001101000011010011010111111110                  11011010110111000110100110
10000101001000100010010110010010100101                1010100001100000011100101
10010111010110100101001010010000011 10                0010010110011101000000000
11000100001001100010001000000110111 11                1111110101110010011001111
11101010100110110110001100010010111001     00         0110000111111111010100101
01001100011111111100101111110000010110011110          1100111110011111111110001
0010111011110011110101100111000000 101101101          0111100011010010011011001
0011100000011001100000111001010111 01010111           1000110001000110111011000
011111001110101011010101000100001  01011101            111000101001101111100111
011101001011100101101101110100110  1101001             101100000111111000111101