0011100001000101011110010011011010010011000110000010111001010010110000111110100
0001111001011110000000111010100101011100011100101110111011101101001111000011110
1101000110101010010010000110001010111101100111100000100100001100010000110010100
1000111101100110101000011001111000010110001111101001000001000000101011000111010
0010010000111001111111111011100010111011100011100111110110000001010000110011010
0111101100101011001110011101011100011101101001110011110110111111101011110100100
0000011101010000101010010100011100001110010001100100101000101110100000101110010
0110010011001000111100001000100011100100110000100101000010000011110010111000001
0111011011011110001000111000110010001101101011100000011000001001001110011100100
1001101111110001001000110001001 000000110 0101001000010111001101000111010010001
00101001000110100110101000001100 01100      01010101011001111000101111001100001
110001001010110000010111101110111 01110     01100110101011101000101011110101100
0111011110111111100110111000110111 1011     10011100001001110000000110011001000
10110111100100110111100100110000010         10100110111010101011001010101001111
00011011011100001011100110000100101  10     01000011111000010001000011100010000
001011100010101110100101110101001100001      0010010011011111101011101000011010
11101000000111010110000110011111010110       0111011100000011011110001111101100
01100001101011100000001001000100001110      00101000100011110111111010001001101
11000101111111110101001001111100001110      01001111110011111010111111010001100
00010110001111011110110110001000011100      01110000010110110110011101000010011
1000111100000100101000111100011100101       00011111000010101100111010110111101
01101010010000000001100011101101101001       1011011010110010000010001110001111
11010110111011010110110011101001001010       1110000001101010100001001110100001
1010001101111101110110101110111000101 1      0001110011010001001000101111111011
001100011101110101000111010001001001100   10   01010010010100001100111100111010
110011011110100110110001101100110001110   00    0000111100111100101101010001011
1101100110111101101011010110111111101111110011    01111110001110110100010010010
110111111000111000000010100100100011000111111       110100010000110001010101001
0100000011000001010111000100111010001111101010       10110100000011011111011110
0010101110110001001111000010101111001000011101      100011110010000010010111010
1111110100100111111010011111000001010110100110000011101100101011100110001110101