0001110000111001110011101101000110010000101101011001100111100110011010010111000
0001100101100011000010100100010001100110010011001000010111011100011110101011010
1101110101101001111101100000010011011111111001001111011110100111010101010111101
1000110000100001011100100011111101111100010000111110111000101001010011101000001
1100100100110001100111100001111011011001110101110000110100101111100010110000010
1011101011110001110101111101100000001001011011001111111111111010100100111110101
  011101  000101010011100010001111011100100000111100100010110000101110001110001
    100 00011100101000100000001101010101000100101010100101111100100100100101110
        0110111010011100001100100001100001001100101101    001100001010110010111
        01010010111111110010100001100111100110011000011     01110111010011010  
             100010001110000110111111011000001111101000101     10100110101     
               01000110011010010000100010111111110001111111100                 
                0010101001011110101100101101010001110010001000111011           
              10010011010011010111010111011011001100111001111000111001         
               10010100100010001111010010100101101111000000101111010111        
                 0001111010001110110010111100100100111100100110111110110       
             1   01011111101010011110011001000111100011010010101110011010      
            01111110101111101100111001010000010000101110001110011111111001     
            11000010111100011000011100100001011100100110010111111011100010     
       10   100101010001011010101111100100000010101101010100000110100011000    
      001011100101011010000100001001110111010100100000111000010000011010001    
    00010111000110100110011110110000010101100011010111110110110011100100000    
   100111111111110100010010101110010010111101100001100101110101001010000110    
101000111101001011111100110010 10010110101001010100101110010010010000010001    
0010011001011000101011000011110 1110    011000110101001111100000011010011010111
01010000101010110110110000000001 101     11110011001011100110010110000100010011
1011101010011  110100111111110001  10    00110110001101111001101101101111011001
000110101001   010011010001101101        111001000110000101     0110    1111111
0001111101      110111100111000101110     10110101110011001               11111
0010101110      01111100100111110001      1110011000001110                 0011
0   01010       00011000011100110000     100011000010                          