0111111110111110010100001001100001110101110100010011111101010100100101000100111
1110101100001101111010011100110111000101001010010011001100011001111001010101001
1011110110010011011110011000010001010101011010100111111010100100001101111000110
1111010010101100010011111101101100101000101110011000011111011110110111000100101
0110100010010010101100101110010101111101011000110001001000000100010001101011010
1100110110110001000011011101100111011110   000101110101001000010111000011111010
0001101010001011000101001110111100111010   1010010000   01001011000101100100001
0101100100110010100001000101001001001010  0111101              0010011001101001
0010001100010110010100000001001000011010 111000                  01101000110110
1000010011110001100101101101110100100010 101100                   1101001010110
101001011110101100111010001011011010111  101110                   0100010101110
000100011100001111001100101111101000111  0100111                   010010010110
100111010100111001100110111000110101101 0111101                     01011000001
01011111111111011001110101101001111010  0001011                     01000100111
0101010011001100100001110100110011001     011100                    11000011011
1010010100100000001110001100010001100     01100111                  11101100011
0100110100110101000011011100101010000      0100100                  10001110011
0010000100111101100010000000001110101       11001                  110101011111
1100001000100001000011101100101001110 0011  011                    110111111110
101010111101111010001010110111100011  10101  00                    010011001011
010000000010110111101001100100111110  10011                       0101000010001
000001011000100001001100110011000101 110                          1000000111011
10010010000110111101111000001000101  001                          1100010010000
01110011111100111101111110001101000 1001                          0111110011100
1111111110100111101100000101010111  1111                          1000010101000
0000110010011110111111010000010110  10011                         0000101001001
111101101000111001000011010111111   00100                          100011010011
01101010001100001011100101001111   1101111                         100101010111
00111011111100100111000010100000                                   110011110111
0101001011111010011001010010001                                    110001000010
1100010101010000001100000011010                                    110000110100