 110               0111000001011001110001001000110101010000    1110110011001101
                  0100111111011001001011100011010010000011      001110110010001
                   11011000101101101011000100001110010110          010001000011
                       10100110011111001000101010100101                10110110
                        01001001111010101010110110111                         0
                    0010100101100001010111100101110                            
                     100001000001110011101111000                               
                      0011111010011011111101                                   
                        1011000110110110100                                    
                         1101111000010011011                                   
                    0111001000010001011101110                                  
                  01000011011011111111010001000               1                
0                 0000100110101110111100010101010             01               
10       1         10111001111100110110110011100111           100           101
001    000111      0000101111001011111100111000110000101      0101     10100011
1000011011001001   010011001100101101011000010010101000100011110100101111001010
1101110001000010010010011100100001000110000010001001001010011100000011001110101
1111100111111101000001010111110101001000110000101110101101100001010000110011000
0011100000   110001101110101111011101101101000000000111011001111010110111010110
010000110     01000000110010100101111101110000010100001    1001111     00010100
10001101       001000111110010010011001111100001000011          1        0000  
1010100         110101100110111001101010100011000101110                        
1110100         01001000001100000000011111011110111101                         
  11110         10001                100011                                    
     010       011                 10011001                                    
       1                         11001100000                                   
                               000010100011110                                 
0110                        00000100111111110000                               
1100                    01000100010001000011000000                             
                   11010111010001011110111011111                               
101110                 01010010110011101100100                                 