0000100011110110110111101001011011011001000000011000111011110001101010111110100
0000111110110111100001101101000111100110010001110000110011101001010110111100100
1101010001001100001110011111111110010101110000000011101111001001111000111110101
1000001001110100111011001011100111110101111010100101010011010110111010000100101
1110011001110010101101001110100010110111010111110101101011001101011111101000011
1110101011001000101100011000010100100101001011001000011000011001111100110110011
0110011011100010011110011110100100110111110011100011111011010001001110110101001
11001011000101011110011011000100 1011101101000011101110110001010011100000100101
00110111100101101111100001001100 0101011001000000111010011000100001011110000010
0110000110000000001110010011111010001000011100001011010100000011001110111100100
11010000110011100101100000010011 1001   001110000101111011010011111000110101000
00000110001011001001000101001000 000     01100100000011001011001101010011011010
11010100101110001110000110100001 00      00110101111011001110011001101010011110
111100000101101011010100010010001100     01100000011101111101110100011011000101
11111011011010100111010011101100 011      1010100010110001111101001110011110001
1000100111110011110100010100000010      101000100110010010110001011100100001101
10011001011001011100111110101100 0       10101010111100110000111101000111110111
101010110101001001001100001110000010     10110111111011110001110010101011101010
10001001111001111110111100101101 100     11110111110110000111111011101110100000
01111110110011001110000111011000 000      1100111101001110001001111100101111011
11010001101100101011000000100111 110      1101110111001010011100101111000000100
1111010010101110011101010100111   101     0010101010011111011010010100001111010
0001101100101010100001110000101    111    0000101101001110010111001010001100010
001111110111111100011100010110     110    0101100001101100000000110101001011110
010110011000001111001111101011     00110001001111111000111101100101011000100001
1110001001000111000101100010111000001000001110101101100101101111100110000101110
0101010001101011010001001110100111101001101011010111010110001101010110011111001
0101110011000001111110001100001011010011110110110010111001011100101110110101101
110001110101001111001101111110100101100100111101010000111100000101000010000110 
001000010010110011110110100010011101100011100011010010000111110110001001111011 
00000111010111100010100010100000000011111001000101011111000001010001101011110  