1010010111101111001000100110100100001101110100111010001101110101011000101011110
1011101101100110100010001011011100101100110010100000011011011010000011001100000
1100010010111000101100110111011011011110001110000001010001001000011110010101011
1111110111111101101110001101001101111101000111011000000011011001110011111000010
1001000110101111011000111011001100000000001111001101001101100001010001110000001
1000111100110111010011001100000000001010101100011110100011010000101010111011000
0010111010010101001110101011100100010001010111101000000100100001001100110000000
0110000100011011011101100010101011110111010110101010100000110110101010011100000
0000010110001110101010000111000001010011000000110010010001101011001000011010101
1100011010000001111100101000000100010011100001110101100100100100101011011001111
1110001011101010010001100101010000110001001001001110100111100110010010111010100
0111110011000100100001011001111 11010001100001011101001100010000100110110101101
0011101011001101100101100001001 0110011100001100110000000011101111010101101011 
11011111011000010001000110000000111110 000010100011000110110011101010001111    
 1110101101001011010000111111101 100     1111010011110110101101000010110011    
  0101100101011010100010000111100 001    000011010011011010110000000101111110  
  0011010100000111100001101101101        0101001001000010110100011110001111100 
  1100111101111100101011010101000 01     00001110100010111011010010001010110010
      010101010001100010001001011011     10011101010101100101110111100000110101
      1011001111000111010011001001       00011010101000001011101010010100010010
     001101011010010010011110110001      11011101010010111100110001101000010010
    01011011010100001101000100001011     00011001100000110110010001101111010001
    11101011011101001001011011100010     01011111111010101001111100000111010111
   10   0100011101000011101101111010      1000010100011000010100110101010011101
  100100011111110110011111000100010       0100101010101110110101010001110100000
  11111001000000100100100011000010000     0001100111001110000100110001011101110
  11000011111001110011010011010100100   010000000011100000101011000001010111101
 100100101010001011110010001101011010   101011011011011011100000111100101010101
1100101110001110010001110100100011110   101001111000010011101110000111101000001
1000001111001010110111001101111110101     1110010101101100111110010100110110100
011001010001000110101001011100101001      00011110100101100100000111010010000  