0100001010010100100111011100100011000110111110100100011110001011000111011010111
0010010110101011011001001000011111001000000010000011101011011100001001101111110
1011111100001100000101101000110110001100100000100111001011101111000101010100011
1001000101110001001011010011110101010111111000101100110011110011010011101001101
1110011000001011000010110111010010101000100  0011101010110011110111100110110111
0010101110111000101100110111100100111101000 00010100101001000011001011101110110
110111110101100111011110100011011111011000  00101100101011001101100111011010011
010101010010011100110001101101100110010000 000100010011111101101010111011110001
110111010111111001011010011110000110000110 0010100      01011111000011110011110
00111111000100000001010011101000010000011 01000           100110001111111011001
01100011101101110011010011011010000000001 001              00101011101001111010
1101101000110110110110100101100011100100 0011               1111011001101000101
101111110001101000011100011100100110000  100011             1001000000000100000
000010000010000110100111110001100001101    000              0110001111101001000
000010000110010000111000011000000100100     0101            1011000001000011110
000011001010011010010000001001110000011 011  1101           0100010110001110110
11101011001000110111001100111110101001 0010                 1111010111110110110
10000010001011001001101000100111111111 11                  00111111101000110110
0101100100110111001010000110100001011 100                  01111000001011101010
1001111101101100010010001001111110010 011                  01001111100101000110
010100001110011010101011000110010101 00111                 10000110111110100011
11110100000010100100010011100011110  01100                011110000011101000001
11011001101111110011101101000111100 00001100              000100010111101000111
0100110001010100010101111101011001   10000001             011101100011100010111
000000100000011010111001100000100         110            0110001000110110111100
1001000111001101011111100110111010                       1100100000000011001000
110001101101010111000110101001100000                     0101111110010000111100
000101110011110101100111001101010 00                     1000110110110101101011
10000110110101000110100010111010110                       000101011110010001000
11000001010111001010000001001110  1                       110011110100000100001
11001011110110000000101001111001 0         101            001110101001110001110