  10100      01011011110000111011000010111110110100100110100  00101101110011001
  111         0010111110010001110000000000110101010100110000   1001000101001100
                    1001110111100111010000010100001000110001     11101000101001
                   1011100100111001100010111110011101001110          0001010110
                   100010110010100010110001110110101101010                     
                      10111101011011011001000011000011101                      
                       100100110111111101101110010101000                       
                    1100100110101110111010101000101111                         
                    11000111100100111001010010010101                           
                     11001100011000010111101010111                             
                     01010011110101011011011101                                
                      1011100101011101101000000                                
                      101001001011011111010110011                  1           
               000100110010100101010000100111000101                00          
      1        01000110100110010001101000101110101001              011        1
   10110       110001111101111100100001001100001110011001          101110010110
1011010000     01110101001100101001110010101001101010000011111 0 11111101011100
1101111110000 11000001000011100000111101100010111000111110000001000001110110010
1010100010100001111100110100111010100110101100111010001110111011001011011011110
11111110111001  011101010101011100111110010101010001111100111011010011010000101
011100001001    100111101001110011100101001101000001101110000001     1100101101
1001010110       001001011101000011111011010100010100      1000        1     00
001001101        101001110010010110000110001101111100                         1
  110111          00010100111010111000000110111101000                         0
      01          01101111001010011101010101111010011                         1
       01       0110010     100010110001111000001                              
        1       11                     010                                     
101                                 101100                                     
1011                             11011111101                                   
00                            00001001111000100                                
00000              1110111110000010110101000011110                             