0001001011111100111110010100111111110010011010000111000101110010100110101000110
1100000001111110010001100010100000110010011000101011001000001101001001010011011
0010001010101100111110111000001001101001001111001000000110101010010101001110010
1100010010001111101011111000000111101000000011110100000010011011110000110110101
1000110111011111100010101000011100000001000111000011000000110111111111010010100
1000101001011110001110000101100010010011   000111101000011100010001110010011011
10000000000010011100111011111000000110000 0110101010010000001001111100001101110
0100010100000000010000111100000011111011  0111111             11000101010100111
1101100001001000110001101100101010010010  00000                 011001011000100
0100000010000010101101000011111000101111 000101                  10000111101101
0010100101101011100100111110101011100100 010010                   0111100010100
010101110111010100010111000101111111111  1101110                   101100110110
011010101101110001001101000111010111111 1001101                    111110001110
00101001101101101000010001011101111110  0101001                    110010110101
0101011111110110100011100111110000011     101010                   111001101110
1100010000110101100100100110010011101      0010111                 110111011100
1101011011111010100110010111111101010      0000110                 110100011011
0011001110100011110001110111111011011  00   01111                  000000101000
1100010110001111000111000011011000110 11010  00                   0110100101010
101100100011111001111101000001111001  00100                       0101100000100
001010100010001111110110100100011101 010000                       1010110111100
001010100111000000000110101110001000 010                         10100100111001
11001000111001110000100101100111011  001                         10101001010011
00011010011110000111101010110001010 0001                         00001011110101
0010011010011111101011001010110000  01101                         1101100111000
0101111110111001000101010101000110  11000                         0110010101110
000111011100001100111001011101101  1001101                        1111111101011
01101011110101101001110011000100    0010101                       0000101110001
1001110010001110100010001001110           1                       0100001001110
1001010101011100101001110010001                                   1101011110010
11011111001001100101010111000101                                  1010010010011