0100010100011100011001001010111101000010010010110000110100101100011100010010000
1111000110011101010010101111011011100111110110010100100110101001010100111101110
0101101111110011110111100001010000010110111011100000111001101001100101100110011
1100001000000010110101001010001101000001111010111110011111011101010000101001100
1001100111111011001010110011101000110010111110000001100001010100110101100000000
1010101111111011001101100100001100000111101010110011101100111000100010010101010
0100101011011101100000110101010111111100111000101101001100110101001000110011001
1110011110111100000011111110110100001111010011110011011100111001110100001010101
1101010001100000110101110010001110011010100110010010001011110100110001100101011
0000010001100101000001011000100001010010111000001011111110101001010001110011100
1000011101000000010110110010100111000110100111110101000000110101011011100001100
0100110110010100000011000100111 10000110000110001010111011000000010111011110001
00010111111100001111010010110111 0001011101100000111111111111100000110000100111
01011010110011100110000110000110 0101   010010001000110111101100011111011111100
11000100010000111100010100100000 010     01101011011000111101000110001100001   
100100111011110111100000110111011  0     000100000001111000100100110110110     
  100110101011001001100111010001         0011100011101001000100001101111010    
  0110101010100111000101001101101 01     000111101011100001110111111011110011  
  11111010010001111100111111101001 1    101000010111000100001111000001100010111
      100100110000001101000010011111     00010111000111110100111100111101101100
     010010000110101110110001000011      10111101111110001011011110101101000000
     110110100010001000111101111010      11001101111000111110011111101001001110
   010011011100001101110010010010110      0010010111001001111001110101101000100
   10110111011101100110111101000111       0011111111010100110000111000100001001
    00100000011000011011001010011100      0001001100110000010010001000000110010
 0100  10110110111110110110011100101 11  11011000110100001010111000110101000101
 10101011001001110011100010101110101   0001011100110111101011101010110011100011
111100101000101100000001000101011111   0011100101010010010010010011011101001100
011001100011001111000100001000100001    101100101111111101110010100010100111010
01111110110100010110101001110000101      11110111101110110000110100110000111110
00101011101010111110010110001001011      10110011000001111101001011000010010101