1000010001010101010101110101001000111010100000010111001111110011010000101110100
0100001011100100111010000101110100111001000001001101000110010010100000001100011
1100001101111000101100011000101000111011101111111010000000111000011010110110001
1101101101100100011011110001111011110111000000010100100100100100010000111100111
0111001111011111000001010001111010000001001101101011010110111101001001011001101
0001010110000101010000111000001011100111101010110100010000110001010100111111100
0010010111110110011100011111100011011111000010101100111010000111011011001111010
1101001110010100101010111001111101101001000011000100111001010101101100010111000
0011000100111001111000101001101111100011011111110010011001010100101111000001101
1100101000001101010100011011001001001111001110001101111100000001100101101000101
10001111010001110100001110011111001010001000011101111011010111110001101011010  
10110110110100100000000001100010101011100000000100010011101110101111000001101  
110111101000110111001001110010110101101011010111001010100000010111111111111101 
 00111101000100100111010111001 100111111001000010010001011000110110010100110101
  00000100000011011100011001001110101000111010100001011110101111001010001101001
  10  010000100100110101110010101110    100100011111101101111111101010010001101
      10110010110101111110001000 110     10110101000100101001110001100101000111
      001101000000100000100010001  11    10110111100001111100000101100010001000
     1010000000101111100100001011        11001011001110100110110011001100001110
     0001000100001100111010011001 10     01010101100110001011010100110100001111
          0010001010000010000010101      01111100110100100110101101110001101010
    00010000110101000000110110101011      1011100101010100010010000101000001111
    10010001001101110010100101011100     01110101000001110011110110001110110000
     1000110000001100010111101100101     11011010101001101100100110010001111101
     0110100011111010011110111000010      1111000001000000100010110000010111001
     01001100011101111111100110011110     001110101001110010110010010011101100 
 00 11010010100000011011111111001000      1011100101101000010101011111100111   
00110001010001010011100100010110010011   110010000101110110101111000001     110
10110000101101011111011011000001110010     0110110010101010001111111      00000
100000011001000010110000101011001001111    001011011110001011001110100100011100
001110100011010010001010100011101011100      1011011100100000110011010111010111