 10               001010110011101100000010101100100010001      1110100101011111
                   1101010011111101111100001010000110000         10111101001111
                        110011110110011010000011000111             000001111110
                       1000101100100101101100100000                    01000100
                     100101101101111110100010110                             11
                      010100111101001111101                                    
                        10110101010001011                                      
                         00111011001101000                                     
                          10100100101111001                                    
                    010111010000101111000101                                   
                   01100000010101000001110010                                  
 0                  011100010001010100110010100            10                 1
100                  0000010100111001110101000000          100             1101
00011     0101       00000011110100000000010010111101      011          1011010
110001  1011000100   1101100100011010011001010010111110011100011010110011001010
1010110111110000000100000001100011001010001010100100111011000011110001101101111
0101010111011011101110010010111111100010011010101011011011111001110011000011111
011101101  00000100111010100001010010110010011110111000011001111101101000001011
00110110    11111011101010011000100111001101010010011010    011101000  11111011
1100011      1001010001101011001111010111011011100000001         10      010010
001011        100111011100110001000110100010000111011100                  1110 
001001         11011000010          10010000        110                        
111010         01100              100110101                                    
  00101       101                10011001110                                   
     000                       000101011111000                                 
       1                      00100010000001110                                
                           1101010111000101001011                              
1110                 0101011110111001101000010011                              
1010               100010101011101011010001001                                 
     0                  10001011101101100010                                   
0011001      01           1001110100110001010                          011011  