1101000110000011011110110100011110101101011010000101101100001110100000011110001
0010111111100101101010101110111001010101101110101111110011101000110010101111101
0011011100001100111011110000101111011010000001011101001101110111111001011111100
0001000000000010000101000010010000010000011111111010110011010101010001001110100
1010110100011101011010101111110010111100110010100010111000101111100011000001111
011110110010110010001111101010001110111  01011111010100001100011100110010111001
101101011001011001100001001011001110100 110001101000110111100010111001001001010
100110001111110011010110111101111011100 011001011010010001001101110000001010110
100111100111001010110110111010110011001 110100110111110111100111000000111101110
100011010000111011011110011111010111010 1100100    1001110111111110111110101111
10001010101110100100111001011010010010111010         00110111110100111010001010
00011110111010010110010110101110000101  1010         10110011100111010111110100
10011000010011010111000100100011000011   1001        10001111011011000000101101
00010110111000011101001010000000000100 01 11011       0101000011111011010011001
11101101001100110011011001110111101000110    10       1011111110101010010100001
00000001001110001111001100001111011111                0101011110111101110101010
01011101100011001101010111011001111101                0101100100110011011010010
0111110100000000101000011011001101111 0   0           1110111111100000010100011
101010001111010010111011100101110001011110010        11000010000000110000011011
110011000111001010100110001111101111  1001010        01101110010011101010000100
110010100000011010000001110000101000       10       110000110111010100001101110
101001011000111011010001011010000100 10              11011011110111111010111000
100011111010101011010110000010110110 01              11010010011011010010101101
101101111111111011010100110010001100101              10000010000111001001111010
010101010100000010011101111110100000110              10100110011001011010111101
11010010011001011101000010111111011110110010         10101000011000000010000101
11001101011000110000101100100110011101011000         00010111011000001111100101
00010001110001101101110110000000110 1111100          10100100110010001100011111
11001000001111001101100000000000101 110000            1000111100010111100011101
0001110101011000001101100011110010  101001            1010010000110001010100001
0111111101001010101111111010011111  110010            0000001000000100111000100