01101111011100010101  11  10010110100110010001111000000011101010100000111110001
00011111100100101     1   11111000000001010111000100101110011110100000100110011
01000100001000010          0001001110011000111100001010110011101101100010110110
111011111000101100          010111111011110001110111100011111110001110111011000
11010001001011110            01            001011111110011010011011001010111010
00010111110110000            11111011100000011101110001001001111101010111100101
100000001110100000                0010101001011           010110010111100000001
010110011111100010         101011001011110010                100010010010110110
11011000111011101          10111110   00000                   01001101111001111
1010000110101101          1101111001  1101                     1100011000111011
0010101000111111          1101101011 11110                      011101101101111
0010100011111000100       0110110000 001000                     000000001111101
1010111000001000011       0000101111 10001111                    00000010010001
1100101101111111101        101011100 0010111                     00110010110101
11011010100011111            000110  11111001                    00101110111011
010010000011011               10111  01100111                    00001101000010
0110101000011                    10  1001101001 00               10010001010010
11101001000                          0110010001 11              101001010010101
0110                                   1110011                  100101100010001
                                          110                   100110110111111
                                                                000010010100000
                                                                010111000011110
10                                                              110011111100001
0110                                                            010001011101110
011111                                100                       010011110000011
010001001                           00110                        10001100101000
1000000101010101111100              0100                         00110010101010
1011000001001011000000             101001                        10001110101100
1011101101000110010111          00 11110011                      01111001011010
111101011000000111010          110 11011000                      01011011110101
001110010011101101011        1000  01111000                      00000011011100