1100010011001100110111101101101111001000010010010111000001001000101011100000101
00100110011001000001010110100011111011000101010   10010110001101101011100111101
1000110110000111101001000100000111000011111         001010001110000011101101111
000100101100110000000101010100111111011110          101000001011010110101011001
1011100100100011010111100111000101101101           1011101100111111010010011111
0010010100110001101100011010000001101               110000111100100001010111100
000001000111101101111011111000110011  01   0        011111101100000111000110001
0100000100110010101000000100100100011 010  10   01  101011001011101111100010111
1010001010011111001100001001011110000  01           101011010101001010010111010
010000001111111100100010111011100111010                111011001101010100001100
111011111000000010010001000100111101001                  1000010110011100110001
1010010000101000010100110111011011001                  00 100010010011101110011
100101111100011010011110100100111000000              01000110100101111111101110
000100001010110010111101110110110101101  00      010010001111011001101001011110
100101110001000001100000110000111000011  11      011011110101111010011011001111
11010111000011101111001101101010110110  00         1111001101011100011010100110
01110011010001101101110011001110100010               11010011110110100001001011
0111111111110110000000110001001100101                  110010000010010110101010
101111111010001000110011111100010101                     1011100111001011000100
0011000101110001101010100010001110                           100101000100101101
11101111100110000011100000101010                                   110111110001
011000110111001001100111110111                                        110111011
10100111101011000111011100011                                          11111000
01000101000011000100110011111                                        0111000001
11010011000001001111101100110                                       10011111100
110111111110101011110110101000                                    1000100000110
111101000001011111000011001100                                 1111111111000100
1100001010100010101100011010111                         1 100001111100010000011
10011010101111001101110101000111                   0101001000001100000101000011
011011011111011001100111010111001110101111101   0110101100100101110100001011100
000011111100000001101000100000110110000000111   0101110011110011001110111011110