0010100100101011100101011101010100000001101100100110100001110000100010111011000
1101001011011000110000100000110110011101000111000000101110110010110011000110110
0011100100111010111100111100111011000010010111000010111111110011001010101101000
0111101000111000   111010101000101000010111010100100011000011000110101010011101
110011100001011010 000100000101111011001110011011100111001010011001011000110001
1111110111101000010010101101100000100010001111011010111010101010111010010100010
1001010001101001000110101111101011000011   000110100       01011000100100111010
11010111011000011000000001010011100010111 1101000               111000100100100
1001000010000111110100111011000010011111  101010                  0110111000100
1001011100101011001001010000001011011111  00111                    111101110110
0110011011110110011111111110100111001000 1100100                   101101000001
0101011001110011001101001101000111110101 11111110                   01100111110
111101101011001001111000100001101110000  000001                      0001000011
100101010110011101101110101001000001101  111000                      0001010000
00001101101011111001000001010111010110   1011010                     0010101110
1001100011110100100100100101011101110    011101111                   0011010011
101011110010100110110111011110111010      00011010                   0011110101
010100000000001111111101110111111010       001110                   10011111010
10000000111010110101001000000111001010     1110                     10000010000
01010011110000011110010110100001010011      10                      11000010111
0101110101101001100110000110111000111  110                         100101100011
1000011001011001111001100110001001011 10101                        000111010101
101111010110110000100110111100000000  0101                         101001101001
001010001111010100101101000110011010  01                           011100101101
000010110001111111011110010010110100 10                            001101110100
00011111000100001010001110010111110  10                             01111100010
10110011011100101001100010010101101  00                             11110011011
00000011011111001011011100101000100  010                            10011110111
100001100010001010010101111110111     10                            11100011111
100001100001101011100111010010010                                   00110100111
00011100100011110100001001101110                                     1110111001