01100000110010100011101010011101111010011001111  001110100111110000011010001110
101110001010001100100001001010101000001011001       110101111001100010101110111
101100101101101000101111011111100110101110001      0100111101001001011010111100
001000000000010111000000010010000010010110110       010110111101001100111110111
00000000000100001011010100100111001101001111         10001000010101110111110110
100100111111011000001111000101111001011110            1111110000100010110011100
10001111101001000000101001011110001111     01          001110100111110001110111
1101001100100110111001000               00001     10   111101011010111010000010
0011110100101101011000101001000011010000101101         101001000010011000111101
000110101110110111110111010011111111110111101          010100001111001100010010
10110001011100001001101011000001001101101101             1111110111001011000110
101100010000000010010000010100110010111   0               011110011101100010010
001101100101110001101000011000000110001  11    0           01001111111100011110
111111011000101101110001000100101110101  10   111      111   000010000001101101
100000111001000110000001000010111111010  1  100000     0101      10100101100011
11010001010100100000101100111011011100  11  00101       1000    11  11000011010
10011000000101001110001011000001110010      001          0110 11111010111101100
11101011111000111000000100001101110111                    001001101100001100010
0010101101011110110100100100110000001                      00000110100011100111
1100000000100100110100111100010010101                      11011011101011011001
1101110100110000000010100111100110110                      10110110111110001110
101011100110011100001000011010                              1000110100001011111
01110000011010110010011001                                   011011010010110011
001110101001111001001010                                      11000010001110101
100000111111000101100011                                         10111111000011
10110111010001100011011101                                        0110000011000
0110100101101011110001100100                                       100011101101
110001110001010101000011010010                                     011000011101
100110111010100011000110100111100                                  110111001100
00000001100100001101001101110010001101                           11101111011100
01110101110001000111010111010100001010000110                   0011101001010000