0100010100011101011010010101101001011101001000100111001000001011011101011100011
1010000110000010111011110110001010000101000110100111001010101010110001111110011
0000110000110100001011011110111110101000111110001111011110110100000000001100001
1111011110111111001001011111111100011101000011001010100100010010010110010101001
1011110110100010100010111000110111011110110010100100011000001011111101011100111
1011101101000000101001111100000111100101110100111111100010000100010001000110111
1100101110001111001011111011110010001011010011100000111001000100100010000111101
1001111101100110010011011011001001001000111100000010110011101111000011011000101
0110010110010010001000011011010101101111010101110110111101001100111100010011011
0110100111101100100000001011101101100111110100010100110111100011010000000001101
1101100010000110100101110101010110000  1101111101110111001111010110100101111000
1100100001110100110011001010001001010   010011011100011011100001001011001010001
0100011101001000100100101011011111001  0000010010000000001010011110001110011000
011111011001001000011011001101110000    011101100001001101101011111000001000100
1111100010000001010010001100101100100   000001100010111111110000000011100111011
001110011101100111000111110101010110   1100010100010101001010111111011000101001
01111100010100110011001000011111100    1110111101010010100111001100011110100001
00100110010011111000111110011101100     000011100100111010001010100010000001100
11010111101101101110100111100001011     010010010001111110011101100110100101100
0111111000010001110100101000011100      110100110011110001000101011111001110111
1011111011010000100101001111010101       000111111111000000110010000101100101  
1100000000111010010000101100000111       011101001011010011101001101001        
0001001011110000000100010000111011101  100010100001110100000000001111011   0001
1000000100101100010101001110000000001  1100010001110100010101100011001000000111
1000111010101010100000010101000010110011011110100001011000011101000101100010110
1010000000000100000101101111011110100101101000000110100011001110000000100011111
1010100001010000010010011010000101101100111101010011010001010000001010001111010
1001100111110010101100011001111010110000011010000110111001111100111111100011111
1110110010010001000011100000100001100010100101111001010010100001111011001101100
1001000101011010000001100011000010010110011010001110011010000010000001000111110
0001111001111100001011111100010010110101111110110011101001001001011100001100001