110010011000010010011110010000011000100100111101001100110110010001010110111    
001000000011101000110000111010010101010111111111000101110111000111011100011    
100010111110110000100101000101010000010110010000001111010111100111110011000    
011000110011101001010111000110010001110010110010001100100110010001001101110    
10110100011010000000001011001001110110000001110000110100010110101100100010     
1010001001000100101000111101110001001110110001101101000010110100010111101      
1010001101111000001101001111010011001001000100111111000000110100001011000   10 
111010011111011101011010011010000001011100110111010100011010011011100010   1101
01011000110001001100111011111101001101110010001101000100010100001001110   11110
1111100111101101011111111011011111110010010111010100101111001101001100    01101
00011110011100000100101100101001111000  11011101101101100010011101000    00010 
110000110000101011111101000100010000110  001010011000001111000011101    010110 
111001011011011000101110010111110011110  11111000111110000011011011    011000  
11111011010101111000010010001111010010   0010111001111001110101011    0111011  
101111101001001010101101101001100110011  000101111001101010001011    0000100   
11111100000001000101101010010010101110   10011101000001101011000    100000    1
01010000011100000011110011011001001111   1101010001010111000010   010110     10
01111000101111010010000010111000111000    11101100001011001011    1111   01  00
0100110010011110010010011000011010011     1001110010010101111   0110   1 01 110
0111101101110100100100101001001101100     001100100101001000000111100101   0101
1100100100101011000101011110001101011      0111111    1111111101010000   010100
010100100001111100101010101101000010000 0110011110                     00000110
11100010100100001110111001000111010100  101100100011110010011000     1111100110
11001100000011011011000110110000011100010011101000111010000001    1111011000010
001100101011101110010101000111111111101001111010100       111000100000011111010
01100111101000000000011001101001011101110011010110000100100011011101110100001  
1111101000100011010100101011001001101000010110001011110000110100010000010001   
001110000011110100110101001101011110001001010101100101010011101110101010101    
10111001000010001001110101000100011001001011000011011001110011011011011101     
0101010110010110101111011111110010010101010110011111111101010111111100010      
010011011100000001010000010101111011110101000101000011101001010100110010       