0001101101010111110001001000101100100010100001010101101100100100101101100000000
0101100101100111101100001010101101111101 10001111111010001000111110000010100110
0110111000000011111010011010111101010     0  1101011110110101101011000011111110
000001010110100101011010111111100100            0100101111111000000010000111000
00010000000110011111010001000101101              100110110100110110111011100101
111001000100100100110010101001111    11         0011110011110111011001001010000
0111001101001011001110011010011101              1001110000000001100101011110101
001100000111010100010101011111100010          110011011111011011000010110111001
1011110000010011100010101110011100110          10110110010011101101011110010101
1000011011000001000011000010010110000           0110111000000101010011010111000
10100111111101010001010001110101111011          0001010111001000100111001010111
100001111110101000001101001111001000000        01000011010001100000110100101101
100111001101110001011000010011110001101 10     10100110011111101000010010110010
00110001000010010100100110110000001001  101    10001100001110111001111011010110
11111100000111110011001010101101010100  10     00001000011000001101111001110000
00011100011001001000011011100110001000  01       011110110111110101110011000111
0101101110000001101111001000000000001             11110100110100001011000001101
1100011010110100100100111011011100100              1010111111010101001110010100
1000110111101101011100011100000011101               111100001011100100111010011
1100010011010010001000010001110000111                10000101011101001101111001
010101011100100010101111100011010100                  0111011100011110100101100
0111001001100110100110011111110111                     011010001111010100000010
010001011001110011000000001001111                       10111100001111010000011
10011011111101111010110000101010                         0000000110000001110110
001001010001100100011101001011                            001011011011100111010
0001111101001100000000010011                              110101101001011001001
001101011001100110010001100100                           0011110001100101011000
1110100010111101011000110111000100                      10111111000111101111011
0001010100011100101000001001011001111000               101001110110100001011001
0000010100100100101001011001000101101000      10     00111101011001110101111111
0100111101111011001110101111101000000001   1  001110011111001111010011110011000