0010010101101101111001001000111100011011010101111001010111110010000101101110110
0100011001110110101101111010111100001111101010011100000101100110000111011001100
1000110010000010000101110010000100100110101100101010010010111001000011111111000
1011110011010010110010010110100100101111111100101000110000111010101000100011110
1110000011000011001100100111000001000111001000101110001011100000001111101011000
1100100010010100011110001100111001001001010110101001011011111111110000011100110
0110111111010100110100011010010001001100110101010110111110101000010111101011011
0010100011100000010101001101110011000100100100000110101001001011111001100000011
0100010101111111011011011001111101011010110010110110000001000110110011101010011
1101111101000001111010011001010100000001001001101001011100001101000110111101001
11011011000100000001101111001000001011   11110000001011001101000111001101011011
100110011100100011011110110000100001011  1001110110110011111100111111001001010 
011111101101001100000101000110010000011 1110011111000000110000100001000100000  
11111010000101010101111000110001001000  110110010111111001101011110011110100   
11100010001011100011110110001101110001  00110110100010100001000111100001111   0
0000111011001001100101101011010110100   1111101000111101001110110111000001   11
1110111000101101110111000010101110010    0011111110111101111001001010101       
0010011100000100101111011111000010101    111111011100000000011110001000    11  
0101100100011011100000011000000010111    10011111100111111010001001000        0
0010000010011101110000011010001101000     10011001101011100100101100       0  1
0110001101011110111011100001001101110     011101101011101011100111     000011  
111100111001000001010001011111010011110 1101001100000101110010011010 10011100  
11101001110110011010111000000100111010  0100010000111001101100100101001000001  
1011001110101011100101100000100101001000100110011111001011010110100100110001   
1101110101001111000000110100111011011111000111000010011111111111010001101000   
10101110000101100001100101010001100000101001000100110000110010100001110101    1
10101110101110100101011100101010101001110111101001110010011111101011000      10
010000110110010000001100110101101010101001001101011101101                   110
000111110111001111001101110000011001010010100010010111010          10000   0101
00000010111110100101100101111110010110110100111100001110100101011101010   10100
00000000100000101101001011101010001111101110100100111101001010111110   11011110