111111101100101100110001000001001111010111010110001010010010011001             
1000111110101110000000010111001010001011001010111110111110010111011            
00000000010101011110000111011110010010100001100111010110000110100101           
1111100100100011110110100000101100000000001010011000111100111100001            
1111000010100101000110111000001010111010001001100001001100001101100            
111100001100110010000111101101101110011010010010010000001110010100             
01000010010000001001011000101000110001101111011111100001111100000              
00111011100110010110101011010001111011100100010010111011101000010  100         
0100101100011011111101100111110110010010000111101000010110010100   0101        
000111100100100100011010110011010011100010000010000011110010011   0000011      
111111001110001001010111000011111101010 1011100000011011100101   10001011      
111100101101111111110010101000010100100  111010110101100010111  11001101       
100111110011110011110100000001110110010  11010101101101111101   00001001       
11000100000001000000100001100101111010   00001010010000001001  011011101   0   
011111010011011010111110110011001000000  1100010011011000101   1011001   0110  
10010010110101110101010010000011011111   1110011001000110010  0010100   101010 
01001100101111111011010101110011000110   0010000     1011101  011110  011111100
01111100001101100110001010000100010000    1110100110111  01     0 0  001011110 
0111111110011111001010100001101111110     11110001110001110     0110010000110  
0100111011000101100111111000100100001     111100001000101111101100101100101    
0011010010100011110000011110100011001      010011011100101000011000001100      
101010001011111101111000001111010101111 00010100010110000001100000001100       
00101100011110011001000110010111111111   110101010010111101000100010111        
101000100001010000001000110111101000010010001110001101011011011000110          
01011010101101000011011110110001100011011011010001101110010110101001           
1000100000100110111101110110000001000111111100101001011110011001010            
110110101111111000000101100111010101111111111010001110110111100011             
01111010010101010001111000101001011011001111001011100001001111001              
0100100010111010010010010000111010110111000001101100111110111110               
10010101100111010110100000010010100100011010111101101110011100                 
0110001011000101010010001110011111100111110110001001010010001                  