11011011100100011111001001100110101001111010101111110110110001101011010001111  
01001001110001010111010100001110001010101101001101110111110000010010101010110  
010100110111111101000010110011001110010111011110101000100011011101101110110101 
110001111010010111110010000001000001100011000101000101011011011001011101101100 
00010100000110010011110011111111011010101011011011100000111011001101001101110  
0101101001011101101010100011100111010100001110001001011011100111001000110111   
1011100101101001100011000010000001000101000000001101111111100011010011111010   
001111001100011100000100010110001010011111110010101110101011001101100001100   0
10010010000001001100101011010100111010000010011001101110011110000100110010   01
0001111101101010010001111101010010010101100110000100010011000111111110010    01
01100101001100000011101110101111010011   0110110111111010100000001110111    001
110011011011110110110101110000010010010  110011011100101101001000011011    0000
000001011111110110110001010101100111101 011100010101010100000111110100    00101
11000010000000010100111010110110101010   1111110011010101001100101110    100000
00001111110111000011001001101010010110   100010100111001100100111010    011001 
11110110110000001011000011001110101001  001001110101011010101111011   10100    
01101011011110111010000101001011110110   1001110110110001101001100   00100    0
1010111111010010111100110010111101000    11010011100001000011000    11011  00 1
0111110001110100001111100100011111110     111101011110111010011    00      01 0
1111110001101110100100001011001101111     10001101111011101100000011  0010    0
0101011001100100001001000001101001111     0011101101101011110100001000011    10
000100010100000111111101010100110001001 10000001100000110101010000111000   0001
11101100111000000100011000111101000010  010010110110   11000001001101     00011
0000000001111000101111101111110111011010111101011001                    0000001
0111111001101001000100010110110100010010111110111111000100001111001    00100011
0011001100110100010010111001011111000101001010011011010100010000    01100100101
000101111000000011110011111100000001110001110101011110          110011001100011
110110001010110100100011110000100001110011100101111100   101010010011010111000 
10110011000001010101100111001101000100011010000110001011101001110010000010101  
1011001001111110111100111101101000100011110011111010100110100000111101000001   
111111101110001001111110001001100001000000110111010110111000010101101111111    