0010010111000101100101000100110000111101110100111  1000011000111110101111011111
1000010011100100011010101100001110000010011101      010000110100001100100101001
000001101001000110111011000001100101000010100       101010010010001010011010110
01001100101110101000010101110010110000110011        011001100000110010000110111
0010110110111011110010001110111010111001111          11100011001111101101100110
111110010000100110111110101110001011001              01010100010110101010001100
0011011001010011010011101001101         010           0100000001011111001010011
11011011000010111100001111010110001110110000          0110000010111011010101110
10000111000110101011110101101111001011111000          1111100101100110111101101
1001000000100001111111001010000000110101101            000100100011101000110000
1101010000010010000110011100001001110111100             01001001011000011111011
000101000111111110100100110011110000001                   011001001010101100001
110111000100001100011001101101110100100                01    100011111100100100
111010110001111101101011000011011100110  01  10      1101001    111001000110010
111100100010110010110111111010010100100  00  00      10110       00111110011111
00000010101110111010100011001110101111   0110          001100100100100110010010
11010101000000001101010100001001001000   0010          011101001000101010111011
00000110101110100000110100111011100011    1             01111010000101001010100
1110000000101001100110001111011000110                    1110000010110101011100
0001110110000000111110011101100010101                     011110111010010110000
0101110011011001101110011101111                              001110101101100001
11110111111000111100110101                                      111110011011000
110100101001100100101011                                         01011101100110
100000000111010000010011                                           110101010010
110110101011111101011000                                            11110010011
1100000010101001000000000                                            1110110110
110000100000011111100000100                                         01001010010
1101110011001000001010111010011                                    010100101110
0110111000000000000001101010111110                                1110001110110
110001010101101111001011110100001110100                      001011000011001111
00110101010000001110101000010010110011111001               01110100010111110110