1000011000010100011100001011000010011110100110111001110101000000001111011001111
0101000001000100000110000110010001111101010111101111011100110010011001111011110
0011011000010010111000001101001010001011111010001001111010100000000110010000101
0111111111011011  0011011101000011010111010010010111011001100101111110110000111
1001001101000100  1100110110101110000010100111010010000001110001011110101001110
1000011100011110000001010101001000110100111000100010100001000111011001011100100
1100110110010101110110010011100110001100   101100101       00001110010111010100
01000000100100110111010101111010000000000 0011010               000011000111000
1111001101011001110010000100101001111011  000001                  0111010110110
0110111100111011100011111100000001011110  10100                    000111100010
1101001111010000111110011111000001011001  11010                    000001001111
0011110111110010100111010000010010111110 10110110                   01110101001
1010000010100010001011100110110110111100 001010                      0111101110
101011011001001011011000000000111000100  101001                      1110000011
000011000010010011011010101000011010001  0001101                     1101111001
1000111010010000011000011000111011111    101011001                   1100101000
1111111110100100101000111001111011010     00001000                   0000010111
101111011101100100110001001111101100       010100                   10101110110
00010101010011011100110100010100110010     1101                     10101101101
11110100011010111101110010110000001010      11                      00011010100
1110000101010101011010010011101100111  00   10                     000100100000
0011000001101000001100010111010111111 1101                         011110101010
0100101001001010110000110101010000111 11011                        110110001011
100000001011111001010011101111000001  10                           001000010000
010010100101101100110011110001001001 11                            001101010110
11101011010010000000101111001110011  00                             10111111111
00111011011001000010110011111101001  01                             11111001010
01001000111000111010011011001101000  11                             11000101001
110001010011100111001101111001101     0                             11110011111
111110011101100101010001111110000                                   10001001001
10101101101111000101101110011100                                     1001111010