1100010010111011010100101110101111011101100110110110010111010010110111111111001
11001000000010001110010001000011010000  000010100011101000010110100110111101001
1000010101010000110100011000101100001      011000001010010111100101010111001001
1000101100110101011100101110100101000000       01000101000011110100101110100000
110000111111000000011000010011110101010              11001010010000001111001111
01010110011100111100100011010111101              101010110101110001110110111010
11011010111110100110110110000101011              111110110000001011110111100110
0100100101110000111110011011001001  001        01001111001110100110110110001100
011101101011100111011101000000000                101010100001011011001011101111
00001100111111010111100011001001010111          1010101101001001110010000100111
00111000111101010000111010011111001011          1010100100000110010010001011110
100011010010001111100000011010010100101         0100010111110000101010011001100
011011110000001111000110000111111100001 01      1110101010110100110101111111011
00110100111101110100101011101000010100  000     0010010011110100011101010011101
01011010101111101101011110100000101101  00      0111010000100011110110111101011
11010101010100000111010101000010111111  00        10111101111101001001110111101
00100110001101011001011101111100110100              111111101110110000011111101
0110100110000001111100101010100110011               000011010000110001001000101
1011010101111101010011111011010010110                 1010000000101101010111100
1001001001011000010001000110011100011                  100001101111000000110110
110111011010001010011100110011111100                    10010100001100011000010
11000111111011110000001011011110001                       100001010101011000011
0100010011010011000011011001001111                         00101110010111110001
00100111010011011111001101100101                            1101010001011011001
0011100100101000000000001100100                              000000000001100101
111101101100100110001010010100                               001011011100000000
01011101000011000010101011111110                             111010010000010011
001111011111101000111011000110011101110                    0  01111111000010110
1101000011010010001011101101001101010010  00  010100110110100001011000000001101
1100000010011101011111100010000001000101  00  101001010111001000010010010010110
00111011010100011000110000001110110001111  11  10110001001001101110100001011101