1011110101001011011110011011000101111111000111011110101011011001010010010000101
1100000001101100011001010101110100111110010011100111110010000011001001101011110
0110011101111010101110111010111010000010111010111000101000011111000100000101001
0010010010000111101100101101011111011100010001111110011011010011111101110100010
10000000100100   10001010111001100000011001001110110100111001111101001010011101
1111100001100111110111011111100100101001101101011100110111101101010011110110010
01010110010011000000110101101011000010111  00101101        00110101111001000011
10101000010100110100001101110110001010010  00011                011110100001111
01111101011000111111110100011110100101000 10010                   1000000101110
1001110011110110011001111111000111000010  10100                    001101100000
0110100110111011101000110100111110101100  00011                    100001111111
1010010010001000010100100100010000001101 0010011                    11000110011
0101110110001111101110101100111110000100 001110                     01010011011
110100010001000110110100011110111011110  000110                      1001100101
111100001101101001000101000111100010100  110010                      1010100101
01000110010111111010001000001101011111   111011111                   1000110000
1001000011111011010001000101011101001   0101001011                   1011010000
111010110111011000000010111000011000    0 1000000                   01000100000
110010011101111111011011101011110111       1010                     01001110000
0000111101111001001101101011010111100      111                      10001000010
0111011110011110100011101000010100101      00                      000010111001
0110001100001011001000011110001100110 110                          001110011001
0101101000111001010011010111100111011 111                          100100001100
011111110010000101100101101000010001  00                           000001000111
011110011011001101100000111011111111                               111101100011
101101111101110101100101111101000011                                01100011000
01101001000011011101101111000101100                                 01010001100
01110001110110100111111000100111000   0                             11100110110
101001000100100000111010011110001                                   00011001001
100010111101111010001001110100111                                   10000010011
11000101101110011100110001101110                                     1100001001