1010111110001110010100110000111110000110001101000100111110110011111101111001010
0101001100010011011010110010011011101110010111001101011010010010010100111100101
0000010101111011101101010111111110010011100101111100010100110011101110110101001
1110101001000110011101000001110101011000001100100110001010010111111101010010110
0000000110011011110000110000000010111100110110111110100001100011011001100100111
1100011101011110111101110001100101111111101010110111111111000110101001001100100
011110101000111   00000101100110000110001001101111         01000111111000110010
101100101111110  00000110001001111000110   00100               1011010000010101
0000000011100001110110100110100010101111   111                   00000110100001
0011110100011100000011111001110101000010  1000                    0010010011101
1001111111011101100011110110100010010100  0011                     111011100101
0100010110001010111100001111111100001000  100000                   111010111101
1110100110010010001101010010001000100110 100011                     01000001110
1001011001100101111011011111111000010011 101010                     00111111001
000011000000001111100001110100110111110  000111                     11110001100
100110001110000000101111010010001100010  01001010                   01001010100
1110110110101110101110011011001   01110  10101001                   11000111011
000110110100110001011010011100    01 10  11110100                   00011000010
0011011000101001111000101001001         0100001                    010010111001
001010001000011011010111001001111       101010                     010001110000
00000011000100000000110100101101101    010111                      001000100100
110101111111110001111111101111010100     1001                     1101000111111
1010010100100111010100000000000111                                 111011001110
011011110010100010000110111010000                                  001011000100
010110010100011111111111010110000                                  110101101100
011101110100000001101101100001000                                  010000011011
110101101010101110010111010111110                                   11100111011
000111100011111110001101111010000                                   00111010100
1111101010000010011111001111111011                                  00010111011
0110100101111101000000000001011000                                  00001100101
100101000011010100110010010111110                                   11110000111