0100100101101000011110011100110011110011100101000111000010000100001101000111001
0101111010101100001011000100111001001001110010111100110000000101001001000001100
1101101011100101101000010100110011101111110000001100100111100111101110110111100
1111111110001110100001000101001011000111000111010100001110001001110111011011010
0011110001111001010100011101100111001100011011001010111101010100101110001110110
1011000001110011011010101000011111011010101011011001101111111100011010011010011
1111011011000101101010001111110100001101111010000110000111001000001010010000011
0101011100000100000001001000010101110010010101110001101111111011010010100000101
0100100101011111011001011000001101101000111000011110101001001111011011111010001
0011000001010110111010100101101001111010011100110001000101101010111110010001100
1101101110111110110010001001011011101001000110000101000101001001111001101011111
0001000100110111110101001010001011010011011101101010001000011001110111100101110
1110001001110110000000110011101001100000000100010000010000001000100100010010110
0010101010100101010001111010111110100011101010011101110111100010001011000100001
1011011000011110001011001111101010100011001011001110001010111100010111000011001
1011100010100101001110010001111011111001001010011010101110001010101100001100010
0010111110101101111100011001111001000101011110010101110010010101011110101001001
01101000111100001011110111011100010000111010  100110000011000110100001110101000
0010001111001011110011001000100110000              0100001110000111100011010010
11001111010000101010010011011010011                 101101111100100111011000011
0101111111100001111100000011101101                  110000011011001111111110011
1100110001000011010110001010111100                   10000111011000000000101001
0011101000000000101101011010111001                   10111111111101011000001111
0000111011110100101001101010110001                  011001101010111101001000011
0101100001110100110100010101001011                  110000010110111101011100011
001010101011001001001111100011010100               1110000011011110001010010111
001011011110001111110011111001111000110           01111010000001010011001011110
0001100111001010101111010001000001000110010111110111101011101111011101101101011
0101101011011011011110011000111111110110100101001011100101000110001001111111101
1100111111010100000000101101000000110110100011011001000010000001110110101111001
1101101000001101011011111001110011000101111101100101010001110101011011101110110