0000100111110101000010110011110101110000110000101110111100101100101000111010000
1111110011110011010110011010001100110001110101100101  0010000101110000111110010
100010000111111111010111111011110010110100010000         1001101011010111001000
001101100110110101001110111110001010000010111001          101001001011111110111
1111101111110010000000100101001111011001011000100          00100010000001100110
11101001100100100001001010010111010000010000101110          1010000100110010101
0010010010011100010101101001110101111000010110000              0110110100110001
1001101001101000111100001010011011000110011011010         1  1   00011110100101
1000001001000000000100111100110100110011010110000        000  00  1110000011000
0010001100101110101000100010010110110010110111001 101         0100  00000001000
000011011000001110100110011001001011011  1100101  110          1111 10111010001
110001100001101101010101001100101000111   101000  00             00  0011000100
001101001100001100101110110101111010101  100100  011             0   0001110000
10110111001110101100010101110111001011   111010  000   01      1001001100101011
111111101010010110000101000110010111011  110010       001      1010010001101001
11111011101100110100100000011001001100   00011111    10010      111100100001001
10101001110100101000001110101101100010   11011001  110100       001110001101011
00100000001011011010100010111101011111    00001   10100          11011011010110
0101001001101110001111000010100010001     110   10110            01110010101100
1010001100010011000111000110000110001         001000             01110101111010
0110001101101000110000010100111101100       10011101              0010010010010
011110111001011101111110010001110001011 10011110001               1111011001011
01011001011001101101001010111100011010  1110110000                0010111000101
11100011110110010000101000010000001010110010111010                 111001001001
0100000101010000101000110000100001110100001010011                  011101000010
0111110011100110010001010111111101000100110111011                   11101001111
1111101000101110111011101000100110101110100111010                    0111101111
0111111011010111101010010001111101100010111111110                    0110010010
1000011001100000100100010001111010001010000111111                      11011100
01000011100110111101001100010100111010010000011000                      1001111
01101010101001110010011101110001000110110111011010                      1001110