011001001100001000011001101001111001100010110110110011100110000             011
111100011101010111101011101100000001011110100101101010001011111              11
110001010111111111110000101110011100100011011101101100001000111011            1
10100111111000111011100111110011010111011000001111111111011100011             0
1100110000110011111000000000000101101010101001011000111011111111              1
0100101101110010011001011000111000001000010101010100101101000011              0
111000011110001110110101000100101000000110111101110100111001110                
10110100010011001110100101000101110110011000010010101000000111   00            
11100101110100010010110000101000101110010101110001110010011011  0001           
1010111001110011100101011100100100111100000011010011111010010   0101001        
100110110000000110110110011000010100111  1110101010000100100   10000001        
111110011011001101001011000011001001111  0000010111100100101  01000101         
000101111010001100110110101111001100000  100010001101001101   00000101         
01010010110110001010000111100110101000   001010111011101011  000101001         
111110111100001101100000101001101101110  010011110000000001  1111011   101     
01110010011111010111001001110011101100   101111110010010001  110101   11110    
11011110101100011110110000101000100101   00000011000100 010   1000  001010     
0100100111010010000111010101100100100     01011000111011110    0101001010      
0101000101000001101101011111100011111     010111110001000110  1000000100       
1010000011001101111100010111001101011     10010100110110010000110001100        
0100011111111100011000010010010010000      110010111111100111101001101         
010010101001011100110111110101010100010 01101101111001110011111000100          
01001001010010010101100000010101000110   100110001000010011001101110           
101101111111000101011111001101111001111100110111111010000111101011             
00101011100101000110000110011100101001110000111001000011111100111              
0001011111010010010111000111010100110101010001111101011011110010               
110010011111001110101010111001010111001001011000001000011001100                
10111100010001001000001011100010011100101011010101000000001110                 
000100000101000100001110000100100001100011101000110000100010                   
00101011111001110010101010010110001001001111010011110101100                    
1110000001111110110010101010000101110111100011001011000110                     