1100001010100110001010001011100001110000110100000010110001010100000111010100111
0101010110110110010101010011010010111001111111111111101110110101010100011010000
1011111111011011010100100110010100111011011100010111100001001001101011000110001
1111111001001100110010001000101001100110001001011000001100010000101000010101101
1111101110010101011001101010011001000100110011111000111100100001010111010101011
0101001001100011110100001011010110000110110111011110010100111110111010110111000
10000011010001000110110101110100000111000100101111         01011111100000011010
01110001000001010011011111100101110010010100001                1010001110000011
0111000101000001001  1001001110000011010   111                   01100010001100
0100111000110010000  0001000100000100001  101                    00101110010001
1011110111100000010100011010110011110100  0000                    1001101010010
1010000100100010001001011100101011011111 101100                    101001110011
0011100100011011101011110100100100000000 10001                     000111010111
0010111110111010001101101100110011101000 101010                     00100000100
100011000111010101001111000110011010011  011110                     00100011011
1110010110010001000111101100 1110010101  1101010                    10001011011
111101101110001000110001101  01  100110  10110101                   01110110100
110101100101001101001000000       0001   01111101                  011111000011
000100011111011101100001010       0000  0011010                    011110101101
110001011110010110011110110110     101  000011                     110110111101
00100011001111111010011110001101        00111                     1011111111110
0110001110001001000100000001110        010                        0110010011111
100001001000001000011011100110         11                         0101101101111
01100000100001101111110110101                                      100011000110
11000111100011010010100011111                                      110011110011
01011000111011011111001001110                                      110011110111
011111001001101101011111110100                                     110001001000
011001100011110111011010000001                                      11100101001
1101100000010010111010011000011           10                        00111001100
0001010101110101101100011010110          0011                       11000001011
000001110110011110000111000001110       10010                       10010101111