1111100111100010001100010100101101001100001101010010011101000100110011000101010
1011001011101011100111111111011100101110011010100000011110011011000000000111100
1001000000001011000110011011000100110000110101100110001100100011000101000000111
1001100011001010010010010100011001010000110001110010011011111000000001011001101
0100001101100101011110001110111100111010011000011001000101101111111111100000011
0101101011100010110100110001010111111101001010111001001011101100010011011011011
1100010100001101011010001011111100011100111100111110100000001100000100110010011
1011001101110110000100010111101101010101111000100000111011010010100100001001000
1000011001110100000010011010111100011101001110000011110011000100110101001101010
0011101100000001101100011101001010000001011011100111111111000000111010110110011
0000101011000100011111000010111011100000011000000110010110000111010111011001101
1000100011001101110000100010000011001101110100001101000100000001011110000110110
0000100011011111100100110101000001010000001010100001011111100101001100000011011
1011110010110101000001001111011100100111010111011011110001011101110101101011010
0001011011010100111001000111000111010010110010111010010011100110000101011001011
1011001011110101010001101010111111111100001100111100101000001000011101101011011
0101110000000111111010101111100001010110     1000101110011001000110011011010100
0101010100110001101100101110010001111           1 00010101101011110001010100101
011111010100000100000111101100010010               1101111110000100100000010000
00111010011001100100101100000110001                 110111110010100111101110001
0110100100101000111010010101101001                   10110110001111000011111000
1001101010001010110111010001011110                    1010111000011000010100101
110100101000011111000001001000100                     0110100000001010101100101
1101010011110001000011000000111101                   10100011001000001101111111
000010010110001000100011011011001001               0001101101001001010101100010
01000111001001000001100011001000010000          1100001100011011100111111111111
00001111000001111001100000000101011000100   01111110000001011100001011011001010
1100001110001010010111000011100011101001010100101001001000101101100110000001001
0110101111000110110111100001011110000001100010101001100101010111110100000110001
1000000110000101111110011001111000001110100100101111100010110010110001001101111
0100111010100001100100110000010111000010010110111100111111110111100101110100100