0001001010010101101110110001101001010000001001101110101110101100000000010111000
0000100001100111001100100101010100110001000010111100010110100011000011011010000
1001100001110001100011101100000001001000011111110111011111010011000111011010011
0101111101000000110000001000001110111110101101010000010000010011010011110100101
1000110010110100100000101100010011000110000101101000100000100110110101111111100
0110011000111101110111110001110101110110110100000010011001010010111001101011110
01000101000100101010010000010000110110011000111010         11110100110010010001
11010001011001110011001000000100010000001000001                0110111001010000
11000101001101100111111011000110101111   11011                  111100111001100
00111010101011010001011011010000111101   101                     00001111101001
01111100101110100110101   111001111011  11000                     0001001010001
11010001011010110100001100111100100111  1011011                    010110000011
01011111101111100110110011110100110011  001000                     101100110011
00101011010010110100111100111000001010  010001                     010111010001
11011001111010000100000101010101011011  101110                     101001101011
1100001110011001100 011011111000101010  001010001                  011110001010
1001101100111011011  000 1110101101000  001101100                  100000010010
0101110001111101111        01111001101  01010011                   000010111101
10100101011000000011001     001100100   1101100                    010000100111
 11101000100001011001111100     00010  0111010                    1100110001100
  0101101010100010011010010      1011  11  0                      0100001000111
  00001001011101111001000         110                             1110010110011
 1000111101111100011001            11                             0101110110010
 0000110101001001000101                                           0111110000101
 1111011000111111001011                                           0001001111111
01001000011110010001110                 00                        0000111011001
10000100110100011111110                011                         110100111010
11001010000000000101000               11000                        010001110110
001011111010101000101001             1100100                       101000110101
1011111101000111110011100            01011100                      000111110010
0011010010001010100100101110     10  00111110                      100101001011