0111011111110001011110001110011011111101011110111000010011110011101000100101010
0100010111110010100110111011001011001000110001011010000111110110101101001010001
0000111110111000100101100110101001010001110010011100101110011101110100010101111
0000110011111001011101011001101010100101110110000110111010000111110101101111101
0101011001101101100100001101111000101011001011000111000010000001111010110100011
1011010111000110110001101011001011000000110011010101111101101110101111111100101
1100111100101000001111011111010011010010011001011011110111001101101010001000101
1001001101010100000101        0001011101100100001011110001000110010000010010111
0110010010100101010011         010001111100001001111100111010100010101110001111
01000101010000110101000         11111101110111000110101010010100111101111000011
001101110111011010010100      1010100110010110100010011110001110011001101110110
010000110100011011000110    110100011100010110001101000000011100110101000010100
11111011000111010001101     110101101100011010000100000111110010101110000110011
001111010001000111100        101010101010110101111     100110110100000010100011
110000011111111100100        100100100101011000000      0   1110111110101001101
1110101010010101010100      0001101100100001010100           010111011110111011
0100110101010000011100      1011011110111    011            110110   1101111011
110111110111110111001       01001110010001                01000       100110111
100111100110110000001      100110011111100001111          01   1110110001011101
11001111110100001001       1110000101101100111010111       11100001010111110100
0010100101010011101          001100101011001000100101      11111100011111000101
0011111101101010000          0011011111111011111110010     10111011011000000100
1110110000111111011           0001110000010101100010110     0100110111011011010
1001000000101010100           1101000100100000001111000     1000101011100100100
0011111001001010010            01100010110100000001000      0100110001110111111
101010100011111101             1000000001111000100010        100000001010111000
100000111001101001             1101101101011100101001        011001100001101100
111011011100110001             001010100101011101110         011111011001000101
101001011101111101              00101111100001110101         001011101011111101
11000100010000100               0011111010000000101           00100011100010110
01000000101111000               111001111101001011011100   00111101100000111000