1111110011111010000110001011010111011011001101111010111011110101011010010010101
0011100010110101010001010111001101011110001001001001001101011001010000000010011
1001110001101010001110000010110101010101100100001111110100001000001011011111110
0100011000101000100010110000101001000011010011011110011011111100000110111000010
1101010110100010110101101001001100111011111001010101110011111010011000111010011
0110101001110010001011111010101010001001000100100111001000011111000011101011100
11011100001001100000        000001000000010010001110011000111010100001000101100
10011110000011110101         11111001001100000000001001101000001111010111110001
0111110011101001000110        1101011001100111100000011101010110010111010100001
0111110111000011000110       11100101011010000111001001111010101111000001110110
11100111000101001110111     010010010111011100001001010110101011111111111010101
0100110001100101100110     1011111100010111001000011000010110000111110000011010
010110001010000110000      0000010010000110010101000101001010001010010101101100
01111011011101101011       0111100010000111011100111001010111000001001111101011
10111101111100110001         01100111010110101010111100000110101001110101010101
111101000010110010000         0001101000000111100011001110100000001010110010101
111000011011110010100         1000011110100111010000111111000100001100110101101
01111011101110101000         01111100000010101110110101011110100001111100100111
11011110011111111111        010100110000100011110100110101100000011011110101111
1010000100011100100         100100011111001000001101000101011000001110110010111
0101111010011111101         011101011111001111101100010010010011101100010101100
101011010110000011           00001100000010011001000000111101010001111110011111
100011100101110110           00000010011101000100100010100110111110111110101010
011111101000011101            1110001101011001011110101100110000001110110100001
11110010111011110             1010111110100000110101010110011010101001110010001
11000111101000100              000100001110000010001111001111011111111000001111
11000000111000111              110101000001110101100100110001110110110100101100
11000000000100111              001110000110001001100010011010010110010100000000
0000110001000000               0010100011101000111011110101001011100       0110
1100001111101000                11111111101010010011101001000110001        1111
0010000110000001                00010001111100110011010110011111011       00111