1110101001110100000001000111101001110100101000100101100001101110000010001100001
1010111011111100100010011010010001000101110101110010000001110011111000101111110
1111100100111111010111100000101010110001111111101101111111101100000010111110010
0011001111101101111001111011100000011001101011100110111100100110111010100100110
1111110101001011000010100000111011001110010101000111111101100011110101111111010
0110000101011100000110100000100000000001010000111000110000001110111011000100111
1011011011010011001000110110101011011100010010001101010000110000010011111011000
0111001110001001101001        0000100110110111001001100010011011000111100111100
010101111010000010010         1110110110110111000011010101110011011010110001101
10010001011011101100000        111000111000101100101010010100011011011000001001
001101011000111111111101      1010100111000000010111001011110011100111000111111
101011011001010000110111    110111001100001000010000110111000100110110100100000
11010111000100001111010     001010010101011000111000111100110110100100001001110
000001111101110000001        100000001100100001110     100011000001001110111001
11001010001110111001        0011000111011100101000     11   0100001111111001000
1101001100100111001101      11101110010101000100000          000101110100100111
0011110100010111000100      11111010011     1101           01001001 10011110011
011001001100010110110       11001100010100                01010        00001111
10101010100100001011       11100000110000100110           01    000111111001001
11111001011000101001        001011100111110100000111       10100011010100111111
1110110001011011000         0111101111100011011010011      01100001101101111010
1101111001100100001          0010000000001111011000000     00101110010101000001
0001111101010001010           0001000111011010000110000     0111011010010010111
0010110001001111110           1001001111001011000111110     0000011010110010100
0011010000001110010            00000101001000000001110      1000010011010111110
010110111010011101             1010100100010111111010        001111100111001110
110010010100101010             1101010010001011100100        101010000100101001
111000101100011000             0011000111101001010101        110111011011011011
011101010110110000              1011110101001011110          011000111010100010
100011011011001010              0100111010000100010           11010110001000101
11111100001001011               110010010001011000011101   11101110101010010111