1000100111010110111101000010000110000101001011101011010111101100100100110110100
0000111001011110001110111101001110010010111100010101011100111110111110110110100
0100000100000011011111011011011000100010110000100111010001000001110010000000100
0100100001101110111100111110000010000100111011011110111010101010111000001110000
1000110100011101100001001010111110001000001001100010011011110111011100010101000
0100001010101111101101011001011011011011000011011001011110001011000100011110100
0001100000110100001011110100010011111110110001011100100100001110001001101100111
01110101010010010010110        010101010000110010110000010100011010101011111010
10010010011011011011001        100000111110010000100101111010110001011101010110
110001001101011010101111        01011011011011111011000001110011111000101100111
0001100000111100001001010     1110001000010010011000001101001101110111100111010
1001000110110000101000101    10100010101010011111101011110000000111111100110100
001110111011110100100010     11000111000010111001011010010100100011011011110100
1000011000011100010111        1111100111011010000101111100100011000011111110010
1010111111010000000001       11100011111000110011101001111000011111011110110111
001010000110001101100010     11010011101010010110110000001111001001010100100001
11101001101111001100111       1111110000110000000100000000010110010101111001110
1110111011010011111110       10111010111111010001010010100111101111001000001110
1110101110000100010011       11010000110001100000110000101100001111011110110111
0000101100111001110110        1010011111000011010110101000010101011010111111000
110110110100011011111         0010011001101111111001110010110001010100010000110
001000100101111011000          011100111010111000000011101110100000111001101111
111011000101011010011          010001000011110111001110001011001110111011001000
01100001100111111100            10010011001010100100001010101101100000111100010
01101000010110011010            10101010000110001000001111011111000110001010001
00001111101011001001            01001010100110101011011111000111110111001001010
00111111110001011110            11111011110000010011110010101001110111110100011
0001111101110000100              1001111000000011001011100111111001000100001011
1110100010110011110              0000101001111110000100111101111101101111101111
0011110000101111001              0001101111100110011110010010001111011101000111
1010100101010111011               010100111110110001100111100010010010000000000