1001110101100101011100001101110111100000110100000001010110011001110100100000001
0000110000100110011000001010011000110101010010000101000010101111111100110110011
0100100001011111101000011010000110010001001000110001100010110101010010010011111
0100001001010101110111110000010101110000001110001011110100110111101011001100100
1000110011001001000110001001010000110011001101011000100000100100111100110010111
1011001110010111100010110110101011000011010001010011111000001110011010101001100
0100101011011111011110010011110100001100011111100000101011010000001000111000100
1011101110110110111101001011100011010011000110111001111011100111011001111110110
0010100111000011100001100110001000000100010101000001110000111001110000001111111
11100110000001011011111100111001011 0111001011011110101010010011011110001010001
011010001011101101101000001010011     01011011011010111110110011110101001000000
11100011111010100110101111111100011  111100100100010001101011010100000111000111
0101001101101000011100001111110011   110111000111001100111110101011001111100011
010100111000101001011001011100000    010000110101001011111100010110001001100111
1110100110111010111100100000000110    11111110110011110100101010101011000101101
100110011101111111100111000011001     10111110101000100110011111001111011111000
011100110111011000110011111101111    010111011001101001001000000100101010101000
11001111101110101010010010100101     010110011010111001001000100110101001100001
00000011000100010110001100110010      10110000110001111110011101011000110111111
0000101111101000101100110101011       01011011111000000001111011001111101111001
0101100100111000000111101100101       01110000111101000101110110000011001110001
1001011110001111010000011011000       00101010110100011101001101001011000011100
0011001110000000110001010000110        1100010011011101010101100010011010011010
1110111110001000010110111111011        1010011100101001011101010110111001100100
1000111000001101011000011000101011   101001110110110111100001100010111100110000
11110000110110111110001110101000000  110100110110101101010001011110000101101001
00010110010111011100100001001100  1  110100111111011001101011001011000000111111
0100111100000100000011010011010111011101010101101000000111011001010010000101010
0010001110111011001011110100010011100100101110111011111000100111001101010000011
0110001001100100110110000101001111101001100111011011001011100100010111100001010
1110100010001111110010101010001011000110010001111000000110010011101010000011011