0010000010001010101110100010000110100010010001101101010011111100011000100000010
1000010101011100001101010010110001001000101010011100100011011101100110000011110
0100001100001011000101100110001110111011111000000110111010100110010000011010100
1001110100111010110100111001110101101100010010101100011000000111000111110010010
1011100101101001101111000010010100111110100001010000100110100100011011001011010
1010111001110110110000100100001000010011101111100001011011111110101111110011111
110010110100001110100 0     011001000000010100000011011001010000100010000011011
101001000000010000010        01111000101110010011001001000010111001101011111111
010111011011101101111         1111101110101111011011001110010111100001011001111
1010101100100001011101        1111011101010010010010000011110010110001001110011
010110011100110110000001     10000110111011001001000011110000010010100101011001
011111111011000011001101   1110001000101100101110111000011010100101000101001100
1111000111100110110101     1001111111000011101110111010101100111001000100000110
110001001001101101010       111010100110011010111011010000101100110100001100100
10100100011100000000        000001010010100111101000000110011001110011010011000
0100011111101000001110       01111101111100100010111010100011101100000001001101
1011111101010111100100        1001001101011010110000000000001100101000110110000
011101011111000100111        10010100001100001010100110011101000100011010101101
11000001000101100000       0011000110001110000101001001001000100101101111101010
01011111000010110010        100000101111001100000101000110100101101101001011001
00101101110011111000         10001011100111101010010001110111010000111001101101
1000001001011001011          01100000001111100001100110010011011011010011001000
0000001000000111100           0001001000110010011100111111101101010001110011001
0110101001000010111           1111000000111001101000000011101001001010110000011
011101000101010100            0111111100101100010100101110110101010010011011101
111111111101111011             101001100011111001000000110111110101110011010111
000010000010000110             111110101100100110010101011001010001001000110100
011001111010100111             000010111010001010110010011011101010001000110101
011010110010111101             000010010100110011010100111001011110100010111011
01101101100010010               00000010111110000100011000011010000000111010111
00111101010001010               10110001001111100111111110111010110001011011110