1010010111110000100111010110101011111010110010001011100110010111110001011100111
1101011011010010101110101110111101011100011110011010011101000001011010011101111
1101010011010011111011011000101110001000000100101101011000001011011100100011010
0111001110010111101001010101011011011111111000010000111010111100011001111100111
1101111101101101000111110111001101100011100101001000100111101000110111100001111
1100001011000010111000111010010101100111010110010110001011011000010100001100000
0101100001010111100101100111101100011100000100101110010100101100110100100001000
0101001010011111111111101011110001111100111100111001011110101010001010111101010
1110100100011011001011011101100111001010001011011101101110111001001100000001100
1111101101000000110110101001111010011110101110010111001001000011000100110010101
10000000101001101101111101011100110    0001101100001010101111010011010110100001
000100000111110111000000011100011010   0001001010000001110011010001111110101010
011101100101111011111110010100110100  01111001010110011100111011111001100000101
1010010100001001010001011011011110    00001111111000010000111000101111001111111
01101000110000110110111011110011110    0100110101110000110100001100010110110111
11001100000111100111000100100111001    1011001110111011010100001100100001001000
0010010001100010010001011010101100    00100100011110001110001110011010110110101
1001111101101000110011110101000011    10011011111111010110011111000111101010010
110010001010101000001011111101111      0101101110101000111001100111000100101101
011000100001000001010110101001011      1110000111011111000100100111111011101111
101111000010001010011010110101110      0111000000100010001110111001000000100001
011100101000101111111101101011011      0110110111110111100101110111111111010   
010110111011000011100111011101100       1101111011110110010110110010011110110  
100101100101010011001110010111001111  11100000110100110010101110101011110001000
001000100110100010000010000000101101  10010110000000100100001010011110100100101
0001101111000101111010101101110001110111001010100110111100111000001001100000010
0001001110001110111111100111110000100111111011001111101100011011100100111101111
1010000010010001111111010001110000001010111010111111100110010010111100010101111
1011001001000110011011111010001001011111100011010101011111100110001100001010000
1011110001010011011001010100011000101000100000100100111111011110010011111001111
1100011001000010111000100101001011011100000100100100100000110010110000011110011