0111000001011111000011101100011100100111100010101100000110001000111001011010100
0000111110101011111010001110011101100111101100101001001011110100001110101111000
1110001111001100100110000101001110011001100001110010110100110110101010100011100
1100110000100110100100101001101010101101010010110111000010111001011010011000111
0000010011011111111110011000110010111111100101101011110010100100000100010111011
0001000100100111000110000010101101110010100111100011111101010011100111110111000
11100111000001001010100011  110001011100111000001011001100000011101001110100011
11011011101000010110101       0010011011001111000111101000010010000110101110010
11111101100100011110100        000110011110111000010000111000010010011011110010
001011001010011011111110        00101101101011011110010011110111011110001001000
0010111010111011000001100     0011001011010000001100101100110000000101111000000
101110111000100011010010    000010001010011010100101111100101010100010110000000
11010011100101100111011      01110101111111001111000100001111111011100010111101
0100001000011000011000       01011100100110000110110000000101000110010101011101
1001111000111110010011       01111100111111010111010101010100111011011110010000
10010100101110111110111      00010010110111011011101000011010111100101101000101
01100001101110011110110      10010000011000010101101010000101110101001100100101
1000111110110011000100      111101000001000011011110101010100001110101000001110
1111001101000110010111      000100100010100100111011111101001111011101111011101
100100111001001111001        01110110110101100111110011100000100100111111110101
100001110010111110001         0000001011111001100000110010111001111100001011000
00010011111111010101          0011111110001100000011101001001011011111100101110
11001001111111100010           100000101000011110011111001001111100100000111000
00010011000001110000           101111001011000101011110101111110001010110011010
1001011001101001001             01000010100110110011110101011101000001101000111
0000001011000001011             01001000101100011110010101101011000010100100000
0100110100000000001             00101001110100110000000101000000000000010101111
1101111000000111000             11111100010010100001111011100101101000011101010
0111111101110101001              0010111001100111110110000110000010101101110011
011010110110110111               0101101100011010000000110101000010001100000001
010001011010101001               1011010000010001110010000010000011110101101000