1100001110100010101111110010011101111000001000011010100010110010111100000000001
0100111110100000011111000011101110010011000111011010000101000010111010000000011
0010001010111010110000101001000100001000111001100011000100100001100110001101100
0001110011010110010011101000101110101011101100101101110010000100110110010110010
1110111001001111000010001100100010111001011100101010001000010010000010101110111
0111100110000011111101101111001100001110100011000111110100011110000011100001110
000000101100110010111       001110001110100100000000010000111111001110011100111
101010111001000010100        00100111110101001100110100100111000001101001110010
1001110111000110000010        1001110010010110100000100110101111000111110010000
11001011110001010011111       0110011011001011001011001111000000101001100110001
110111110110011001011111   0110001001110100000010110111101111111010000100001000
00001101101110110111101    0000001110110001010110000101110110100011100001101011
1000100011000100011010      001110011011101100010011110000111100101111110101010
11111100110101100010        100010100111101110111101001000011001010111001011000
10101101101101000100       0100001000110001011010011110111010010101100010101010
1001010100110111010110     1010110011000000000011111010011011100010010010101111
0111111011011001111001      001001001011000011000101111101000000011100001110100
01000000100011000000       1110010000010101100100111010001001001010100111100000
11101001111100010100       1101010100001100100011001100111011100000101111010010
01110001101001010010        110000000111101001011111100011000011011101011000001
1000010110100001111         101111010101110111111111001000001001000011100001011
1111101001011001111          01100100101000111100101000010101010100111101100110
1110100111101111010          11101010000001001000000010111001111100011001100101
011111010010001011            1010110000100011111110001000010101001001001101011
010110010110000001            0101101001100001001101111100010000111011101111000
011011101000000010            1101100011000111001010011100011100100100111111011
011000011100010111             111010001100001011101010101111001000100101010101
011101001001110001             111111001010100000001000110100111000100001011000
010101100110110111             011111110001010100110001100010100010000001100100
10011100010000100              111111010011100110011001110110100100100111101011
01111001100101110               01100100000111111100011001001110010000001111001