1001001100100111100010010101100110011001011111010001011101011111011111001000000
0001110111110010111101011110010111111100110000101001110110001000100110010111111
1101101000011010011010001100100110000011101111010101101001001000110010010001111
0111111011000010110110110001000100011111101100010111111010101000000011100010000
1101100010011010011000101001000010100100101011111101101000101101101110011010000
1100011011000010000101011101100001101101011010001110111010111110110000100010101
1100001010011010101010100010010000111011111100001000001011101100001100010011111
1010101111100001110000001011110001101001000110000001000010010001000000101111000
0001111011111101100001011110010111101001011101000010001010011101101000001000111
1110011000010101110101100000001010110100010101011011101000000010111101110010100
1011011001101001000110000111100001000010101000101010000111011010010011001101111
000011111011000100110010001101111010000   0001111000101000001101010000110000111
000001111011000010010011001110100111           10110100000110000100010001100000
00011100101000101110010011111101111               00001011010000100010110110101
0111001101010100010010001011011010                  001101011101001000000000110
0110011000110100111011101111010 11                   00001111110111110001011011
0010010010011000110010100110111001                   11101101001010101111000000
011011010111101100000001100010100                   011001010011000100100011110
010001100001110000110000010000011                   101001101110001100111001000
100100101111010100101000101111110                  1010000011111010101100111111
1010110000011100111001110001000111                 1100000010111110110101110001
0011111111001110010010010010100010010           0011111010011101100000100010000
0110111111011100101110001101001100100010011101011101011001101011110101011000001
0011001011111010011001111010110111011111001010000101101001100100011111111110011
0101111001011010100010011000111010011000110100001001001010010001010000011110010
0001110010010100001110100011111111000000010101000000000011010010111101100110100
0101001100000010111110110111110101101001110001110101001001011100110011111011111
0100111110010110001001010001010011111010111001101011110011110000001001111101101
0100100000101110111010010011111000010000100011001101000110001111000111111101111
0101110111111100001100010110111110100011111110101011101110010000110100101111100
0100111111000010001111001011011000011100010101100101110100001011000110010000110