1101101011011010111011001111101001011000011010011100101011110011101101001101110
0100011011100011011111011110101101001111011101000100101010101101010100100000001
1101111100110000110010111010000010010000010110101101010110011101000010100111111
0110010101111110011001010101010110100000000101101010001100000011100100100011101
0000011110110000010111110111100000101000011001010110110110001110111001000010011
1111010101110000011110101110010111010000011001001010011100101010010100011111111
1010100110100101001000001011111010100001101101001110011101100111010100011101000
0001001110010000100111        0000001001011111010110110001110111001011101111010
0010000000000011011011        0111110100000000111100111111100100101010001010110
00001000000011100000000        101101001110110110010001010101111100101011101100
101011011110000001011100      0011101101001000001011001001011000011100000110100
001000010010100011100100    111110111000110010000010001100110111110100101011111
00111011000001011001011     110110110101010101110000010110111101110111011001101
001010001000010001010        000001000011100101001     000111111000111000010110
010111111001100011011        110001011000110101100      1   0011100110001111011
1010111111001111001110      0100001101011000000000           011110010101110011
0000000100011111011100       11000011011     101            1100101  0000110000
110001000100100100100        0110000000001                11111       001111111
10001101100111010111       111000111111110001000         110    110100000100100
01011011011100100001        101000100111011111000011       01111111001001101010
01111111110101001001        1010010000111100100000100      00000110011001111011
0011000011110100000          1001001100111111001110110     01001001111111110100
0000001001110100111           1101111101100101100001100     1110001110000100010
0110100011010100000           0100100010010011011100101     0010110001010110000
010100111000000010            010000001110011011011101      1001000010100010011
000010111101011101             0000100111010111111000        000001111101111110
010010100010111001             1011011000100001010011        111010000001000100
010100101100000100             1100101010010111101000        100100100000111010
10001110100110010              110100101011001010001         001000011111110011
10001110111000011               1001100001000111000           01111111001101001
01111000000110001               001001110100111011101111   10101011010111011101