1101000011010000010011110101000001100010110110010001000010111111000010101011110
1000011000010011100110101000000010000110110101000011000011001111111100101110101
0101111100111001010011000010110010010101001001001110110000011100011111100110011
1100001111101110000000110001101011100111011101110110001011000010000011000100110
0011001011011101010010111000000110110000101110101101000100100110000001000010111
0001011000000110001011001011001001011100101111110111001011001111011101010101001
0011010011111110111001 0    100110011000010110110110100011011111100100001111110
010001111101010100000        00101001101011110100000011111111001110101001000011
0111100110000001001011        0110111101010000000100101001110010010000100001111
10000100001011110100000        011011011010110110011010100101010101101010101001
000000011001110001011011    110101001101100111000000101111010101011001101110111
10101100100111100001010    1100001111011101101001000111101101100100111011111110
0100011100110010111010      000010100101101001111010011101100011001000011001000
110100011100000111100       000000001000101001110100000010000110000110000111011
01101000000100011110        101101010011011000111001000110010101000110010000000
0011010001101000100110      000101111100111100010001011000001001110101100111111
001111011011000110101       001010011101010001011010111110001011111001101011010
10001001000110101001        101010110001010101110111110000011111011001111110000
01000110000100111001       1110001101100011101111010111111010101111010010111011
1110011001001101000         000100110011100011111101111011100110010101000000110
0110000110111101011         010000010100011101101110100101001110100101001011100
0001111001000011010          10110001100000010110010010100011001010011011111110
101111001011111111           00011011010000110000110000001101110110111000001111
000010110010000110            0000101110101110011011000000100011010001100110101
111100101101011001            0010100000100110000110010100110100100000101001001
01011001110011111             1000111100010001110101110010111001101010000011111
00110100000000011             0110111001001100111010001001001110011101100110001
10010001111010000              111100101010011111000101011011011111110111110110
00101110101111000              1000110000101010111100000001101011      10011011
01110011001111001              111100010100101010010110110000111       01111001
0001000110110011               000001000010000101001011011110011       01110000