0110011110100010111010101110101110010111001110000111000010001011100101000011100
1010111110000010001010011000101001011110000101011110001011101011001010111111000
1001110001001011110011101111100110101101000000110000010010001000110100010100010
0110111101110001000000100000100110010001011100110010000111111011011100001101110
0001010111011011111011100111010101010000110011101110010101100111011100101110111
0011111001001111011101001000001111100011000011111110101001100100010010111011110
0110111110100110010110110010111011000000110011001101010100101111111110101100111
111001010101110000011       100101010100100111100011011110010000001110000001100
101111111100011011011        11000111101100011100000010110110000101001000100111
1100101010101110000110        1001110011111000110100010100000100010111011111101
01110111000011111000111     111101110010100101111000010100111101100001101011101
10001100100001110110000   10011101110001100001000110110110101001000110010110001
0010111110000110000111     1110100110110101001000110010010010010001110100111100
110000111011111111000       100000010100011011101000010100100000101010000001101
10101000110011110110        100110011100100001001001000010011010111000000011100
111011101111010100111       001110010001110001100110111010111110100000101111011
110011100110011001000        11011011010000111011111110000000100000110010010001
010011000000111101101        01100100000101010000100111010110110001101110111011
00110000010000101101       1100111111001110100100111111001000000111001001110001
11110010111111101010        111011110110110011011010100001111101000000010011110
1110100001011010110         111100110111010001001000101011110000001101110101100
0100101001111001111          101110010000000011010001      01000000111100010011
001010010000011000           1110110010100010110010111     10111001010110010011
001011111111111110            0101001111001000001111        0110010110010101100
001100110111110001            1101001110110101001               011011000001011
010111110000011110            10110001101000011001010       0011011010110110001
11000111101100011             111101100001011001011000      1111101000100011111
10011000101011001              01111010110111101101100       001100011110110101
00010010000110000              0110001111111000010101        001011110101001110
11001111110000000              111011111000100110101          00111110101001000
00100101101110111              000101010001010000110           0010101101010001