1011000110010001010001110111000110111111111001100010000000100011010100100110001
1110111001100110000110100000000101110100010101000010100101100101000101000010111
0100111110000110101011101110001100010100010011000001010010011001110010000000010
1110011001110001011001110100001100110101101001111000110101010111010100010101100
1111011010111111011011111000001010110000111000010101101101101100101111100110110
1001010010000101110111000101101010100101001001111011011100011000100100010111001
0111010010110110010111011111000011010100101010000101011010101100111010111100111
110100110011011010101       001010111101001010010111000100100101000001100101111
01010101000001111101         11000101110101100100000011100101011011010010100100
1101000000110110111101        0010001101011010101011100011000101010111110011110
00111010100100001010010      01110010001010001101110011110111111111011100000011
01000010011100011100110   01100110111010110111101111010001011100001110110100001
0001000001110100110111     0010001100011110001001011100010010000111011011110000
110001111111111100111       000001110101110010110100100110111000010100011011010
10000011101110111000        101101001101001111100111110011011100101110100011100
10111011110001100101        000100000000000011100111101110001110110101110010001
010101100111000010111        11000001000100000100000001001110101101000000101011
000111011001101111101        00101110100010010001101010000000101110001000011001
00111000001000111110        100001110101001110111111111110000101011011011010011
10010011010000111001        101111011011110111011100100100011101100000000101100
0011100001110011110         100001101101100110101010011000011111110010101001010
1101111101001110010          10001100101011100010000000101101100111010101100101
000010110110000010           11001001000110001111001011100100110100100011011011
010010110010101110            0000010010000000111110100000100000010001111011110
011110110100111010            0110101100100010010111011010011000000001101010100
00001011011010111             1010111110100011101010011110000101101010110101000
00000000010001110             1101111011100101110111011000100011110010001100101
10110000001001010             100001100011111010001101       000010011101010011
0110111000110100              1011110010101010001100100      001111100111101000
0011111011101010              010001101100011101111011       000010010000010111
0000100010110001               0111011000101000000                0011010001111