0111100110110111101100001001000001111100101011111100010100110000011111000000011
0111110011001001000010101000000100101000010111101111000111110111010111011101100
1111101000110111010011010000100100111001000110000011010101110011001110010100011
0100110100001000100111000101000001111001101111011110010100100010000111011001011
0010111100000010001101110001101000001010001101010011110100101100110110011110010
0100100001000110110001100000100111100000010100101111001100000011111001010011101
0110000010001101010101011100100011001001010010101010000011010101011100010110110
0101100111011001000000        1101001100101100110000011100100001100000011000001
1001110001110011011001        0000001100010111111101110110110100100101011100001
11011110010100011001011        011101011010110110010100110111100010100000010100
010100100001111000101000       000101010011011100001110111100110010110001001111
001001110110010010001110    011010001010000110100010111000100110101101011101100
10000111100010101011000     011100111100001000111000000001010110010110010000001
110000110011011100110        000011001011011010011     001100101010100001001110
101001101111100011100       00001100010111010101000     0    000010010110010010
1000101011111111100101       011101000001001111000            01111000110111001
1010000010010100001011       0110111101110 11110            1100001111010110000
1010110000000110101110       0010001000                  1100101        0001110
10111100011000110000       101011001100110               111         1000110001
11011111101000111000       1101110100110110000010111       00110100010000010110
10010110111011110011        1101100011011000111011001      01010001101001111010
0100000110010110100          0100100111111100000101011     01010111111101110110
0000100101011011010           1000110010111011110110001     0110000110011111000
0001010100001011100           0111101100100001001100101     1110100110110011000
101111110010100000             01110000001101110010110      0001111000001001000
100000110011000000             0001111000000100000000        111001001011101000
100011010000100110             0101010111100111111111        100001111011100111
010001101111000000             110101010001101101100         101110001011100110
11000101101111001               0111101000111110111           10011110011111010
10011100011000011               0101101010000100001            1010111111110001
00100010000111111               110111110010101001010001   00001000010010000100