0000111110011101111010000110110111100110101001100001110101011011101111000000000
1110001010000100101100001101111111111100100101010101011010010111011111110011010
0000011010011001111010011010100001111001111101010111011111011110011010110100010
0011111110110110001110010110001010011100110010101000001000100000100101110101011
1111010000010000101110011101101100111010111000010110011011001110101110101110000
1101000110010001100110101000100001101110100010111101011100011100010000010100100
0000000110110011111100011010001011011101100100000110111001010100010000100100101
1000101100111010010100        1011010111010011000000001010110011011101100110110
1000100000011111101100         000101100100101011110100000000001110001101001000
01101001010001000101000         01100110100011011110100000001010000001010110000
1110110111111010000011111      000101001100000000011111000110100011100011110000
101111100010110101011000    111011100010111101111111001110101010010100111000011
00000111101100010100010     010000111001010101111000111110001111111110000101001
001011100011010000111        11101000001110011110000010100111111110010101011110
110000101010101111101       100110000110101110110000011101001100001011010100111
0100000000111100110001      001100001010000010111111001111101000010010101101111
0011011101110101110000       10001101000011001001010010011101011101111010011110
1010111100010111100111       01010011010010101110100111101101000111011101110100
010011011000110000000      0000010101001110110010100000101101101111000101100101
00000101000011001101        100111100010101100001100011110101000110011010111111
10000001111001101011         10000010110101100000010110001110111000100010011010
1000011100000100100          10001101101000000101010110011000100011010110001101
0111110010000001101           1110111110000110111101111000001000000011001010111
1110001110101100000           0001110111001100000001010000001000000101101011100
010011000010100000             000110000101110010011011000011010100010010111111
110110100011001000             011101011101111001110111001100001011011111010001
010000011101110111             001111100101001000101101000110100010101000101010
01110011100001000              011001011010101110011101011101101011011100010000
10010111110110011               11010000000111000110111101110111001010101101100
01111010001110110               11011011110100110110000000011010101011111001100
00100001000111111               01110010101011111110011100101010111010001100110