1011000101110100101111110010100000001001010001011110010110001000010011101111110
0110111111000101101011001101100011000000100100000111001011111110110101011010001
0011010100100100110111000111000110011000110011001001110101101000001001101101111
1000100010101101111011011110011101010001110001101011100111101111001001111010111
0000010110101110000100100000000111011101000101011111110110010011011101110101101
0100011011010000100101110010000100101011111101101111001000101011011111001111000
010100100010110001100 0    0010001100111110110000111110111010110011000111001110
001111010000111111011        10100110100001001011001010110101010100010011100000
011000101111101111100         0100000010101010010100110000000101101100101001001
1110110100101111001111        0011001101110110101101100011101001110111000110001
101000001101101001000110     01001000010001101111011000110000101101111101110011
111110001011000010100011   1001000000110011001010011001010010101101110010110001
1111100111001001001001     0100010010011111110111101111110110010000100100100010
110100011101010010000       111001011111001001111011000000010110101110101010101
11100110110111110101        100101010001001100011101110100001101001110000001111
1000101000011111011001        1000011110001010100011100001010011000011101010110
0001001111011111100000        0101100001100100011101100100011011001110101000001
110011100111100101111        01100100100111101101101100011111011010000000101100
11011001000100100011        010111010001111010010010001110111100000110100010111
11110111010011000111        011111010010010101010110110110110101000000011001110
11010000010001011101        000101111010111101000010110101111111111111010100001
0011011010110110010          01000011110001100110101010101100101011101100000111
1110001000100001100           1011011100000000101111000101011101010001011000000
1001001011110111111           1111110011011011111101011110010011100000001001101
011101010110110000            1000011001110110001010100100000010000011011001111
101001111001001011             100101100110001110100000010101011111100010010000
010011111101110100             110000111111000001011111100101110001001100110011
011010011100110111             100001100101110101111100010010011100111000011010
01111110110111110              011001000100110111010010111101000000101000101001
11110111001110100               11010011011011100011101111111000010110000001101
11010010000111100               11011110001110010001101011110101111101111100011