1100011011101100111010101000101101001110011001001010101000110000101010010001011
0000010011100000000001000010111100101101100111101100110111110000011000001111101
0100000101110110101001111000100000001010010110011011010000110010001011011101000
0010111000110011100000   1      01111000010111011100011001100111000111110110010
001011000001100100101               1111101000011011111100010010000010011000001
01111001110000111010                 100011111010011101110111111101101001011111
11011011011001101011                  10001011100010110111101100111111101010101
01000010111001101000                   1001010011000100100000010110100110100111
101010000110111011011                   110100       00100010111001110100110000
110001001011101001010                    01100           1010011111101001010100
11100101110111001011                    111111            100101000011000111100
00000100101111000001                   001010           11001110101001111010101
1111001001100111101100000        00001100               00111100011110111110001
001000010101001011111010         100                     1010111011100011100100
110001100010000001100010                                      01101110000100101
01100101111110011000011                                         000011101111010
101110100001000001000                  1001                      01000101010110
01000101100001001101                   0100                    0111011110001110
110011101000101100                     000            0110000000011101100110100
001010110111100111                      01            0100001110011111101001110
101110111000111111                      011           0000001100110100010110001
110001101000101110001           00       110          0001001100011111011100111
111111100010000001001           010      01           0101110000100000110111001
000110101101110101111          101                     111110111011001110011100
00100001001001010110          110                       01111100000110110001001
00011000000100001110          11       11   0           11011000110100011110001
0101111010111001011                   00    10          11110100101101000011110
010000011011110010                   010    0000        11111001110101010100000
101010110100000000                  1011    1101         0100100110110111111101
01101011010000001                  10110      1           110100011011101110110
0100110011011011                   001001                  10001001000111111000