0100001111000101010101000000001010101000111101111111001110110110100000011100111
0011001100110111010001100011001010110011011000101011000011101010000001100011111
1111001001111101101011100010111111000011011000111011010100111000011010111001010
1010111001000101000100100110001100110000100000100000100110001100110110011101110
0000010011111000110101110010000010110101110010100100110001001100011000010101010
1100000100100101000111000000110111101111100010100001011001111010111001000010100
1110001110001100110100     0010011100100101101000110110110010100011011111000011
101000111100001000111         0100011000100000001100011111100011000010111000011
000111000001101100001         1010001100100111010011101110001100010010110010010
01101110100110110110           010000001110011010100010110110010000111000111101
0111101110101010001            110111010111110101101001000110000111010111100101
11110001110110111100011    0011100001010011111001110001101101010010101101111100
10000110011110000001111    10001001100110010111001010101      10010111001100011
010011001000000000011        001101100101100010111   10       01001010010010011
0011111011110101011           00001101111111111010           110011100011001010
101001110000101110             0001011011110010101011        111111110110101100
01011101010100101100      100   001100000111111000010          1111110100011110
01111110101001011000      0011    10111011011101100110     11   010110101100101
11110000111001000001      100   0001111000111011001100     00011011011101110011
1100001011100100000      011   00001110101111110000        01111100110010001011
000010100000101111       10    0001010111101101001         11100011010010010011
110000100111100100           10100101110010101110  01       1111001011011010010
11011101111001000           101101011010101001000            100010000011011101
01101100000110001           0010100011010100010011           010101111010010001
1111000001000001             001101101001111101011           111110100011000000
0000001100010110             1110101110111111111010        01110011001000100110
0110111110011001             0111100100011101100001        01111111011000111010
100110100110110               110100010010001101011         1100111100111000101
000110100000111               001000010011111100100         0100101111001111110
11101000001111                110101111010100011110          011111100111000100
11010100101110                111101101101000010101   11      00111101111110101