0101101101011100001001000100111011110100100100000110001011100110100000110000001
1101111101110010010000001011011110001010100111111111001111010100101100010110111
1001100111010101110000100110010010101110100101011110010110101000100011011011110
0110101101010101110000010011010000101101110010100011010001110101101110111110110
0111011001100101101110000001011100001101100001000111100011100001110001010100100
1110111011101010011010110000000011011010110010110100111011100110111100110100100
1111010111011001101010110101011011100000101000111100110111011110010000110111010
1100011001101001101100000111101101011100011011001101010010100111011001010100110
0011000011001100000111010100000010010111011011100101010111100011000110101111101
0101010111101001110101100101101010010000000101001111000011001101100100110100000
0111011110010010010001000101110100110010011100010101110101100110011010110100010
1000101001110110100001010100101001111011100101000100011100000011011101101111100
1110110011000111001011001000011110010001111110011101011110111110010011011101000
1111010000111100000101000101000011100101101110001111100011110001010011011111110
0001010111010011010001101100101101100010110001010101000100010001011101011010110
0001001000100001001101011001110100001111101110111011001011010110010101001001011
                                                                           0001
0101000001001111011111111000000000010000010000011000100001110011000111001010101
1011000101101111111001011101010011000001100101011001001101111000100101000011000
0000011011000110001100101111100101010111110011000010010011101010101011000100110
0010001001101001111110011101100100011111001001011101010010000111001001110010111
0100000110010111010000010111111011110100111000011011101001100111010111010000011
1100111101111110010011010010010100100010101011101111110001000000100110111010010
0101110010110100100110110111010010000110011010001100011000100111010111011010001
0100010010000110001010100100110010000011110111000101111111111000110110001010010
1000110010101100010101100010111110001000111000001001001011001010011001011010111
1000011011100100110010110001000011101110001000001000010111110010010000110101011
1000101100101100101101101001000110100110000110110001101100100111001101010010111
0010101110100101011010111111111001001111111001110010110010001110000001000111111
0011111111000100100001101001100111110110111010000111110100101110100001010110011
0101010111011000110111001011100111111011100011011001111110101000000000011001111