111000011110111100 0             1110011010001011101100110101100110100101101001
100011010100111100 0                0100000000000001000010110101000001110111101
11000110010001111                    010001000101110010101111101110111100100111
01110111111001000                     10101110000110101001110000111100101011000
10111101001110010                      0011000100100000001110011111110110001111
10110111000000001                       1010110   01011000100001000000010100100
110110000000100111                       1010            0000111110010111111011
000111001101011100                        0110              0111000010000111000
011010101100111011                        110                101100110001111000
011001101001110110                       0101               1101001100000010000
00100100100001011                       1111              011000110011100011000
01001111110011000                 011001011               110000011110110101100
111000010100000100000            011111001                100000101010001100010
00101000001101110111100                                   100110110101010010101
0111101000001111101110                                    110111111010001011000
11110100111101001010000                                     1111110010010010011
00101010111110001010110                                         110011111001100
10110011001011011101                   00                          010000010110
100101111001000111                                                   0011101010
10000110010111000                                       110111      01010010010
0110101100000011                                        01001011000010001010101
100001100011111                                        100001100100110000111100
111111011111000                                       1100110000000100010001011
000000000011101                                       1001100000100001111100011
000111100101010111                                    1111110111011001000110101
1010110010101101101             10                    0100100010001110001010011
1000011011000100110            1111                   0111110101010110111111110
100010110100001000             0111                   1111110100100001010000100
101101100000110011            1000                      11100111100001110001111
001000110001111000            100                        0101000001011001101100
01001100001101001            101                         0010011000110000000000