0110011011110011000111110001111000011110000110100100111101110110010010011110010
0010101101100000111011010111001100100111101111011110100111110000011111001100110
0110001100011010001100101011000100111011101000100000100010101001000011100011010
0010000001011101110100010011110001010010010101010010110010110011010111010101010
1010101001011010110000110011011101010001110110011110000000110101110011101010000
0011101110011010100001110001011111001011001010010001000011111001111110110010101
0001001000101100100100101110000001000111001010000001001011100001011011001010100
101110000001101011100       011110110011111100100101100000100110100100011011011
011010111101110111100        11000111100110010101001001001110001110010100001011
00011011101010100010         10010011010100011111001111011111010000110110000010
0001011001001001110010       10111100100110101001010001101101110110010011110101
10010111010001100010010   01111100010100011110011110001000111000111000000000010
101000010101110001010     110001111001111000110110110101101 1101000111100000100
0011100010001100101        101101001000111000010110111110      1011010111101010
011011111101001111         0101011010100001100111110           1110011111110001
10001110001011111000       110000110111001010100001110        00000110101111011
01010000000010010110       011011111110101001010101110        00000101000000000
0010101111110111011         001000110011100101110100000    10  0000001110100010
101111001001001000         100111011000111110010101111     00110101101000000110
111110110111110111        001100001100111011100100000      01001111100101010110
100111101001000010        0111110011100110011101010         0101101011101101011
00111001010101100          01101010101000110000111        11 001110100110011000
10001110010011011          101110101110101111111010          111100011010001111
10101011010111111           11010100100011010100101         0100011100111110010
1000110101100110            1000100101011000110001010      00000101111001111101
1011110101000001            011000100101101000000101       01100100111011101110
0011001000010110             01011100110010101111011       00100111100111100011
1100110110100000             01000001000101111100101       10010101111000111111
010010110011010              10100001101011011111000        0010000010000110010
111101010110110              110111100001100010100001       1101001001101101000
111000111100111               01100111011001011001101 11  001111101000110000000