1011001111000101110111001110010101101111011001000000100111111111011110101101000
0101010101001000011011011110111111010111111110001101110000111101100100000011011
0001110101001000001000010110001110011000000000011010000111010000011100111010000
10010010011000110110010  001110001110110110000110111110011111110100000111010011
001011001011100100010           01011100110000110001011000110100010000000000011
01000000010111111111              101000010110001011100110100111100110001101110
01001011100111011001               01100011100001010011110001010010010110000001
000110111101010001100               0100001101101110111011001100011111111101011
00011110010110010111                 111000011011000000000110010010010111010100
0110111010100111001                  0100000100110     000011100010110000001111
110101101001101001101               11100111111100         01001010101001110000
10100101111101011001101        0000101101000011111        110001000010110101111
101000000101101111010100       1101100000111              000110111000110110000
01110110010001010011111            101101                   0100101001101101001
001110000100011100101               10101                      1110001010000000
10111100010011101000                 10000111                   011011101110010
110000001000110010                   1000011101                 100010010110000
000110111000110000                     01011110         10010001100110001111010
10111010111010000000          1110     00011100         11010101110101000001011
00010111100001110110         10001     10011000         01011110011000011000000
00101000010000100110         01101     0010100          10001011001011100100000
01111011101011111110        11011    01010111            0001010000110101101110
1111011011010001011         0010    101001101            1111101001010011000010
100100001000101000           01     00100100  101          01011010000100111000
010110100011011101                 10100011   0100            11111110110011111
10001010101001001                 000010110    001              011100011000101
00011001001010100               1011000111     10        10     001010110010010
1101000001110010                0000110010               11001  010110010000110
111101110011100                  010101111                010011100100111000111
0111101001010010                 0001110010  00            10001100011111011010
011101010100011                   1100100111000            01110010110001111010