1111101000111011111011111011011010010010110100010010101110101011011001110101110
0100101100011100000110100101001011110010001001000010111110001101011101011100101
1001111010111101001111101101101100010101100100010011110110111101101011001011100
1000010001001000011001010001111111011001110001001011100100011110011100010101111
0111001111100100111100001110100110111111011000010011100101010011101101101111001
0000110011100111000101011011000000001000110110011011101100011111010101010101110
0111000011011111010110000101001001111111001011000110010010011011000010110011101
0100001010011010010001000010110100110010110100101001010100010100000111000001100
1000110011010111110011101011101100000011011110101111110101111101111011111000000
1111011111011101000011111100100001010111011011011111011011111110111001001000101
1000000100110100010001010010101111001111001001101011001111101110001011011011010
0110111000011               111001111000101100111001100000001100111111111110011
1100000011011                    1111110010001001000011010011000000010111010111
010001001010100                11011110101100011000010010 1 1111100000100110101
10111101100110010101       00111001111011000111001010        101101010000101111
01001001111110000000110     110001011101110000010             10101001000010111
0111011011101111010101                                       1 0111001011111000
00011001101111111                                       10001001011011101000011
010100010101 0                                       01010001010100100100000000
010101011011111 0 0 11010011101100010               111100100111111000111110001
1000010010000100111111010000000100111101              1000010000110010111111001
1011001110101         1 00100011111 1                     110111101101010111111
000111010011             1 00100000000110010100000 0     0 10111010101110001001
0011011010101111101001111100101101011011011111001010111101010110011000111100010
0100100111001001000100101101111111111001111110001110001110100101101010000101111
0011001010100101100000110010010001000100111111100101001110110110110101010001011
0111111100010101100110001110100000000100011001111011000010110000100010010111001
1100001000000100110000011010001001100011111010101001000000010101100110100100111
0010111101100010100100110101011101000001000110101010001000101011100001110010000
1001001100100101101000111101001110010101100010001001101010001010011111001110110
1000111011011000100010010001101111110110110000001001011111000111101111101110110