1101001010000101111101111010100110111100011101110011000001011001000011001000011
1011101001000011100000100010110010001000011011010100101110101010110110010111111
010001111100010001011    000  1100001110110111100011011010011111011001000111111
10011110001101010010              100010100000101010010011010000010010110010100
00111100100101111011                 111101100100001101010011100110010101101111
1011101011000110001                   11010101111110111000000111100110101111010
0000110100011100000                    1111111010100011001000110001000000010100
0100011100110101100                     11001      0001001101001000000011100100
11011110111101010110                     1000            0101011010100010010010
01001011101011001100                     0110              10101100111010110101
01100001001001010010                     100               01010111100111001100
0101010001010111000                     110              0011000110010111101000
0101100100101110101 00             11001100              0010000001000100000000
101111000010101011111100           001001                1011100100000110111111
111010111011011101011000                                 1000010110001111000110
011100101000001000001011                                   01111101000110111000
101111111010101010010110               01                      1011110000000010
010110001011101011011                  01                         0011100101101
1011110100110111001                                    01         1010011101110
1001110101101111000                                    010100011000100110011000
10100001110110001                                    11111110100000010101001100
10001001000101000                                    11100100011101010111001110
001000011011101001                                  001001000010010011101001111
10001011011100100001            11                  101101000011010000000000011
01000011011011101111            000                  10100000101111101010110000
01111110000110010011           1010                   1110111111100101000100010
00100010110010100010           100                     100000001010001000111111
1110000111010111000           101                       11101000111111110100010
111100001010001011            00                        01001001010011111000001
01000000000110110                     10                11000001111101010010000
10110101010101111                   1001    10          11101010001101111110000