101101101011011001                  1101100111000110000110101111101100011111100
01111100100110010                    110010011000111101101101011000110111101010
1011111110101111                     000110011001000111001111100101001001010111
0100001011101010                       0101111001101100100100100001000101101100
11101100001100001                       101100111100110111011100110011100010000
01011001010100100                        10101         001010101010100100111010
101111000110011000                       11001              1011011000001101000
001010011001011001                        0101               100111100110100111
11010101011010000                         111                110100110101101111
11000111011101010                        000                0001111001000011001
0010100001110010                        1110               10010111100001110000
10001000011011010                1011011011                11011100100101001010
1111000001101010000001           101110011                 01011000000011111000
1011001000100010100001                                     11110001100110101100
0110101110110000100000                                     01111010110111011010
11001000100111100111110                                      111101101001001001
1111110111010110100000                                           00000111111100
1010101111111111011                    10                           10000011010
010100110001111011                     11                            0010111110
10001011110111001                                        100         1111101111
1010001111110111                                         1100111111001000000100
000100011110101                                        100000111111000100111001
11010111111001                                         010110100110110100010110
11100100010100                                         100010011010000111111000
100100100110100                                       0110110000000011110111011
111011010100010111                                    1001010011111101100111111
100010000010101100             0101                   0011000011010100111110010
001000010010111000             0111                   1100110001011010011100110
101000011101110010             010                     110100101010000011110000
001110001011010100            011                       10110001110101010011011
11011010111010010            011                         1010001000111111101000