1111110100010001011111110110100000010100011101100011000010111110000011010001111
0101100011110110100001000010000010100110110001001101000010100110000011010111101
0011001010011101010100110100101011110000101000111101010101010111110100111100100
1001111011101110110001111001010111000100010000110010001100001011111011100111011
1001100101011000101001110000010111111001000101101010101100001100100100011001100
0001010000101100001101111111111110101011100001011110100100001011111100011010110
0101100101010000010010101001111001110001110000101100010100010010011010011001010
0111011000000000111001110100100000101011110001111100001011110101011000011011011
1111001100100100101001011011110101110001101110011100011000010000110011110011010
1111010010100111100100000101111100111011111110000001110110000101010011011111011
0101111000010101110111101011100010110011000110101000000010100010000011100101101
0001010110001101001010000000010100001110110100010000111101101010101010010000100
1111110110010011001100001001010101011101000011110101011000100110110000001110111
1110100010101001010110011100101110100000011101110001010111010001001100011101011
1110001100000000011000100100100100011101111011111011000100101110000110101010100
1 0   1 0           01111010000101000101100111011011001101101011111000000001110
                                         10001101111001100111011100001101011001
1100100110010000000110101110101000011110101111100101001100101010111110111010011
0001010101111110111110101011000110101110101100100100111011101001011010101101111
1110000100011000110000101010111111000010110010001111011011110100111011110100110
1011101111101111110100110011101000111000001000011110111001000111110001110000011
1001011000000110111011100010010100011010100111101101011111011011011010001100001
0101000010000110011111001010010100100111111100001101010101111001100010100100000
0111110111001101001111100100011101101000000011100001101101111111111100010000011
1101100100010010001101001011110111110101001111111000011101000101011000010011011
1110110111011001010101000001111100100111100100010001110011000010010010011000100
0000100101100101001001100110100011100010010011100111110011111011001110001011011
1100101101011010111100011110101011001000110101011111011111101101110110000100101
0101000010110111011110111111010100100011001011101001111010101001101010000011110
1111010100111111111101000101000101100011100010001000100010010001000101111010111
1011101001000101110010001011111011100100110001111001001001100111100101100001010