1010111100010111101010110110111110110110001100010100100111010001001010000111011
1010101110100011111111001100010100010110101011101010000101110010010011101110100
0001001011001010111110110101101100111010011011001000101011010100100000110001100
010110111011110011010    0     100111010110111111100100001000000001100100100001
110110101001111010110              11011100101001110001000110110011100011000111
10111111100110110000                1000100001101001011011110111111110101110000
10010000111000111000                 011111111111110110010010100010011011101101
11110000000101110000                  11001101111000101101011000101100100011010
110010111011101010001                  101110011  00110001001011101011010010101
00111011111011101000                   010011011         1111010111000101101001
00001000011010110111                   111100110          010010110110010011010
1101111010111010101 01             010000001101         10111001010001110011100
001010110111011100000111        001000000                0001000010101100001111
111011101111001100101110        010101                     11000011001001111101
011011111101100000010111                                       1011010010000111
011000010011011100010                 10                        000101011000000
00100110111101110111                  01011                     001111010101100
011011100011100011                    101110           10    110110101111100100
000010100000000101                     00100           110111000001110001011011
010011110011110001                      0110           100010100101101110000111
111000010010110000100          010      00011          000110000001111110001100
011100111011010001110          100      1101           001001111110010100100110
10110101011101111001          010      00110           011001111010111110110011
01001101001001101000         1000      1011             10111011100111010100010
1111011110110001000          000      0111   01         01100111011100100010100
011000010100001110                  00111   1000         1000101010110111011100
101100110000011101                  10111   00010          01010101000011001000
10101101001101100                  101001     010            010100101110011111
10100001101000111                 0001110                    101001011011111011
0100100011000001                  01000001               01   01110001001000000
010001000101101                   10101101               01  110110101110001101