1110001010011110101010110111111100001111011000011000010101001011110010101110111
0011101011010100011010111101011100111101011001101010011010110101000010001001100
0011010110111111111010100010000100110100111011100101001000101100100010110101111
110101101000000101101    1      11000110110011100101111110101000000100000100010
111001000100010010001               0100110001000101000011111100010111110000011
01011110110100011011                1110111110011001000100100001010000101110111
00110011111001111101                 111001000000011001010011100110000111111101
11001100100110000100                   1001101001000110111001001011110100010100
101110101011101101011                   0110000     011011011111001011010101000
10101110101111110010                    1100001          0000011000011010010110
01000010101000001010                   11101010           100110001011100010101
0001000111010011110                  000100001          00001111001001001010010
010100110000001101010010         0100101                01101001110001010001001
011101000011101011100111         0110                     010111011010101010001
111010001011011111000011                                       1100000110110111
0110011001101000011111                                          001111110111000
10101111110001110101                  01110                     010101000100101
1101010111001001010                   00001                   00110000010110101
011001000111101011                     1100           0010110000111000100001001
100011000101010011                     1011           1100111101100101001001000
0101110111000000110                     0011          0110100101000100101000011
000010000101100110001          1101      100          1010100001100010011100001
010111010000100101100          000       01           0011110011100101101001100
11011100101101110000          010       11              00100101000110100011111
11011011011110010100          10       010              10000010000101000011010
0110011000100111011           10      110   100         00000010010010011111011
111010010101100010                   000    0001        00001011010001001010101
000100000001101010                  0111    0101          100000101101101010011
11010000100100001                  01011      00           10000011001100111111
0110000100111011                   010110                   0011000111111110110
010100110111011                    0111111                  0001101110110000111