0111110110100111001010111000111000111110010011010100000101001101110011001111111
0101101101000110101011110011011010010001000111001111010101010101011101001010111
0111111001011100111101011111000110101011101101001001011101110111111010011110111
1100100110011101101100   111  0001011110000000011110101111010001111011010010001
0010110010101001000101             11010101111010000011000011000010111001000001
01100000000010111101                 000111101111010100111011011000011000000011
1000010010110110111                   00010010011111100100010110001111001101000
01011101100101111001                    101001011000011010011100011011010000111
00110000110011111001                     1001        01010000101000101011010000
011000111110100111110                    1101             110000111001011011011
11110100011111011000                     0000             101011110110010110101
10101001001000101011                    1110            00000110111011110011100
0010001111011001011                10110111             00001100111010111001011
000010111111110100110010            01111               11011100111110111111001
101101010000010101100000                                11111110011100010010110
0011110010000111010101101                                 100011011011000110000
011111001000001111100110               11                      1100011101000110
100101011100111000010                  10                        00111001011100
11011101110101001011                                  1011       00100101010101
100111111000111011                                   01011000010110011010010001
101101010010100010                                   00101010011101101011010101
111101010111010110                                   10011001101000100010000100
011001111010110100011                               010010010001010001111101110
100100110000101001010           1100                001100011011001110011100110
100110110101001110010           101                  00010011111100010011101001
110011110110001000101          110                    1000101011011010010000010
11110001111001100101           00                      111101000010010000001101
1110100010010001001                                    010100100011111101100110
100110100111100101                    10               011100110111100111010011
101101111110100101                   11     00         001000110111011001001100
01101101111010000                  0011     110        110000101001101001001111