0101010010101100101100110001101011010000011101101101101101110101111100110110010
1111101101101000101001110101001001111110110011010011001110111101000111011010000
0010000111111011101111110100110000110110100100011001111100001111011010011011110
1101010011011110000110011110000010011101101101010101101000101100001010100110010
1010100110100011100110101000011100111000001001100010111010100011011010001100110
0100110000101100101010001000011001110011011111001100111000111101110000110110101
1011100100101101111010101010001100010000001100110100011111001101110111110100100
110010100010000010101        10110110110000011001101111110001101001101011000010
011100001100101001111         1111101001110011110110101010001110001101111111110
1000001001010110010010         100100011100010001010111100101101110101100111011
1101110000111000111110        1111110011000111000000101110000101111100111001110
10001111100001010111001    1001011110000101010110010010001000101110001110000111
00100100100110100000100    0111000110101101100000110011011010100101010001011100
101100100100001000000       0101111110111001011000     011010011011111001111001
01010001001011110110        0110010100111100000111      1    101111010000010110
101010100000001110000       0010000011101000100101            11110001010011111
000100101111011100100       1100000100010010001              100011011101111011
001100111010001010000       0101100111101001000           010011101011100111101
01001000111000011110       000011110000      1011111      01011010     01110011
00110010100101001010       100100111110110                             00011100
101101011110111101          1010000001001110100100101      11111110110010010100
0010001000000110101         10001011000110111101010101     00000010110000111111
0010110100100010000          00011100100101010100000101     0110001011110111101
101000011100000110           00000110110111000111011001     1011111110101100010
000011010000100100            001110111011111000100101      0111110101011010011
111110001101101101            10010001100101001110000        000110011110011010
111010000111110100            11110111101111100101100        010011100001100101
00110110110001001              1101100110001011111111        011010000000000000
10110111111100001              101010111010010101001         110101100001100000
00001000101011101              00001001111000011010           01110100101110110
10011010010111101               111110111000111101010100   01011011000000111100