1111101100101001101000010000011011010101100011010010100100100110100100100000100
0010011010101011011110101011001111100010011110101110101011100101001100100011001
1110110011111110111010111100011011000100001011000011101011110110000001001100000
0110110100001001010011000000100110000010001001011010000111110011011100111010000
1000001101110111110000110110000000001001111010000111000110011100001001010101110
0110011000101010011101000101111110011000011011010111101010101010110111100111111
1101110000000111010101111101100101110100011110110011100101001110101001111010100
1011000100000100110101101010100011110011010010101100110000100010010101110010000
1011001100010101110100011001011111111011110010001010001010001111001110000011010
1100010011001111010000010100011001010010111001001100000001110001110110010111100
0100001101100111111000011111110011100111010000000110111111101100100101101001110
0110110010110001100001100110110110000100101110001000111111101110101110110100010
1101110011001011101001110010110110101110110010011110100000000000001110111110110
0111010110000100111010001010110110010011111100100010110110101111010110001000011
0010110001110011111110010101101111100100111000000100000101101111010010101111001
10101 1 0 0         10100101111101011110000010100100001011000101011100010111111
                                         00001110010100010001011111100011111111
0010100000101001110000010100101011111100011000101011100001011011010000111111100
1110110100100010000101111010001010000001011101100100001010101011011101101011100
0000000000010000101011010111111001110111110000100101000100010101100011011011011
1001001110100110000010010011001010001000100001111001011010001110010110110010010
0011000111100011001000001010000010011101101010111010101101011011110111010011011
1001010111000011110011011000000101111111101101110010011010000101111010011001011
0100010100001010001111101100100010001010011101001010010100111100011100110001101
1100111101101101101110011010101110101101101110001111101011000001101100010100010
1111010010101001010010110001110011111100100001110000011110111001110101110111100
0101010001100101101111010010011001111000011010111011000101110010010001111110000
1000110100101000001001111000000001010000000101000110101110001011011101000010101
1001110000101000111001110111110100101111001001101011110101001000011110010011110
1001010101001101011111111100111000101000101100000011110000001000101000110001011
0010010011111011101110010001111110010111101101011110010011110011100000110111010