1001000010001101101110010101000100000100011100010101011010101011101010111100001
0000100111000101101001110100111000000000000100101101110100011111011001000111011
0001000001110111001011000010111001101001110100110111111110010100100010000110001
0010001010010101100100011001101000000101010110110011100101010011011011010001100
1010100011010010100110   011110101100000111100000100110101101010001001000100000
101110110100111011110          100101111100011010011011110001000001001110101000
11101101001111001110            11111101011110101111101000101010110010011100010
001011011011110101000             010010011111000111111010101000100110010000101
01111111111011110011              110110110001110111010001010110011111000011011
0110110010001101100               101001011001101101001110101011010001111011100
00111100000110100101             0001100101110011110       01101100010001001100
00101001001110100100100      10100100010011001100010        1111010110100011100
00111001110011010010010       111101111001000001111        10000100111100111000
11110101100001011011100          01001000111               01011111011110110010
01101100001010010010              10101100001                 10111001110001001
010001011111111010                 10010011010101               001010001101000
110101010101101100                   111000010010               010110101110101
11110000011111101101        110101    10101110111        1001101111111000110110
01100001110111010000        100100    110011001101       1100000000011100000001
01100111011000111101       101111    110110001000         001111011000001101100
01101000100001000110       00111    101011100110          000110001111011000101
1011011111010111111        000     100000001100            00111101100011100010
001010101101001111         010    100110011011  010         0101100011000001011
10011110011001000                011011010111   010      11     001011011000010
10000000101111010              0100010011011    010      010     00011000111100
0011011110011101              0101011000110     01        0011   01111100010111
1010010010111110               100110101011     10        100111110101001000111
1001011100011100               1001001110011  000         100010101011111110011
1110000011111101                10110100101011111          00011101101100000101
111011001110010                 0011111101000011            1101001010001001110
111110011010111                  110010100000000            0011100000000101101