0010001011011111000101010111011000110010001101100110100110010110000010010000000
11101100110110100             0111010111011101111100011110101000111000100001100
0110111111111001                   01011101110011001110100011101001110000011010
010001110111101                     0011001000011011000000011101011111011111010
11101101111010                       011011101001100001011111001100011011111011
110101010100110                       01111001110011110001110100011101110001001
1011000010101010                       010001111     00010100101010000111101110
11011100000100111                        1101011             010001111010110001
0000011111111100                         1011101               1111110001011001
0011110001010101                        1001011               00101010111110101
001001110011011                        0110110              0101011000101000001
100101101100010                  101100010001              10011011011000100111
10010110011101000100            000111100011               00010011101100000110
010000010101111111010           10110000000                 1010111110100001101
1111010100000111111001                                      1111111100011011100
1000110111011010101010                                       101011011100011001
1111001010101101010010                 1                         00011001000000
1010111000111010011                   01010                           100010111
10010011011001110                      010                              1000111
010111011101011                                           010001001111111000011
10111010001011                                           1010101100010000100111
1001101101000                                           01001110110011001000110
101001001101                                           100000101110001010110101
0010101001111                                          011100011100011011100001
1111110001110100                                      0111011101011001000100000
01011011010100000            111110                   1110000010001000100011001
10001101101111000           01111111                   111011110010111011001001
11101001011001011           0000000                     11000111100011010000011
1101010100100000           1110110                       1010001001101001110001
0111101000110010           001101                         001110000011110001111
010000101001011            1000                            10001101001001000011