001110010111010110001100                                                       
000001011100000111001                                                          
0011101100001001                                                               
101111111001                                                                   
110110101                                                                      
00101                                                                          
01                                                                             
                                     001   1110                                
                                  0100101110010110                             
                                11000001111110110010                           
                              110101100000010000011000                         
                             11110001110101100010000000                        
                      1011  1010101011111100000101001010                       
                    1000100110111100110000100001101010001                      
                   11001101011001110111011000001111111011                      
                  10011001110110111101101000000011110011                       
                  10010011100110100010110100110000101011                       
                  1001010011100010001010101000111010101                       0
                  11100100 1110100100010010111001001011                      11
                  1000010110110001011110001101111001                       0100
                   01000100100 10 1011101010001001                      1011110
                     010010111100    01010   111                      011001011
                       01000001                                    110010101111
                                                               1010110001010000
                                                            0011001011100110101
                                                        01001100100011110001010
                                                    000010001000010111101011110
                                                0001010001011100101111111010101
                                          0110100011010001011000000110111001101
                                    1110101100111010111000100011101101110110100
                           0000101101000100000000011011101011111000001110000111