                                 100100110001                                  
                                0001111001111                                  
                                00011111101111                                 
                               100000110000111                                 
                               001000001001111                                 
                                10101101110100                                 
                                 001101000011                                  
                                  1001111011                                   
                                   1001111                                     
                                     0000                                      
                                      00                                       
                                                                               
                                      0                                        
                                     11100                                     
                                   10011010110                                 
                                   011100000010110                             
                                00111111110010111100                           
                              0010100010001000111010                           
                             01100000010011001  00                             
                             11100010111101                                    
                                    0000000                                    
                                    0101010                                    
                                    010100001                                  
                                   1101101010                                  
                                   10111111010                                 
                                  01011011000                                  
                                 10101010111                                   
                                 110100100000                                  
                                001010100101101                                
                                110101000110111                                
                                    0101110                                    