0111011001001100111111010001101100010000000001101101000110111101110011001010011
0101110011101110101101101101011011101001111010111001110011000101101100001010000
1010000011010101000100100111000111010011000110110011110110000001001011000010100
0000101111111101010001111000111001011011111010010011011101111001001010000000100
1110011101010100110101111010010110000100101001000111001111100111010001101111101
1010010001110110111100111010010100011111100010110010000000101000100000111111100
1010010100001000011101000001011011100110010011010110001011101111010001101110001
0001111001111001001011001010110000011110100010100001000001110001000111011001111
1110100100001100111000111101100001111001000100101010010111000101001000100100000
1100111010011000010100000010000101111001000000011110000111101110100010011100011
0101110000101101100001100001011011001111111111011011111111000100110000011101011
01111011011110101011110011110110001    00    1010011001101110111101111100110110
01101111010100111101100011001      0110100110       010000111000000000110001001
000111001010001001100011         1000000100111           1000111001001100001101
01000010000010011011           11100100100110011              11010101000110101
11001111101011                 10001011011111110                    10110001010
10011000                       10111011001100011                      001101011
0100101000011100               00101000100001100              10000101101111001
0110010011100110010001           01101000001101           011100010100001111110
0001000000100110100001111110       1000001111        01101001111101101011000000
11101001001001100110001000010100100   0110     01110011011100110010111010010110
0000011011111011100000001010010101100100001100010111001110110100100001111010101
1011111111000110011000000111001111011001110101110000100101010010101111010001110
1011001000111111101011110000110011101010001011001000011001010001001000001000010
1111011011100101101100100100101001011011010011111111010001111001011000101101001
1010010000010100110101001101001100010010000101111110001001110111111100101110011
0001111100101010010001101100110000010111111001010010100101110010000101111100001
1001110101010010001111100001101001011111101011110111011010111011011001100110001
1010110011001010111100010111010111110011011100101101100100110101100011100010000
0000001100000101010101111001110111100001101110010100010001001101010000100011001
1001011011011011000010011010001000110011101001111111111001110000010100000001010