                             0100001001111110111000011011                      
                             0111101010101110111101001100                      
                             111101111111011111100101111                       
                              0111010110101011111110001                        
                               10001011100000001110111                         
                                110010010001100001101                          
                                 0010101000111110100                           
                                  0011111010010101                             
                                   0110000110010                               
                                     11101110                                  
                                      11100                                    
                                       00                                      
                                       0                                       
                                       01                                      
                                      01011                                    
                                    00001100                                   
                                    000101101101                               
                                10000001100100101000                           
                              01111101000001111001010                          
                            011010110011010001000011                           
                            001010010110001000100010                           
                             00   00001111 010   11                            
                                  101010000                                    
                                  011101010                                    
                                  011100000                                    
                                  110111001                                    
                                 00010110                                      
                                1111111001                                     
                                1100001001                                     
                               101011110010                                    
                              00111001001011                                   