0011100110110011000101000101100000010110000110001111001110010001110110011010010
0110000011011100000110101111101010100111110100011000011110000110001010011110011
1101010101011001101110010001000110111010110110100111111111010000100010100010011
0101010100011001001001111110001110001000001101010010000111010011101110001111100
1011100011011110000110010100101001111000000011110001111010000001110101101101100
1101110101110001000011100000100001001011000111011101001010001001110010011010101
0001101010000100100010111100111110010111100100111001010001100011111000101001010
0010100000110101101110101100000001110000100111100100011110011000110001110110100
0010011101000111000011000010101111110110000010110010111011110101101111011101001
0010000100110100010011101111001101010011111000000010101010001101110110100110110
0001100100001011010000010000100011011110010011111110111010100000101000101100010
1111110111011001011000111011111010011011100011010110011011011110110000110110000
0010110111010100010011111111110101100010010110001100111010101110100000001100000
0110000101001101100111011100101111000101000011100100001110001000111011010111110
1000100011111000011101000011101001111101000100011000100001001010110110111010010
1010100001111111100011111010001011111001110100100110000010111110111000110111001
1101111111010100101001000110010000001010000110110110011111100100  1000011011000
00100111011011       110000011000101110011101110100011111       110101101100101
1011111000111001110             0010000010101001            0110011111001101001
00011011000111010010100          0011101100101           0000001011111011111100
0100111001101001100001100011        0101100          10110101010111110110110100
101001101011011011010011001010010               0110110110001000100100010100111
1001011100000010101111110011000111101100010011101110010110100111000111000001000
1110000011011000101011111110110101010110101101101010010100000100101100000111101
1101110000110100011011001111010100100100101111001101010010000000011010101001111
1010001000011011111010100111111101101011110010000011011000100001010000101111000
0111001110000001001001111111001000000110001000011001011010110101101000101111001
0101001011101010111000100000110010011010000111110010010101101010110010101110011
0111001001101110111111110111001011111000000011111000010100101011011011101011010
0111000100010001001100001111111010100011011001011111111000111101000011010000111
1000000101000000010000000001001100001110101001111110011110110001011111010100111