0101111111100100010001011110001000001000000001111101011011111110000100100011000
1111101101100001011110010010010101100011111011011111011100100010001011011000010
1011011001010010011001110000111100111110011011010000010000001011001100011111111
0010011001111010010110001100001101110111101110001010010111011011111001001100101
1001011101111111011110011001011110010010111101101011111001011100011001100100001
1100000100110110100101110100000000111100111001110001111101110001101111101110110
1110101010101101011110001001                                  00101110000010111
00010011000101110101                                                 0001100000
0100111100100                                                              1110
01010001                                                                       
010                                    10011001                                
                                   0110010001011                               
                                 011011011101111001                            
                                110001011111110001100                          
                               0001111010010111011001                          
                              01011000001011011100010                          
                              01011110001001110010101                          
                               0100010000111011100010                          
                               100011001001111111010                           
                                 010111100001100011                         011
                                   11011011001110                      00011111
011                                  11 100111                    0111010000110
10010000110011                                             11110111010000101011
0011000100011110111001011100                 1010001100000111010000000001000100
0101111101111000010101101111010000010111011010011101011010101001100110001010101
0010001101001101001111111100001000110010110000100101011000010000011010010000000
1111001100000001111001101100011000011001101101011000011111111001110010111111100
0011000100010010101110011111000111111101110001110111110101101010001110111000011
1101000111011101010111000011010110001001100101011011100011010111110000110001100
0000011001110100010100001000100001100011111100000100101001100110001000100000001
1111010010101110011010101110111000100001011010100001000100011011001101011000101