0101000011010110110010000101101111001110111000111010011100001100110011100010111
1111110110000111101110110000110010111010100101000011001110010100101101101111110
0100001111011011111011110101100111000111100000000111 11001100011111001110000101
0010100001101101100100101100010111                                   1001100100
11100110011111010111001001                                                   01
0011110000001101000                                                            
10100010001100                                                                 
001010101                                                                      
11010                                                                          
                                     1011110001                                
                                    111111010000011                            
                                 00011111000100000110                          
                             011000110001100100000001                          
                            01001100011101010000100101                         
                           01011110111001101010101011010                       
                          110 1110010000101100001010110                        
                          00101000000011001011110101001                        
                           1111111000100010001100011111                        
                            11111001110001111000110010                         
                             10111010100000110101101                          0
                                0  001000011101111                        11111
                                      11100   00                      101110101
                                                                 01001110110011
                                                          101101110000101111100
                                                  01010110010100100010101100001
0111010001110                      01110001111100100100111000001000110101111001
1001110001011111010000101110000101001101001101111101010011101110010000011000100
0011111011100001000010101011011010101100110011011011001010111101000001111000011
0010100011000011110101101000011011110111010110110001010111101000111110010001010
1000100110011000110011010001001001001011001100110001101001101100111101100101011
1101010111011111001110101010111111110110100010100100101011001001010100110001001