0110111010010001011010000101011101111111011001100110001101101001010000111110101
0100011111001101010011001111010110101100011100111100101111111111000111010011011
1100010101111000001101000001100000111100000111110110110101001101000001011111110
1101110111110110000011100110011000100010101110000101010101101010100011111101011
1001000101100000010000001101000001110010010011001110101100001001110000101011101
0000000100010100001110011111101100011010000011111011011100001111110111111110111
1101001100000011111000111100000011100011001111001000010001000100101101110100011
1101100111001101111010010001111101010011111010001000000110010001101010100101100
1010010100000011101010111111001110011010100110110100001010011011100000011111011
011010111001011111000010010100000110010001       111110011100000001100110011110
110101011000000111011010100101010011 01            1011101111100111011111000010
100101111111011011000010001100000111                 11000000011011100010000100
00011011110000011101101110000111010                   0000100110001111000101100
100111110010111000010100111111101                      001110111011100011010001
01000111000110000100000001100000                       101100011011100000010100
00101101101001100000110000000010                        10100100101111010000011
101111010010010111101100000010010                       10100110011101101111001
0111101010100100000000010011111001                     110000111000001010001010
111101001101100110111111010111110001                110111101101100001010111111
10111001111111010011110101110100111001             0101100100010100110111111101
01001110100101000000100001111101101100110       1000100101001101100100110001100
1111001100011011101010100111111110011110011110011001011111000111000110110100100
0101010101101110001111111100110000000100000101001000001000001101010111100011101
0110001001010001010111000001010101011100001011010011001010011001101001101100111
1110110000011111000001001100000001001000111101010110110101110111111010011110111
0111100111011110100001010000101100010010100010010110110101001100110000000000011
0111111101000111111101010001100001110001101011110100000101000000011101011000100
1111100000100100100110111001001101000110000110101111100000101000110000011110010
0111110010100100000110100101011000000110110110010010100110100011000101111110111
0100100011100001000011111111111101110111001000000101011001011110100001011010101
1110001000101010000100000110010001001011010101001110001100000001001110101011111