                                00001011010101                                 
                                10001010010100                                 
                                00000000101001                                 
                                00000011000011                                 
                                 1001000110100                                 
                                  00000010100                                  
                                   10010101                                    
                                     1010                                      
                                      00                                       
                                                                               
                                     01                                        
                                    001010                                     
                                   010010011111                                
                                 11111100001001111                             
                               01101000111101101010                            
                             0111100110011111001011                            
                            1010100110101000 010 10                            
                            10101100101111                                     
                               0   0111101                                     
                                  10110111                                     
                                  01101001101                                  
                                  0100001 100                                  
                                  10100011                                     
                                 010111000                                     
                                0110001110                                     
                               101100110110                                    
                              01110110101110                                   
                               1010000011110                                   
                                  0100001                                      
                            101      01100  111 1                              
                            1000000001011010011111                             