1011110111110110110110001010100100                                            1
11110100101111001110100110101                                                  
10001010010111111000100                                                        
010100011001011101                                                             
0111110001010                                                                  
000100110                                                                      
01100                                                                          
11                                                                             
                                      101100001110                             
                                  00111000010000000                            
                                 01100001010011110110                          
                            010111010101110011111101110                        
                        00001000010100010110000101111011                       
                       111111001111101001111001000001011                       
                      1111100100111101100111110001000100                       
                      01101010100011010100000111010111000                      
                      010000 001100100001111100111101011                       
                      0100000 0101100100000110111100111                        
                      01101000 10011110111110111011100                         
                       0001011001 0110000001111100000                        11
                        010011000110001001101101100                       11011
                            11001     11  1001                        001100000
                                                                   010111010010
                                                              00110110111001111
                                                          000110011001010000100
                                                    101111111110111101010100110
                                              011011011011001111110011011000101
                                       1111100101001000111010110010110010100110
                             01110100001101001011100111000010100101010110010100
              00010100100101100101100000011101011111001110110111010010000100001
1001001110001001101001101111000101111000110010010110011011001011001111010010111