                                01110011100101                                 
                                10010000010010                                 
                                11100100000011                                 
                                11000001100111                                 
                                 010110101001                                  
                                  1011110010                                   
                                    010011                                     
                                      001                                      
                                                                               
                                     00                                        
                                     10110                                     
                                   10101000                                    
                                  10011100100010                               
                                1110011110100110011                            
                              0101000001010001001101                           
                            0011011000000101001 000                            
                             011001000010101                                   
                              1   01011100                                     
                                  11001111                                     
                                  01100000100                                  
                                  10000101110                                  
                                  01101100                                     
                                  00110101                                     
                                 000010110                                     
                               001011011111                                    
                               0110100101100                                   
                               1110100010101                                   
                                11001101001                                    
                                     0101                                      
                            00110101 1101110001010                             
                                         0 011 1                               