                                                                               
                                                                               
                                                                               
                                                                               
                                                                               
                                                                               
                                                                               
                                                                               
                                     01                                        
                                   00010010                                    
                                   0100111001101                               
                                  00101010010100101                            
                               001100111000010001110                           
                             10010001000100100010010                           
                             0000110111111010 01                               
                            001  0111111111                                    
                                   10110011                                    
                                   01001111                                    
                                  0100111111                                   
                                  01000011                                     
                                  01011100                                     
                                 111011011                                     
                                11001100100                                    
                              1110100101011                                    
                             111010000110010                                   
                             011010001001100                                   
                               0100001100011                                   
                                     10  11                                    
                            1100101100100101001101                             
                              1 10010  10 10100000                             
                                                                               