                                                                               
                                                                               
                                                                               
                                                                               
                                                                               
                                                                               
                                                                               
                                                                               
                                     00                                        
                                   1000011                                     
                                   000001100100                                
                                  01010111110010001                            
                                1110011100110000001                            
                              010110110010110101000                            
                             010001100101110  01 11                            
                             00 0100101100111                                  
                                   00111101                                    
                                   00001001                                    
                                   111111001                                   
                                   1010110                                     
                                  10010001                                     
                                 1011000100                                    
                                01011101101                                    
                               1111000110100                                   
                              010010101001011                                  
                              010111011010101                                  
                                   11010101                                    
                            0000100  10 101 01001                              
                             001111110110010110011                             
                                                                               
                                                                               