                                                                               
                                                                               
                                                                               
                                                                               
                                                                               
                                                                               
                                                                               
                                     011                                       
                                    0100100                                    
                                   101110111                                   
                                   1000110100110111                            
                                0010100011100111101101                         
                              100000101101011000001011                         
                            0010101010101100001101010                          
                           01011011000000101010                                
                           10001  011010101                                    
                                   00101001                                    
                                  0111000000                                   
                                  0000101001                                   
                                  0100011011                                   
                                  10111011                                     
                                 1000100010                                    
                                 0101110010                                    
                                11111100001                                    
                              01100101101011                                   
                            01010000111110100                                  
                            01100001010011010                                  
                              010010100101000                                  
                                 100011 101                                    
                                     000001   101                              
                           11011001111111010110000011                          