                                                           1                   
                                                         0111                  
                                                        1010                   
                                                 1011010011                    
                                               11101011011111                  
                                            100100100010110100                 
                           100000000110011010111001011100100110                
                          1100100011110001111100100001100100010                
                           01000001110110110010011001101111010                 
                          011000100100100011011010110111000010                 
                          0  10    0110111111101111000011110010                
                             110  0001111111101111101110100111111              
                               100010101100010001111110110110111111            
                                      001011010011110011010100010000           
                                      101101000110 0101011110110100011         
                                     1101001110010     011000001010010         
                                    11 00110001110100011111111100000110        
                                   000 001101001100111     00   0001111        
                                  1011000010100000          111    0000        
                                  11011010001111100          1001011000        
                                   0011001100010001                   1        
                                    111100110001000                            
                                      11011000000101                           
                                  001 00101110101111                           
                                  010010001101111000                           
                                   110010001111111110                          
                                    0001010111110000                           
                                    0100011110100001                           
                                   01101000110000101                           
                                   00011000001100111                           
                                   00000011100100001                           