                           1111011110000011 1             0101100101110110     
                          00011010010101110101000      1011100001010010000     
                         111  110011010111100101101101100000010001011110011    
                         000  0101011001011011101011010010010110110101111010   
                         0000111101010110101000100110001011111001001101000100  
                           001011  111100000100000011110011000111110100001101  
                                110 1  0001111111001111101001011001000000001   
                                  011101000000010000001110001101000111010001   
                                   0001000011011110011000110011111100101100    
                                 010010011001110110011011001011100111101011    
                                  00011000000000111110111100000101001101101    
                                     0000001010100111110101111100001001111101  
                                       0110101000111011000110110110100001000010
                            100100111   101111010101011100111010111000011100010
                          0111001010010 0111011111010111    0110110100010000010
                           101011011110 01 01000001100010 110111110110000011001
                            1110100100  1001110010111110  111001 01011011001000
                            101001000  010110101110110101      111   1101001100
                             0011111   1111110101110100101      1001    1111001
                              01010   10011111001010101111        00111   01100
                              01101  110110110101001010011          10100100001
                             1111011011101101001110010111                    1 
                            001111110000001001111101111100                   10
                            1001111 10100111001110001001010                   1
                              01010011100000100111000001101                    
                               0001000011000100011011100101                    
                               01101100101000110101110001011                   
                              11010 1101010010010001010101111                  
                             01101  11011001001110111010110000                 
                                    110010010110101101110111101                
                                   10001010110010010010011101110               