                           0011011011011000000111000111100011101110111000101010
                           1011 00011101011010111100101000001111100111111111000
                              01 1010100011000011010011101010110101011101101110
                              101    100101010011001110111000110011101010000101
                                1001 010100000110110010010011110011000011110001
                                  010001000011100001010100000011000011101000110
                                      01111101100110101111001010101100010110110
                                  0 0111011000101110000010100101110111011000100
                                00001110001011011111111010100110100110001111111
                            001111110011111110100011111001001100110100001100100
                       11001101000000001011100011100011111100101001011000100001
                    01010000111100001000011010100101110101010001100001010110111
                  00011001111110111100000101010100110000 1011111110000001101101
                010110111001011111011100000101111101011    10100000011110100111
                 00101101100011011001 10011011010101110000011110110010100100101
                    1110010001001001  10110010110111000010110  1000111001010111
                      011010001101    111101101100001000        00 111111111110
                         1100110      111111011011010101        1     101101010
                         10010010     00111101001011010101       01      001011
                         01110101     00101001011110101100        010 11  10101
                           1111111   001110010011001000111            000100010
                            0100111 11111110010010001100111                  0 
                             110010010010101100111010010101                   1
                              001010110000011101100100100110                   
                               00000000010100000011100111111                   
                               11000011110000111011111110100                   
                              0011100001100100111101001011100                  
                            00100 1100000101111011111000111110                 
                            011    1111011110110011001110000100                
                                   1101010001010001011101101111                
                                  1100000110101111001100011011000              