                                  100   100000100111110101010010011100000001011
                                   001    1100011110000101010010000000010001100
                                    011    101100000010110111000101011000110100
                                     001011010011101101110101010101010001011101
                                             10 0000010111001000010000101001100
                                             10 0111001110001111110001010011011
                                           111111010101111110101011110110111100
                                        100011001011100011111001100101111101000
                                        110111100100110100000101111000011001010
    010                                   0111101011000110101100001000101110101
   10011                                  1110001011000100110110010010101111111
 111010001                                1100111010100101010110000011111111110
11100010101                                 001110001111000100000101  010010011
1001011010110                                  11011100011010010111110010110010
11010011100001                                  00011100111001010111     001001
001100111000100                               10011110000100011101111     10   
10001101110111100   1001     11110 0 1 1100 0111011101000100011100110     0111 
000100110011010100001100001010101100010100101000000001101110001011010       110
100101100001000100110101110010100101000011010010100101010001001011001         0
0101110010011111100101101101101000011101100011101001010000011000010100         
00001101000011011010101                      1110101010000011101001001         
0101010110100100                              100001110000110000001110         
111001001001011                              01011001010101100000000010        
1000011010000                               000000100100100011001101100        
11100010011                               10010100100111010111010110010        
 110011110                               110000000110011011100001000011        
  111110                               010011  1010101101010001101001010       
   1100                               101010   00011001000011101100001011      
                                     11100    111000010001010000010101110      
                                      101     0111111100100111110110110001     
                                             011101110010110101011000111110    