                                                 00                            
                                                101                            
                                               1111                            
                                           0011110101                          
                                         10111000001000                        
                                        1001010101101011                       
                                       00011100000100010                       
                              10110111010010000011110010                       
                           110011101100001001011111011101                      
                        1111001110101000111001000011001010110                  
                        1101111001111100111000110101010111000011               
                        100001010010000000111001111010010110000110             
                        1000110011010000110000010001011111010001111            
                           10     011001110111111110001010101010011            
                            111010010001010000100101001011110111000            
                              1010110010100100    100011001     0100           
                                   011110111001 0000001010     0001            
                                  11101110100111000      0100000               
                                  01100011100001                               
                                  011010110011110                              
                                    11100111001010                             
                                   101000100100111                             
                                  00001001110111101                            
                                 00011001000000101                             
                                 01001110111010001                             
                                 010011111111000001                            
                                1010011100110100010                            
                               001101100101010010                              
                               01010010000000111 10                            
                              1010111110110000101                              
                             100100011101011100100                             