                                    0111110                                    
                                   10011100                                    
                                    0100101                                    
                                    1010010                                    
                                     01101                                     
                                      011                                      
                                      00                                       
                                                                               
                                        01                                     
                                       111011                                  
                                      11010000111                              
                                    01001001010011110                          
                                  11101000010000110111                         
                                1110000010100110001100                         
                               011101011001010010 01                           
                               1000100000011  0                                
                                 1   10101111                                  
                                     00001000                                  
                                     101010001                                 
                                     11010011                                  
                                     10101111                                  
                                     01011010                                  
                                    1000110100                                 
                                   1110001000110                               
                                   01010010001000                              
                                   1000111010001                               
                                      0001111                                  
                               110001 00111   111001                           
                               00101111  11111010000                           
                                                                               
                                                                               