                        1111110110011001100110111110001000110110110000000101100
                         000110111110010100101101100111110111100010100100110010
                           1011000011111010000101111000110111111010110101100010
                             11    10011010010011011011010000110100010111001000
                              0111111001010111011111010000011111101101100011111
                                     1  11000011101100011110010100111110011101 
                                     10 000101100000000001001011000101100001001
                                 0001110100100100000000111011001010110101010100
                                01111101101000000011101001100111111010010000101
                              0011111000111110110110100010001111011010001111011
                            0001  010001011100011100001110100101000111000001100
                          10101   100110001010011001010001001001001010011100011
                         11110     101110000101000101110   01001011111110101000
                        1011         1010010000010001101111 0111010111010000100
                      001011           01011001100000111110     101011101011010
                    10100001           111100101101111111       11   1110101001
                   01000100          1110010010010100001101      01     0000111
                     01000010      111000110000011110010011       0110    00010
                       01110101   011001101010101101011100          10010 11110
                         1001101111011001111011100010010100                   0
                          0100100011100011010110110010100000                   
                            1111110000011111001011010110011                    
                                    100101101010000010011011                   
                                   10111101110000111001110101                  
                                  01001111100111110111110110                   
                                 1001100101010111010101010111                  
                               00011  001101111110110001100001                 
                             010111   001011111110001001000001                 
                             11000   11000111000011011100101111                
                               0     000101111001100011000101011               
                                    00001111000001100101011001001              