                                                10111  001111111100010101110101
                                                  11100111010001100111001011111
                                                         1010000101101010100100
                                                         1010000011001111111010
                                                       111010110001011100001000
                                                     11101100111010100011011110
                                                     10 10100000110000001111100
            01                                          00100010001111100111111
          010101                                       000101011110011111000001
         01001001                                      101101100110001110000011
        11101100011                                     11010011011001111110110
       1000011111011                                       11100011111100010011
      1001101001110110                                        10100111011111010
      00101010101011010                                     0011000001001100000
     1110110001001000110                                    1111010111110111000
     110000110100111001010    0            0000101101110000  010000100101100000
     00110000001001110110000101100100111111000101110000011011111111011100100011
    110101000001000001000011100000001011001001001110100101010001011110110010000
    100001111011011010000100001001111001011011001110100100011000010101000001011
    110010001010110100100011001100          00100101111101111011001001100100100
     0011001110010011101000011101                           1001010110000101010
     01111000110001001011                                  11001110111000011001
     1011110110001111101                                  111111111110101111100
      00001111100010010                                 01100100010011110011010
       10111000010110                                  011010100011110111001101
        01101010011                                   0000101100111111100100110
        0111001100                                   11010010100111000000100001
          110010                                   0110011   110010000100000101
           1111                                  0110100    1100000001011100000
                                                 011101    10100010111011000100
                                                           10000001000110111010