                          11111111001100011110111111000001110010000111101100111
                           0010101000000100110110111000001000100100010111000011
                             01101000000100000001100100100011101001111111010100
                              11    0010100100000100010000100100100001111101100
                               0100 0101000110100000000001110001011010110101101
                                  1  100110111100000010101111100101101000010000
                                     00110101000110000111111111110010101100000 
                          01100101  000001101000000000111111111100010001111110 
                      001110000010111111000001001110000110011101110110010001011
                    00111001100110100111001111010101100110001011010110101010001
                   100010000111011010110111101001000001001100010101111010101100
                  1011110100100101000001000010110111100011110011101100101010010
                100001010011010  1100001011011011010100  0010111111000110111010
                01111100011110      0010100010111011100    00011000001010101111
                 000000000110         00011110010111011111101000101101111001010
                     000010001        010000011001001110       1100011111100110
                         00100        1011111001011011010      0   101110000100
                       0100111        0010101000000111100       00    011010000
                        000000        010010001001011111         0010    011011
                          00000    0000010010100110110011          10100  01000
                          100001  110100011001110110100101                   0 
                           001101  01010000100101111010100                   10
                            1111100100011100010111001110010                   1
                            0011100100100111001011000000100                    
                             001100011111100111111000011001                    
                              110111000100011011000010110100                   
                              01101  11000100100110111000100                   
                            00001   0110000001000100001101010                  
                            000    101101010110011010101011011                 
                                   1011010110000001001001001011                
                                  010110100101001001001101100111               