                                 0110011011110                                 
                                00101000011111                                 
                                 0111101100111                                 
                                 100111000100                                  
                                   101011101                                   
                                    100111                                     
                                      001                                      
                                                                               
                                      00                                       
                                      01000                                    
                                    00101011                                   
                                    111100111010011                            
                                 10110000001011110011                          
                              1000101110010111000101                           
                              111000011000110101 0                             
                              0111001101111 1                                  
                              1  1100001001                                    
                                   10001101                                    
                                  10110111010                                  
                                 001000010001                                  
                                011001010010                                   
                                  1000000110                                   
                                  10011011110                                  
                                 010100111000                                  
                                01000011010111                                 
                                1100010111111                                  
                                    0011101                                    
                              010    00 111  11                                
                             1101101101000000100010                            
                                                                               
                                                                               