                                     10000                                     
                                    0100100                                    
                                     00010                                     
                                     11101                                     
                                     1100                                      
                                      110                                      
                                                                               
                                                                               
                                        11                                     
                                      1101011                                  
                                      110001010001                             
                                    0111101100101000                           
                                  11010101101001111010                         
                                000110110100110011111                          
                                0001101010010111 101                           
                                 001000001100                                  
                                 0    1001000                                  
                                      0010100                                  
                                      00000000                                 
                                     10110001                                  
                                     00110100                                  
                                     10010010                                  
                                    0011110000                                 
                                   0111110010101                               
                                  10101010001111                               
                                   1101111111110                               
                                      001101                                   
                               000001 10101 00000110                           
                               1010101000101100000000                          
                                                                               
                                                                               