                                                                               
                                                                               
                                                                               
                                                                               
                                                                               
                                                                               
                                                                               
                                     11                                        
                                     10011                                     
                                   00100100                                    
                                   11110110001011                              
                                 11000000111111100101                          
                              10100111000001111011001                          
                            1001111111101100111111                             
                            101010111010110111 01                              
                            000  1000110001     1                              
                                   10001010                                    
                                   101000010                                   
                                  1110001101                                   
                                  0011101111                                   
                                  00111000                                     
                                 110111101                                     
                                00011010111                                    
                               101001011110                                    
                             110010000111011                                   
                             111001010100110                                   
                              00110011101011                                   
                                 101111  01                                    
                             1       110111  110                               
                            11001100010100110101010                            
                                           0     0                             