                                      000                                      
                                      001                                      
                                      010                                      
                                      110                                      
                                      110                                      
                                       01                                      
                                                                               
                                                                               
                                       111                                     
                                      101011                                   
                                     101000010011                              
                                    01001110101000010                          
                                  1100101011010100011                          
                               00100110001101000110000                         
                               10000011111110100                               
                               10000 0111011                                   
                                     01101110                                  
                                     111001011                                 
                                     110000101                                 
                                    1110000101                                 
                                    10110000011                                
                                    110010001                                  
                                   11100101100                                 
                                   0101011100101                               
                                   0110101001111                               
                                   001010110011                                
                                      1110011                                  
                              011101 100011   00101                            
                               001111110100111011101                           
                                                                               
                                                                               