                                     010    10100000111100101011110111100011111
                                      100    0101111000010000000101011000011110
                                       10110  110111011001100010111001011111000
                                         10010010110110010110001100010000000001
                                                0  0110110110110110111010000101
                                                0011111000111111000001010110010
                                            10100101100100111011001000101001010
                                           110101111100011010010010100111110001
                                             0111000000111110111111010110100011
     0111                                    1110011111101111100111011011001000
    1011101                                  1101101000001100111110011011101100
   000110010                                  101000111000101011000111001011010
  101110000000                                  010000111000001110010101  10110
 01101000101100                                    1111001001011110110001100111
1101101111100010                                   110001110110100110010     11
000011110101001101                              1100100011001011110111000    11
1000100110110100111  011 1 00100000101110 0010110100101010110001001110011     1
0100000000110011000000100100011101001100011100000111110111101000100101100      
1100001101001001101000111011001110010101101111110111000100110010010101000      
10001110010101100111100001111010011110001111100010101001010111110110100011     
0100110101011110001111000                       00010101100011110001110100     
111011011110110110                               0010110001001101110001100     
00010011100000000                              0001001000011001110000001001    
 11011001101110                               11100111110100100111001100001    
 0001000010110                               110101101011001000011001101010    
  0111010110                                01101110100011101110010100110010   
   0111101                                000101 100111010101101010000110101   
     1101                                100000   010001000110101101101010101  
                                        10111    0110110001101011111000001011  
                                        0010    101010100011100110010010010010 
                                                0111100000101111001010101011000