0111101001001100010000100110011011000100110011001101111001011010100100101101110
1101111001000001101100001010111110100011011001111000011000011111101011101100010
0111010001010001001010100110101101111000010101010001001111111011110101000000000
1010000110010000000101000111000101111111010111101001000011101111110011010011010
1101101011101001011000110111000000110110010010110000100101110110110100010110010
0001010100110000111100010010001000010000010110101001010111011100111101101010010
0111001101101110100111100010110010000111101000011111011101000101011111001100010
1000010110110101110011100100101001110000000101101111100010101110011110000001011
0001011010110010100010010100101101101101000001010001110101100000000110110100100
0010110000111111111010110101110001011100110011110011101110011000011100001001101
1100010011100011000101101011001100011111101000011101101100110001111011111111010
0001010011010001111111111100100011110010110100001111111000111110011001110111011
101111110110111011001100000011111100101            0101011001000111110000100010
000101111111111010110101110010001101                  0111111110100110111010011
0010111011010010101001010111011111                     101000010110111110011000
001000110001011110100110110011101                      010110000011111111000000
001110001111101000100001101101001                      100100010010011100011111
011110111110101101111001101101010                       01111101000111011110010
001110101001101100100100101011011                       00001000111100010111111
0011100111010010001000010011100101                     011110101000111010010101
00101101011001100100000010001101010                   0000110001000011010001001
0101101011100110001111111101001000001                01010101100100101001111101
1001001000010100101101111100010100110000           1111001111101000001101110001
0001001010011111110111101000000100000011110011000011011101011110100110011010000
1100011000010011101000000011001000111101110000111110010111100101110110100001100
0110111011110101000011000110000101110000110110011111011111100100100100111011100
1111010000100111111111111110110100010100000101110011101100011100010100111110000
1111011100010100011011111000101101110001011110101101000111001100111010100100001
1101001111101011011001000010111010011101001101000000011110111011000001010001010
1011100111010001101111001010101111001100010011000111110100110111101111110001011
0011100010110110100001110010101000010100101110010000110101111100110001100110100