                          01001110011010001001001011011111101100101101111110011
                          10101111010000111001001111011010101011110100000101010
                             00000111110010001010110010000110101000110110100000
                              00    0110101000000000010101110011010101011000110
                               1001  111110000000001001111010110100101001001000
                                 1101001111010111110110110100100000100010011010
                                      01111110100000111111010001010111001110100
                                  1 1001101011110010001010110010000011100100001
                               101010000100110111010110011110111010100110101011
                              1001100001111110000001001011111100110001011110100
                              1011001011011000001101111001100011010000100100000
                                 1110001100001010010011110011100110010010001001
                         1001100101010110001010000010111 0100010100111011010110
                     1111111001100110101101101001011011    11101000100101010000
                   001100110001111000110110000000111101001101011100011001110001
                  01100000010101110001001011101111011001011001 1100111101010010
                    111110100110011010000100010001011000       1   000011011111
                       1010001111011111110010011001011100       1     011000011
                         111010011010001011100110111000111      101     1011010
                            110110111 00001100110100000010        11000   00000
                             0001011 110101000111010111010             1    100
                           1101010011101011010010010110110                   1 
                            1011110000011100011101000101110                   0
                              00010100110011100000001101001                    
                                 111110100110000101010001000                   
                                01010111110001111111110011000                  
                              10101 1000101001011110001111110                  
                            110000  00111001110001011110011100                 
                            1011   1101100101001101010110111101                
                                   01010001011111010001110110100               
                                  1110001010110000100111001011100              