                                  0101000100011111                             
                                 001011110010010011                            
                                101101001001111010111                          
                               101000000000110011100100                        
                               00101000111100011110011001                      
                              0111001110110110101101011110                     
                             100110001001100010000001111100                    
                             00100101011111110111011011010100                  
                            01110001100011011100011101101001101                
                            0010000001000011000011110110001011110              
                           000111000111000001101111110010001101100             
                           10111101000110011011101110001001011101110    0010101
                           0100010110100001001101110101101101100011010100101000
                           1000110001100011101101000110011111001101001000011111
                           1101011001110101011110001001011010011001000011001110
                           1000110110001111000110001001011010110100100001101010
                           1100101011011000101100011111111100000001000110100000
                           1000101010000010101011110000111100011010000111111011
                           0011110110000111100111011111100100001011111101010000
                           100000010010011101110000101010010101000 000111101001
                            000100111110100101100000010000010011       11111   
                            1010111100011010110000000011011100                 
                            101111101110111011101010111110010                  
                             111101101100011110010111000011                    
                             00010100010001100111110001011                     
                              01101010011111011111101100                       
                               001011101111000000101011                        
                                110001000111000110111                          
                                11010011101100010000                           
                                 00000001110010100                             
                                   0001101011100                               