                                                                               
                                                                               
                                                                               
                                                                               
                                                                               
                                                                               
                                      110                                      
                                   111011011                                   
                                   0100001111                                  
                                  101000101110                                 
                                  00001001                                     
                                 101101110                                     
                                100010111000                                   
                               10000101000110                                  
                               101100111011010                                 
                              101100110011 000                                 
                               11101011010000                                  
                               0011001100010                                   
                                001010110011                                   
                                 111110100001                                  
                               001011011011111                                 
                               011000101000100                                 
                               000000100111111                                 
                              10010000010011010                                
                             010000100011000111                                
                            00110011001010001011                               
                           1110111011010001000101                              
                           00011010100011001100011                             
                             10110100010000100111                              
                              10010110111010                                   
                               1011      001                                   