                                                                               
                                                                               
                                                                               
                                                                               
                                01 11                                          
                                 1111101                                       
                               01101000100                                     
                               101010010010                                    
                              00101100110                                      
                          010000101100010000      000                          
                     1 000111100001110100001111001100010                       
                    110100011000010011011010001110111                          
                   11100100100010001100111                                     
                    111 100000010  1010111                                     
                                    1010101                                    
                                 01 1001111                                    
                                010111100100                                   
                               11101010111011                                  
                                 010110001101101101000110                      
                                001010001000110111010101110100                 
                            01110100110010101011001111000010010                
                        110010010011100010011101001001000001100                
                 0110100011100000110110001111100001011110111111                
                0010011111000101100110010001100001101111                       
                             101001100110001010100100                          
                                    01001                                      
                                   11101                                       
                                  110111                                       
                                  001101                                       
                                 0010001                                       
                                 1110100                                       