                                                                               
                                                                               
                                                                               
                                                                               
                                                                               
                                                                               
                                     1010                                      
                                   11110111                                    
                                  0100101011                                   
                                 000101110101                                  
                                 11001110                                      
                                110001001                                      
                              1100110010010                                    
                             010011110100001                                   
                            00001101011111100                                  
                            01011000001011000                                  
                            0110000101001111                                   
                              0111001010101                                    
                               111101101101                                    
                                010000101001                                   
                              101001010110110                                  
                               00111001010010                                  
                              100101110111010                                  
                             11001111001100110                                 
                            111011011101100100                                 
                           00100110110000110010                                
                          1001111100001110110110                               
                          10100010110110100001111                              
                           101010110101010001010                               
                            10101110111 011                                    
                              1110      111                                    