                                                             111101000011101010
                                                               1111111011110100
                                                                   101100101011
                                                                      110000110
                                                                        0101100
                                                                           0011
                                                                              1
                                                                               
                                 0100011                                       
                                 000100                                        
                                  01101                                        
                                 10000101                                      
                                 11101101                                      
                                00101101                                       
                                00100001                                       
                                11111001                                       
                                1111010000                                     
                                1100010010                                     
                               0101011001000                                   
                              00111011010100                                   
                              01001011011                                      
                               110 0 01                                        
                               000   011                                       
                              011100 1000101                                   
                                         10                                    
                                                                               
                                                                               
                                                                               
                                                                               
                                                                               
                                                                               