         1100110001001010011011000010000001100001100010111000011110001001100001
                          0        10100111100111001111110100101110110100011001
                                01110000101110111101110111110111000001111011011
                               110010111100011010011000101001001110001011011100
                               010001101000111010100011111111111101101010001100
                                00011010001100001101111001101110010100110101011
                                   00010101111011000101111010000100100110011000
                                      110111110            00100101101011000101
                                      11011111               010001011100110111
                                     110101011                01001000111011001
                                     000100101                  1110011001110  
                                     11110100011                00010000000    
                                  0101011101111101                0100000      
                                  101010000110011111                11001      
                                00000001000101100001                   10      
                               0000111001100110100011                          
                              001000111010011011110011                         
                              100010110001111100110000                         
                              1100011111111011111111011                        
                               11100100111100100010011                         
                                 101010100100101111010                         
                                  11111100101101111000                         
                                    1000111100011100                           
                                       010100001                               
                                                                               
                                                                               
                                                                               
                                                                               
                                                                               
                                                                               
                                                                               