                                                                               
                                                                               
                                                                               
                                                                               
                                                                               
                                        1010                                   
                                     1101110010                                
                                    100011101000                               
                                    000000011101                               
                                       100010101                               
                      0011             00000101110001                          
                      011011111011000111001111010110100                        
                          0001010011111001010110100  100                       
                                     10101011011101100111                      
                                     011001110001011111100001                  
                                    10001000111001        011110               
                                    011100111100                               
                                   0110111101110                               
                                   1011111011111                               
                                  000001011011110                              
                               00 110100010110110                              
                            1111 101000011100101100111010110                   
                            001011101101111010010110011100010                  
                            0  11101000010000101110101010  11                  
                             10000110001001000 10111111                        
                             010001110110000      0                            
                              101100001111110  1                               
                                        000100                                 
                                        111011                                 
                                        1100000                                
                                        0010110                                