                                                                               
                                                                               
                                                                               
                                                                               
                                                                               
                                                                               
                                   1111                                        
                                 100001010                                     
                                 001100101                                     
                                110011110110                                   
                               010110000                                       
                             01001001110                                       
                           100001000110011                                     
                          01101011111010000                                    
                         1011100100010000101                                   
                         11101101111101  011                                   
                        10001 0101101010100                                    
                             0001000111001                                     
                              111011110001                                     
                              0111011100111                                    
                             01000000100010                                    
                             000101110001010                                   
                             010001100100000                                   
                            11011101111000000                                  
                          0001001011001100101                                  
                         011101100000010010001                                 
                        0000000101011101101001                                 
                        00010100001011111010001                                
                         011010100101000110111                                 
                          00110110000 1010                                     
                             0111      111                                     