                                                                               
                                                                               
                                                                               
                                                                               
                                                                               
                                                                               
                                    1001                                       
                                 00010010                                      
                                 000100101                                     
                                00011011010                                    
                               111000110                                       
                              0111110001                                       
                              110000110110                                     
                              1101111110010                                    
                             00011001100000                                    
                             00000110010111                                    
                             0111101101011                                     
                             101100111001                                      
                              111001101001                                     
                              011010010011                                     
                             01010001110011                                    
                             110111011000100                                   
                            1111101100111011                                   
                           101100110000010000                                  
                          0001110101000111110                                  
                         101011010110101111000                                 
                         1001011001110001100000                                
                          101001000110010010110                                
                          1011111101111010                                     
                             0110 00  1110                                     
                             001      1000                                     