                                                                               
                                                                               
                                                                               
                                                                               
                                      11                                       
                                 01111111                                      
                               111110111011                                    
                                10110110011                                    
                                1010100011                                     
                               011101111000001                                 
                  01      1000111000011100101010100010110001                   
                  101001110010101101001000001100011001110011                   
                      01100011110100011000001                                  
                                    0000010                                    
                                    0110110                                    
                                 11001010100                                   
                                 10110001001                                   
                                  11011110101  11                              
                           0000001010000000010011                              
                   10 0111011001011001111110100110100                          
                   00111011110110100110110100101010001001                      
                     10111110110001111101111000101100011000                    
                       11010110100001010111000110011100001                     
                       100011011100011110100111100110100                       
                    00   10001000011101111                                     
                                   1000001                                     
                                  10010001                                     
                                  1011011                                      
                                  1111000                                      
                                 01111001                                      
                                 11011100                                      