                                                                               
                                                                               
                                                                               
                                                                               
                                                                               
                                           110                                 
                                       110100101                               
                                     100000001100                              
                                     10111011110                               
                                       1010100011                              
                      111110            011110011001                           
                       1111100010000001110011101000110                         
                           00011110111010001011001 01011                       
                                     0010010001110010100                       
                                     0100001110101 01110100111                 
                                     111111100110     10000111001              
                                     0111010000111         10  0               
                                     1101011011001                             
                                    11100110101111                             
                                    100100001011                               
                                   100011101010001                             
                                   00100101100000111110110110                  
                                  1011011101001101101101010100                 
                                 01110110100101100101111101001                 
                                0111111111010101100110101110                   
                             10011001101001111110110110                        
                             111100001010010101100                             
                               110011010001110010 001                          
                                        1100010    0                           
                                        1101001                                
                                        01010100                               