                                                                               
                                                                               
                                                                               
                                                                               
                                                                               
                                                                               
                                                                               
                                                                               
                                  0100110                                      
                                  001010                                       
                                   00011                                       
                                  11101110                                     
                                  110000101                                    
                                 00000110                                      
                                 00101100                                      
                                 11100101                                      
                                 0110001001                                    
                                 1011010000                                    
                                1111100110001                                  
                               01010000111100                                  
                               11011011001                                     
                                100 1 101                                      
                                001   001                                      
                               0110 0 0011011                                  
                                           1                                   
                                                                               
                                                                               
                                                                               
                                                                               
                                                                               
                                                                               