                                                                               
                                                                               
                                                                               
                                                                               
                                  0                                            
                               10000110                                        
                               11111011111                                     
                                11010101000                                    
                               0011110010                                      
                         0111110110101110                                      
                      11100000101101010011111                                  
                   11111001111101000111000101001110                            
                  01111001010010110000010000001010                             
                   00011000011   100110000010010010010                         
                       100        11111101 10011  100                          
                                  10000101                                     
                             1000000000000                                     
                             110000101110110                                   
                              1100010010011101                                 
                              0111011110110101100 1                            
                             1111101100101110011110011001110                   
                        101101000010001000001101110101100101101                
                   1101000000100010100101001010000111000111101                 
                  0100010100101101010000111110000111110111101                  
                 000101011101111100110011000110000000011010                    
                 0  010011000100011000011011010011001                          
                             1   00110011                                      
                                 0011100                                       
                                 0000101                                       
                                 101111                                        
                                 111110                                        