                                                                               
                                                                               
                                                                               
                                          1                                    
                                        100                                    
                           010     00101011                                    
                            10000111111101010101                               
                             010011000100001101                                
                           0 100001011101110                                   
                          0010111100001101111                                  
                             11011100100110000                                 
                              0101001011000011                                 
                               1010100000111010                                
                                111101100101010                                
                                0011100011010100                               
                              010000010011101110                               
                              00010000101100100010                             
                             0011111011110100110000                            
                             11110000000011010101000                           
                              11111101001011100110100                          
                              1000110010010100110110                           
                              1100101101010001100010                           
                             01010001110100000111100 0                         
                            0001000101011110000001100                          
                            010000110110111011011100                           
                           000010010101010111010110                            
                          110100110100111000001111                             
                          10010010100100000100                                 
                         01001110001011010000010                               
                        110000111011101111010111                               
                       000101110110010111011011010                             