                                                                               
                                                                               
                                                                               
                                            111                                
                           11              0010                                
                           1111 01101001101001                                 
                             00111110110011001100000                           
                             1001100000000101100111                            
                           011011001001101101101                               
                          00100010001100011001                                 
                             100001011000011110                                
                              001111101010101100                               
                               01110101010110011                               
                               001101110100110100                              
                               110110001000000000                              
                                101110000101100101                             
                              111101100110111001101                            
                             11111011011011110011010                           
                            10111111010111111111010100                         
                           1110101011111011001011101001                        
                            101011010110101000000110001                        
                           01100001010011101001001111110                       
                           010100101000111110010000010101                      
                           1011  1110011101000110001000111                     
                          00111  00101110111100010010011001                    
                         1001100101000010100011110100011110                    
                        100101110010110011111110110000101                      
                        100101001011110111000101101101 1                       
                       10110  100100100000000111001001                         
                      01001  100101001100110000001001                          
                      1011010101010011000101111000                             