                                                                               
                                                                               
                                 0                                             
                                 000                   10                      
                                 0101                 000                      
                              110101101100101001101110011                      
                               01010111101011111100010010                      
                                01101001110000011100001100011                  
                             00000101110001001010010011110000                  
                            001010100011110011111011000001                     
                                   0001111001001100110                         
                                   010101111111001101                          
                                   101011000010111001                          
                                   101100010110011101                          
                                   001100111101010111                          
                                   0100111111001110111                         
                                   0110010111110010110                         
                                   0100010110100010000                         
                               11100111000110001011100                         
                             11100011001011001000110100                        
                           10100101010110001110111011101                       
                           000111011110110101100011101010                      
                           111010000100011000001011101111                      
                          111010100101001010011111100011                       
                          10001100 01000101011100101111                        
                         1010101110000100001110011010000                       
                        01110111010000000000110010010011                       
                        1011011000110100100111000111111                        
                        11101111110001001010010100011101001                    
                         11        01010010110001110010110                     
                             1110110001010000010101101011                      