         0011110111111001001100001100100111100001010111010110011000101101100001
                          1        01100011100101100000110000101011010011110101
                                01101100101010101010011110011011101101100001110
                               011100111101000100000010110001101011010001010110
                               000100101101101111000101000001010000011110001000
                                01001011011100001000100011100100100010100110101
                                   10001011110001010010000110001010010101011010
                                      000001110            00001100001100111010
                                      10101110               001100111000010000
                                     011101011                00111001010111110
                                     000000011                  0111111100100  
                                     00000100101                10000001010    
                                  1110110110110010                1011000      
                                  001111110010001110                00101      
                                10111010101001101010                   11      
                               1001000011010100111111                          
                              000010101101100011001000                         
                              001001011101110101100110                         
                              0100010010011010110010100                        
                               01001011100000111011101                         
                                 010101000001001110101                         
                                  10100100111110001111                         
                                    0101100010101101                           
                                       011000100                               
                                                                               
                                                                               
                                                                               
                                                                               
                                                                               
                                                                               
                                                                               