                                                                               
                                                                               
                                                                               
                               00                    11                        
                               001                 0001                        
                               011000100011000100011000                        
                              011110100011000111010100                         
                              0000011011001001000001000001111                  
                             1111000110001101000011101100101                   
                            111011001110110001110001011                        
                                 111101111010011011                            
                                 1010101010001111011                           
                                 00100101100010010110                          
                                  1000000001111001111                          
                                  1010110100000100101                          
                                  0110011000011100111                          
                                  1100111111011010011                          
                                  1011011100011001010                          
                               0001010001001100001010                          
                              100010000101000010001011                         
                             10001010010010101101000000                        
                            0100000111000110010100000101                       
                            01111100001110010000011011001                      
                             001100101110000000100000111                       
                             011001110111100100100110010                       
                             001111110110100100110111001                       
                             0101000010011011000111101100                      
                             1011010000111001010001000100                      
                             111101000001011100011001110101                    
                              11101011000001110011110111001                    
                            0100001001110101101010101100000                    