         0010000000010100001101000110000110111110011011111100101110111101011110
                          1        10001000100011100101000100011110111111111000
                                11010110110110010100000110011011011100100011000
                               110001000000101110011001011100001101011111100110
                               100101001011100100110011001000000001111001101000
                                01001001011100001110001101000010101001111011000
                                   11011110111110001011010110111111000011011000
                                      101111011            11100011010101010011
                                      10101000               010010101101111110
                                     000110001                01000111111000010
                                     000100000                  1110101000000  
                                     11010110000                00010000001    
                                  1001110100110011                1111111      
                                  110110010100010000                01010      
                                01011011000111101000                   11      
                               1100000111110000001001                          
                              001000101000011111001010                         
                              010011110001111110011011                         
                              1100011011100000111001110                        
                               11101011100000010110011                         
                                 000110111110001101000                         
                                  11110100011101101011                         
                                    0011101010001001                           
                                       100111110                               
                                                                               
                                                                               
                                                                               
                                                                               
                                                                               
                                                                               
                                                                               