                                                                               
                                                                               
                                                                               
                                  101                                          
                             110  0001                111                      
                             00010100010010100011011 011                       
                                1000000110011110010011100                      
                              000011001100011100110001110011                   
                            000000100110010001101101010010001                  
                             0  00001111111000111011110101                     
                                   000110100000110000101 1                     
                                   1000101100000010111                         
                                  1011110110011010100                          
                                  011111111010111011                           
                                  101110010111010001                           
                                  110000010010111110                           
                                  101001111001100010                           
                                  000110110100011000                           
                              101101001001000100110110                         
                           0001011011111111110101111100                        
                          110000010100000101000111101100                       
                          001110100001011010010010011000                       
                        001110111000001000000100010010101                      
                       101101001101001000100010010101011                       
                    0 011100000101011011110100000000011                        
                     1011110111111000110110000001111110                        
                     011100001101011100000010101001011                         
                     11101110    000011101111111000010                         
                                 1001100111001000011110111                     
                                00000111010011001100110111                     
                           00111100001000010001011111111                       