                                                                               
                                                                               
                                                                               
                                                                               
                                                                               
                                                                 111       0011
                                                             00  11100101011000
                                                              11011000000010111
                                                                001010100011111
                                                                010001001100000
                                                             101011100011010101
                                                             110100001010110010
                                                                     1101011001
                                                                     0000010100
                                                                     0100001010
                                                                     0110001001
                                                                     0011101010
                                                                     1110000111
                                                                     0111000101
                                                                    11001000110
                                                               0001111011010101
                                                             010011101110010111
                                                            1010111110010011000
                                                           01111101100010001100
                                                          101110101100001000100
                                                        00101010001110000000001
                                                         110100    000001010100
                                                          1111000 1001100110010
                                                           11101001111010101110
                                                            1001111010101001100
                                                             010100000011010111