                                                                               
                                                                               
                                                                               
                              01                     11                        
                               111                 1100                        
                               11010010011010110110011                         
                              100010010010111001100111                         
                              1011000110101101101010100000111                  
                            00101110110011110000101111101000                   
                           100000111101100110111111110                         
                                0011101010010010110                            
                                 0101001111111010001                           
                                 1000001010111011111                           
                                 1010010100111111010                           
                                 0111000110000000011                           
                                 0011111000101000101                           
                                 0011100011000111111                           
                                 0110101010111101010                           
                               1100100110110011001001                          
                              000100011111110100010101                         
                            010001100110111110110110001                        
                            0011011100011010110101010010                       
                            0111101110101010100000100100                       
                             100111110001011110000010011                       
                             111100011001111001100011101                       
                             010111011100101100010101100                       
                             0110110011000101000011011110                      
                             0110100111110000100010100110                      
                             001100001100111110110000110011                    
                              01010011000111100111110011000                    
                             000001101100110011010010011101                    