                                                                               
                                                                               
                                                                               
                               00                     01                       
                               1011                 100                        
                                11111100001100010001101                        
                              0101111010100101100000100                        
                               000111010010101000110001110001                  
                             1011101101001100100100111111100                   
                            011000001110100001101100100                        
                                  011100010111001000                           
                                  0101010000111011110                          
                                  0101100101001100110                          
                                   001010110111001000                          
                                   1110011011111001101                         
                                   1001100100101100101                         
                                   0010111110010111110                         
                                   1101011100010011111                         
                               10100101011111011101101                         
                              011011010011101001101101                         
                            101101000011110001100101101                        
                            00001010011101010011001110111                      
                            01001010000011001101110001101                      
                             001010001010100111111010110                       
                            11101100100000010000001101110                      
                            00111111000110001001001001010                      
                            0100110001000001011100101101                       
                            10010101011000111011001001000                      
                            1110101011011101101111111000101                    
                            0000101110010001010111111111011                    
                             011000101100110010010011001101                    