                                                                               
                                                                               
                                                                               
                                           110                                 
                           00             111                                  
                           0001  110101101100                                  
                             0100001000110000011000                            
                              011001010001110101100                            
                           0011110100011000000                                 
                          00011111011110000001                                 
                             001001001010000101                                
                              01010111100100100                                
                               11010000001110001                               
                               00011111100011111                               
                                10000001100101101                              
                               100000100010010110                              
                              111100001100011101001                            
                             11001001001000011110111                           
                            11110101101100011110100001                         
                            01000000000100011001001100                         
                            01110010011010111001111010                         
                            111010011011011010111001100                        
                            1101101001011001100011111010                       
                           10001 000011001101101111101110                      
                          0101000011110111011001000110011                      
                         1011101011010101111000010110000                       
                         010001011110101100111110011101                        
                        0110 10100111001001010001010                           
                        110 000110010100011010100100                           
                       01011100011000011101100101                              
                      1000010110011001000111111000                             