                                                                               
                                                                               
                                                                               
                                                                               
                                 1111101000000                                 
                               01001011101111110                               
                              001101101100110011110                            
                           11100110010010011100101010                          
                          10000000010011011111101101                           
                           100000001001101001110001                            
                             1011011100000010000100                            
                          10101001101010010011000010                           
                          0111001110011101101101000                            
                              0000011101110101101                              
                              11000100011011110101                             
                              101101010101010100000                            
                              110010101000110100011                            
                              111000100001010010100                            
                           011010111011000100011101                            
                          11100111011110101001011010                           
                     01000011001110110001111110011001                          
                    0100110110110100100110000000100000                         
                    1010001010011000111101011111000111                         
                    000001001 100110010000010000001101                         
                    00011111 1101010000101010010111011                         
                    000010   0100111010001000111110110                         
                     011101  10100101001100011100010011                        
                      01101  100111000110100101011001                          
                       00000  10111101001001110011110                          
                        1010 010111000001000111001010                          
                         0100011110010011110110001110                          