                                                                               
                                                                               
                                                                               
100101110                                                                      
1010010101001                                                                  
100111011110111                                                                
01011101100100011                                                              
001100100101000101                                                             
1111110101010000100                                                            
0111100101111010000                                                            
001100101001001010                                                             
01110011100100100010                                                           
100011111100101001                                                             
11010000110001100                                                              
11110110101111101                                                              
011101011110010111                                                             
101011011100111111                                                             
000101010010000011                                                             
111100000010010110                                                             
0010100001010100010                                                            
10010111101111000011                                                           
001100011101111011111                                                          
110001000110110011000                                                          
011111100011010011100                                                          
1010011100101001110000                                                         
001011111001111000111                                                          
111100011000001110011                                                          
110110110111110001001                                                          
01101110101111000010                                                           
101010111101101010101                                                          
011000110011011101011                                                          