                                                                               
                                                                               
                                                                               
                               10                    1                         
                               001                  101                        
                               110110100110100110011100                        
                               010101110000011101000100                        
                               111000100000101010001010001100                  
                             0110011101110001010010010110000                   
                            001100001111011011011110011                        
                                 1001011111001000010                           
                                 00110001100010001101                          
                                  0010001100001111011                          
                                  0100110010100110111                          
                                  0001110110111000000                          
                                  1001111000111001000                          
                                  0011110010001111000                          
                                  0101101100110010111                          
                               0110110010001111110011                          
                              001010000010101110010100                         
                             10001010000100101111110001                        
                            11011011000001011010111100000                      
                            10101011111010011101100001010                      
                             00010000010100001011101100                        
                             000111111001001110011110000                       
                             1100101110100001101010000110                      
                             101001001111011101110100110                       
                             1110001111010011000110110101                      
                             001100000011100111000100101000                    
                             011111111111101001011011101101                    
                             010011110011101011000101000111                    