                                                                               
                                                                               
                                                                               
0011                                                                           
00110000     100110001100110111100000110                                       
0101001    01110011110111011110010111100101                                    
1100111 00010001001111100110101101110000110000                                 
01001011110011111101011000100010100010100010001                                
011001011000000111010011110110110011000110001101                               
10110001110011100001011100101011001001100101111                                
110111  001110001111000111100101110001011100011                                
0000110010000111011111010000000101010011000100101                              
011011010000110010100000111100101111110100100001                               
111110     0000001001101010110000010011101111                                  
01100010   00100111010111110101000111001110011                                 
010010000 1111110101010011100011011111011101000                                
010010011  011100111000100111000100000000111001                                
0001010   0110010111000101111100110001101010110                                
10111  001000101010111110111011100000101110000                                 
     000011001110110110000111100010111100011100                                
100000101111111100001111110101101010110010100011                               
0001010110001101110111011110000011100010000110100                              
01001111111111100001110011111000101111111100100010                             
1000110110100100111111010011010111010111101000100 1                            
00110000111110101010110000010100001011011111111101                             
1001001001011101100010000101110100110110110110110                              
00001010010010101001000010011100111110100010101100                             
1010111000111000100101101100001110100011100010001                              
 10010001111000111100101110100110100001111011100                               
  11100011111100111110101111000101010000000100101                              
10 0001101010101010101001011000001101111001110011                              