                                                                               
                                                                               
                                               1                               
                                             0110                              
                           001              0100                               
                            11001110011111110010                               
                             0001011000111001101011111                         
                             000110111110101110011110                          
                           10100110100100101111001                             
                          100001001010110111001                                
                              110010001000010101                               
                              0101000000011111010                              
                               001100000110000000                              
                               000000010010010000                              
                               0100011011010101000                             
                                011011101111010100                             
                               00111000000000000111                            
                             00011010100101100001101                           
                            1010100000110110110111010                          
                           1001110101110101000101100011                        
                           0010000111110101010000110101                        
                            1010011111101111111011101101                       
                           110111001110101100100011001011                      
                           11100 0110110110111001111101111                     
                           11011 00001000001011000001111101                    
                          10110  010010111011110110000001011                   
                         00110111111110000001010110001111100                   
                        1110000010101100011010110011011101                     
                       10010101110101001100001100010001 0                      
                       00111  010010101110110000110001                         
                      00011  0001000110101010001010110                         