                                                                               
                                                                               
                                                                               
                                                                            1  
                                                                 0101  0011001 
                              0            110                   11100000011111
                              1001 0 1 0   000110001010011100011010011111110101
                            101100011001000111111011100101001111100111011111001
                            000111101100000000100110100010011011000010101001010
                             0011011001   1010001000111010101001001011100101000
                           0100110110101111000111101111010011010110111100110111
                          0101111000000101111010101011101100111000110010010101 
                                 1010010   11 10100000101011001000011100101001 
                                  101001101   111100010011100010000100000101010
                                 0000000110001111101000110010011000000011010010
                                  111010001010 00001001110001010000110000000101
                                  111010010001 1110110100011001110101100100010 
                                  100111010010 01000001101001000011111111011001
                                  00100111     1111011110101000011011001101011 
                                01101110   111000011011100101110110011000000011
                            01001001111 00100011011000110000111110001110011100 
                          00010111110  0100011111101011000101001001111011011111
                         11111000011  11000000010001100011111011111101111101010
                        10111110001  100111010010000000101100101001001100000000
                       10100101101111110001110001011000001101110000101111001001
                     000010100  00010001110101111000011011111111010000100000011
                     0110101    10111001101111110010110011100011100010000001010
                      0100101   01  1111101011101100101100000101010100010101111
                       000000  1000  010000001101100100011111101100100100010101
                        00011  01001 111010011111001011101110110110011101000010
                         01001 100111 00100000101111111001110101011111111000111