0001010100011010000100010100000100010010110001101000011100111100111101100010001
0100101110000010000001011000101000111000110111000101110100111111001011100001010
1001011111000010100010100010111001011111010010110100110100011010000100110011010
        01001111100001011001100011101101101010000011001000101011110100010110011
               0001100011101100100101001011111101001111010010110111001111100110
               1010101010010101010010001100101010001000110001001111000101110011
                  0101011100111111101001011111111001101011001100100000011100111
                     00001100110101010100100111011100111111111100101100101  111
                001111100110101110110110101011100010000000011010011010         
          0110100101111100000011110011011011000010001101010110111010           
        011001110100001001011010010101011111110100000011001100110              
       10111011010010001100011010010001001010000010111100111001                
       01011010000110110101101100001010010010111110111011111010                
       0010010001010011010110011010001  101101010010100110100                  
       0110100011111001011110001100010       001110101110                      
       0001110100101010000100001000100          0 11000111                     
       0110110101111010100100010000011               00101                     
        000010101010010000101010011011                  0                      
        011011001100011110010011111110                                         
         1001101100011011110001110100                                          
            0010001111100110010011                                             
                11111100011000                                                 
                  01100                                                        
                                                                               
                                                                               
                                                                               
                                                                               
                                                                               
                                                                               
                                                                               
                                                                               