                                                                               
                                                                               
                                                                               
                                                                               
                                       1                                       
                            1        010                                       
                            11011111100 0                                      
                             0101010111010                                     
                           1010110101001                                       
                            0111111001001                                      
                              00001001110                                      
                              01010001001                                      
                              10100010011                                      
                              1101001110101                                    
                             011010011011101                                   
                             00011000011101                                    
                             10011001111100                                    
                             1001010001110                                     
                            10000111100111                                     
                           010011010011100111                                  
                            11111111110000001                                  
                           100101000000100011                                  
                          0101101111111111                                     
                          10110100111101100                                    
                         110010101011001111                                    
                        10001010001101100110                                   
                       1000000111101001011010                                  
                       1110110100100100011110                                  
                       1010100101111111001010                                  
                      11101011010100110000101                                  
                     1110111000100111110001010                                 