                                                                               
                                                                               
                                                                               
                                                        0101010 1 0 1     00011
                                                   0100010010111111     1111011
                                                  10001111000011100    10111101
                                               0 100001111011001001100010010111
                                              0 0100001101010101010001000011000
                                               10001101100100000101110000111011
                                               0010101011001100111  01010011011
                                             1 10010000100111011001110001110011
                                             0101010101011000100110010001110110
                                               10101000010011110001001011101011
                                                  10010010000010000    00011001
                                                 11011110000110110000  11011011
                                                  0110000000011010101  11100001
                                                 0100011101111000111   10100001
                                                001100100111101101   0110011110
                                             10110011110011011 0  1110001001010
                                            0010110001011010000  11010111101111
                                       1000100000101011100010111010000100010001
                                        0000001000000011011 1100000110001100110
                                       0011111100010011001000000111100001011100
                                       1001001010110010011001011010011110001100
                                       0000110 10011101110100011100111101110110
                                        00101   1101001011100011100100100001101
                                         01010 1101101110111 111000010111011111
                                          11011 0000100110000 10001111011011101
                                           0001  1010011000001 1101101001110101
                                            0101010101011100011 000011000000000
                                            01100010000110001001 11010001011011