110001011101010110000                          01010100000111100101110011100011
01011110000010000011                           01000000111101101010010101010000
0101111101111101001                             0000111001111010110100000111001
110010111101000011                              0110010001110110001001101111010
101110110101111101                               110011101011110000110011010100
01001011111011011111                              11001011110010100010111001100
001111111100100110                                 0110111110010100100110001001
001111100000110                                     110000001110001101111010100
0111110001010            1                           11001110000001101111111011
100010101000001         01                            0111100001001011000110101
1111001101010011   11                                  011100100110000100110011
010000111011010 1110                                   001111001101110100100000
001111001010010010010                                  011101010010100010000100
100011110011101010001                                  010101010101001100101001
101001111011011110101                                  100010100001101110011100
100110001010000001100                                  111110101001111010101100
1010001011010000101010                                 100111000000010101111010
1110000100001011100100                                 001101000001000010101100
10001101010100111010110 0                              001110101000100111111011
0001011110111000111010011                              110100000101101111000000
101001011101011010000111111  0                         010010000011110010110111
101000111001111010001010111                            100110110010101010010000
10100100111000111111110110                             000111001000010111001111
00001011100000001011110111 11                11        001110110111001110100101
11111110101100110011011010011              111         110101011111111010110110
0101010001001101000001101000              001          110110101101110111100010
1111001010100011101111000110             110          1100101000100101111000100
110010000101101111001000111 0            11           0110111101111110010101001
10101100001111101011010100001           000           1100011111101000111011010
010001110001111100100110011 00          1110 11        010101010101011111101101
011000000000111100111101001101          1011110        111001110111101100101100