1110001000111100101110010001101001110101101011011100010110001101101101010011101
1011010100010000110011000111111100011110011010001100011010000010001101100000011
010100010110      0010010101000101100100101101101110011010101101100110010000100
11010101101       0000100000011010100101000001101010010100000011011111100011111
10100000010           101111000110100001011100001110110100011010101100010100110
10011000                1110001100100011001100100000111011111110011011110001101
1011110                  111010011011111111111111111110010101011110010011111001
0010011                   01111110000010011011010110110000001000111110100100100
0010011                   11111100011010101111001111010101111101010110111101100
11010111                   1011010100111111000000010010100011100101001101001011
00001000100                 011100010101111101101010110011010100111000010010110
011100001110                01   1001111100011101100011000011001000011100101000
0101101111100              101       110011101111000111111011011100011110010101
10101000000010010       0111                            11000001110101001111011
      101110100       11000                               111000101000000001100
11    0101101         00                                     010100000101101011
001   01110                                                    1010000001101111
 000   100                                                      010101111001111
  10    11                                                        0100110111000
 1010                        11                                     11000111110
  1100                    10101                                       010001110
    10                0000011100110                                      001101
1                    1011  1000100                                     10101001
10                   1111 100000011                           10101000011000101
1110                 001  000000000                            1011110111101000
111010               001 01010011110                            101001000111110
0100001                 1100001001100 0                          00000100001001
111011                  00101010011010101                         1001111100101
000110                       011000110000                          111111100100
011111                       10001000000   111                     011101100001
001110                   1101111101001101 1110 01                   00000100110