010001011101011                                         00010000100110011001111
001101110010010                                       1010011000000010001100111
01110101100110001                                    10000001000010010110000110
1011101100100011110                                 110101100100000101000001101
111110111011111100010                             11100101101100111100110001000
100111111010101011010111                         011100110001101111010010101010
01000011010101101101010000                       010011010101011111011101001110
10000010110100001101110000                       110100000101001100011000001111
00001100111000111100101                          111110001000010010110101010101
10001110111111011000101                           01000000001100100010111010111
00111000111010001100010                              10010101110111111100100011
1100000001011011110000                                 100100011101011111110100
100110010110010011010                                    0110111110011001000101
0111010110000111100                                       111111101011110111101
010000101110000011                                          0011101111010101110
0101101100110011101                                          111101100110010011
110011111000101011100                                        110110100000011110
101001100011100010110                                        000010010110000101
10100011011010101100                                       00010001101001111101
000111001000110001                                         10001100110100111001
0011001110111001                                            1111110101111010010
101011011000111                                              110011001100111111
1101101001100                                                  1010110110100000
0100101011                                                      011100001001010
11101100101                                                     001011000111100
1011001110100                                                 11001010100010001
110000101001100                                              111110101011010110
11111011011010011                                            000101111111101010
1101010111110100011                                         0010100100000101011
001101000000010011110                                      10100110111010010011
1111111111001000111000                                   0100110110011101110001