                                                                               
 1                                                                             
0010                                                                           
000001                  0                                                      
0001000                00                                                      
110100010110001101001010010                                                    
1011100100000101011100110111001                                                
1111101100011101001000100110000                                                
10011000111001010010010011111111                                               
0101011100101111101111001011011                                                
001101011011101110011000001100111                                              
100001001011001000010101010                                                    
100101100000000101001001001                                                    
1011000000111011011000010011                                                   
110101011011010101001011110                                                    
00100100100100101101011010                                                     
000001000000111111100011                                                       
01000001111111100101101011                                                     
11000111000001110010011111                                                     
00110001000001011011010111                                                     
010101000100011000001101                                                       
10001101110101110001010110                                                     
11011110101110101000101000000                                                  
101001010010010000010010101000                                                 
010011101011110010101100001111                                                 
1000001100111111100101111001110                                                
1101100011111000111100100110001                                                
11001011111001011010011010000                                                  
000000001001111000110110000                                                    
001011000010010000101100000                                                    
00001000100000100010001011                                                     