101110000101011                                        00 100100110101011100011
1001010111010000                                      1101011101011101101100110
000010000000101011                                  000 11111011010101000001000
11010111101101000110                               010 100000010000101100001100
010111000111010010000                             100 1010010000000010111100101
01111010010111001000011010                       010001000111100111001011101011
00000000101000100111110101001                  01111100010110110111000110010010
0011111000001101100101100001                   01000101010110111100100011100101
100011001110100101100110                         010001011000001111101101000001
011011011101000100111100                        0001011011100111010011111100000
01001011110101110001111                          0  011001111001010110011110000
1001011110110001000000                                  00111100011011011001110
110000110000111110000                                     101100100101100100111
1001100101011011101                                       110110100101001010010
011110011001000000                                          1001001111111110100
110011111111101111                                             1101010111010100
11111011101100011100                                           0000000010000010
10000101111100010010                                          00010100110111010
101110100011011011                                          1001100101101001000
10000101111111100                                            011010011111100011
101011010010110                                                0001011110101010
10101111101011                                                   10100110000100
101010011100                                                      1111101110100
1001111                                                            010001010011
000010010                                                        01111100100011
00111001100                                                    1111001000011010
0101001101010                                                 10110111101101110
0101110100001010                                              01100011011100100
00000000010001011                                             01100111000000011
0110001001000010001                                          011010000100000011
110100110010111001001                                      00010100001100111110