                                                                               
                                                                               
                                                                               
                                                                               
                     011                     11                                
                      1010                  101                                
                   0  10000011011011111011101110                               
                  0000111010111110011001100100000                              
                     00001010001100001110011000111111                          
                    1101100100101000100010101000101                            
                  01111010101100011100001110111000                             
                 1011010001110111011000110101                                  
                         111010000110110101101                                 
                         11111001011111110010                                  
                          01011010100101000010                                 
                          01101011100110100011                                 
                          01100010101001010111                                 
                          00001000101101110011                                 
                           1011010100111100001                                 
                        010100110000100100011                                  
                    01001010110101101010110001                                 
                  110101111010010010111110011100                               
                 11110110001100000011011101111010                              
                1111100111001100100011000011000111                             
               100010111101110101010000001110001101                            
              1010010011000010000101101100010010001                            
             10111000   00011000111000100101000010                             
             1100111   00001000100101010011100001                              
              000001   0001001101011111101000000                               
               111010  01100010111000100111100101                              
                001001 000011111001101011110000011                             