                                                                               
                                                                               
                                                                               
                                                                               
               101100                   10110                                  
                1001001               1010101                                  
           0010000100011011010001110100110000                                  
           010001111101010001010101010001111010                                
                11111100110111111111011111011111001                            
             110010001001011100010000011111100111                              
          10011100111000110111110101001111110010                               
             010010000011001010011101101100                                    
                    11111000001010111001000                                    
                   101111001000100110111001                                    
                   010110100010011010101111                                    
                   001000100101111101101111                                    
                   110011101101011111000101                                    
                   001001101101001010101101                                    
                    010001001001100101000000                                   
                   000011111000101000110001                                    
               1110011101000101110110000110                                    
           0000101111010110011101110011110111                                  
          0011011100000111000101101111111110111                                
         000110101111100001110100101011100001001                               
        00011111100001010110100001011001100101001                              
      1111011000101011101100001011110001001111110                              
     010001001010011010011000100010100110110100                                
    00110010010   00110000100001010110101110010                                
    010111010110011000011011110011111000010100                                 
     110001001110100000010011100101001100000001                                
       0101111110000101011001111010011111011100                                