                                                                               
                                                                               
                                                                               
                                                                               
                      11                      00                               
                      1000                   010                               
                    0  0100001011011100010111001                               
                   010100010111001001000100001011   0                          
                      00011110000101011001100111000101                         
                     001101010101010001100110011100                            
                  001111011001011100101101111011000                            
                  0100111110001110011110001111                                 
                          11001101011101001001                                 
                          11010110011111111110                                 
                          11111111110100111110                                 
                           1100101100000110001                                 
                           1110011001101101111                                 
                           11100010110110000000                                
                            0011000000110111010                                
                         0000010001011101111101                                
                    010011000000111111111100100                                
                   100001111101010001010110111101                              
                  11010011111110010100010011100011                             
                 0100101011100010011111111101011100                            
                000110000111100001011011010010100011                           
               1000110000100111101100111100100100011                           
             01000111    0000111000000010001001001                             
              011110    11000111101010101110111010                             
               000100   11010110001110010000100000                             
                010010  10010110001111110001010000                             
                 01100  11011100110101101011011101                             