0011000011011110001111011110010000011011010101000000100000111101100110011011011
0100010011000000011100110000110101101001100100010110111100001001110110000001001
0000010000001111110010010011110111101110110100101111001001010101101001101001000
00111111010100       0001101110011000101110101011011000100001011110101000011101
10010101011000          1111111010100100110111100111010101110110100000100001100
0010011111111             10000000111001101001101001101000000110101000000000000
10110011001                 000111110011100001101001111011101001110110001111001
0000010001                   00011100001001011000100001110000011011110110011010
0010011100                   00111001111100101010011010111110010111111101010011
0111000101                    1001011010110010100010111001011110111110000010011
1111111111010                  100111011101111010010111001011000110101000011010
11011001110010                 001001110011111011011011001011101010000111000010
110100000101001                001    00010110000000000010010101000011101101010
10010100101011000  1         00 0           010101111   11000011000100011010001
0010 011111110010000     011111                             0101010010101100100
 0      1101101110       1000                                 00110110110111110
   1     001100                                                 010010001001110
   010   01001                                                    1110010111010
    010   111                                                      110110001101
     11    01                                                        1110010000
     011                        11                                     11111101
     0110                   0010101                                      101100
010     1                011000100111                                     11000
1001                     011  1110111                                  1 010011
001110                  1011 011000111                            1110101110010
10011001                0011 1111001101                            101101100010
1010110000               10 11100100100  0                          00001001000
10011110111                00000111110001  0                         0101101101
110011011                   100111001010010                            11110011
1010111001                      11111000111                             1010100
0101100110                      00111100000   011                        011010