                                                                               
                                                                               
                                                                               
                                                                               
                        1                                                      
                        010                   00                               
                         1011 1101111010000010001                              
                     01001111000001000110000000101                             
                      01110001101111100111111010110001                         
                       001011011110111010110100111011                          
                     000110000001000101111110000100                            
                    000000111011101010111110010                                
                           00001110001001101011                                
                           00011111110010001101                                
                            1100111110001101100                                
                            1111011101010000101                                
                            0001101110010000110                                
                             1111010100111010011                               
                             0100010100011001010                               
                          101010110100000110101                                
                     111100110110100010000110010                               
                     00101000100000001010011010010                             
                    0110101110100110101000011101101                            
                  0000101101001011101101111111100011                           
                 00111001001011001011010110100110000                           
                001011111 00101011001001001011111011                           
               1111100    0010001001100111010100001                            
                010001    1001000111110111110011111                            
                 100100   0111000011111111000000000                            
                  101101  1101111001111101010111100                            
                   10100  0100000010101011111010011                            