11000100100111                                        1101011111001011110011011
00011001101010                                       00100100000101010110100001
0001100100001010                                    000011100101101101001100101
111110111011010001                                  000100111100011111110010100
101000001101101011011                              0100111110111111011111000000
01000101110011010100011                           00111101011101001101011000100
110011001000100101100001                          01011110101100101110000011110
011010110111101011101000                         101111000011100100001000101100
10111010001111110001001                           10111110100100011110000101011
01001010101010011111000                            1101110010100010100111010011
0011010111100100000111                               00010111101010010111101100
0100101101101110010101                                 011000001001000010101011
00001100110001010101                                    01110111111001101110101
1000011010001111110                                       011110100000100100000
001000110000110011                                          1111101101000111011
0011101101100011111                                         0001111101100010011
001111010011100100001                                       0110001111000110011
101000100111000000011                                       1011001000101010011
010010000011101111011                                      00111111110011001101
0101011001011010010                                      0000011101100001000101
10101000101011101                                        0111100101111010010100
1100000010111101                                           01010101010010000001
10100110001100                                              0110010010000101011
10101000101                                                   10111010011110101
011111001010                                                  11010010010011111
10010000110110                                                11001111010111001
0100000011011111                                             110101001000010011
010010101001100011                                          1010001000100101010
01010100011110001111                                       11000010111010010111
1111011101001010000100                                    110000011011010101010
01101100011111000010110                                  0101110100110111001001