1                                                                              
0                                                                              
00                                                                             
10               11                                                            
00001010000010001010                                                           
011101111100111011111001                                                       
1000110101100010000000010                                                      
01011111010100110100101000                                                     
11011010000111101011111111                                                     
101010001000100001011010011                                                    
10111101011001001110110000110                                                  
1000010100111110001111                                                         
01001100011101001101010                                                        
10010101100010110101110                                                        
0100011000111001100111                                                         
100001010011110100100                                                          
1101101101111001001                                                            
1000011010001010110                                                            
1100100101111111111                                                            
1101001000111010001                                                            
0110100000011110011                                                            
0010010101111010111                                                            
100000011010111010010                                                          
1111000110001110000100                                                         
00011000010101111110011                                                        
01101010100100011110000                                                        
11001110101000011000101                                                        
01100011100001011111110                                                        
1100100001110010010111                                                         
110000010101010010110                                                          
001101000100001001010                                                          