10011111111011                                         100111110101110111000100
010101110000110                                      01111001101101100011111100
10111101110111000                                    10110001000010000110101111
0010010111111111000                                 110110110111111100000101001
110101110001100111010                              0000000100100010101001101101
100100101111001110101111                          00110100001001111110101000100
1111101100110111100111111                         11011100000011001100011111111
0110101110000110100110111                        110100111010110101100111011010
11111010010101111001111                           11000010001000110101001100101
10011101111010100111101                            0000110001011110100010110100
1111001000000010101111                               11101000000110011000010010
0100000111100000001111                                 001001111011010111010000
11010010111100110010                                    11100010100010111000000
1100110001000000000                                       100001110001001101101
000011010100101111                                          1010100101000011010
0100110101001100010                                          000100011001111011
010001001111100010100                                        011100110011011000
000100011011110000101                                       1110100100100000111
00010110001101010100                                       10110001001010101011
010101111011101011                                        011101001110110000111
00000100000111100                                         110010101000100011101
101001111010011                                             0001011011010100000
00111101101111                                               001010100001001100
10001000010                                                    1110010101101110
01000101100                                                    0100101100100010
01001001101011                                                00111001001011101
1100110010111100                                             110001100011100001
110100101001111010                                          1011100011101000010
0111011101100110011                                         1111101000101111100
100101101011101110011                                      00001101010111011011
11011100000111000100010                                  0111011110101010011011