0000111001011111111001110100101110011100101101110001101000011000110111100001100
0110011111000101111110100100000000101011110101101100110010001111011000011101000
0000101001100101110010010011010101001     1000000011010111100011000100010101101
010100000001010011111010100100111110        01111110001101000101011100100011111
011110010010101011000010100101110111            0111000111010111111101001100011
00101001011001011111101001011001011              001111111101101011000110100010
010111101010101100101010101100110                  1011111100001001110010100101
01001111010001101110110100000000                    110010000000011010010110010
11001011100111111001010011100101                    110100111110011110111101100
01001000010010101111101111110110                     11111000001110011000011011
100110000100111000101010010110010                     1000101100010110001110111
0011001001111010001111111010011110101                  101110101110000010111001
110011010111010010011011000101010111                  00000 0111100100101001100
00010000101001011001010111011010001111                010     11111100101111011
1011100011100110110100010100111011000001001       110100        100001101010000
1001111111111010     0100 01100100011101101      00001            1001000001010
00110001010001101     1      01000111000         0111              010111100101
001010011001011100      1    10001011                                   1011010
1111100010110000111    101    110011                                           
1000100001001110000      01    11000                                           
10000001011111011001      10   00010                                           
00110100101101010000            001                                            
01001100101111010010100                               1101                     
01100011001010010010111111                      1101100010                     
1111110000011111001100011010                    10 0000000                     
10011100101110111011100101010                  010000011100                    
0110001000100101000111111000110                100001011011                    
100001100111100101110011101010101               10111101000                    
1000001101000101110011011111100000                00000001000  01              
10110111110011001010010111110001                  11111001110110      1        
00100000110011010111001100111111                     0011110110                