0110010001111111110001001000001010011111101000110100100110111101000101111010110
1001100100000100111011000001101001010010110101010110000000101000101000010100111
100011101110101110011010101010    001101001011111111101101000000010000010101011
00010010010010101011001011100        011001001000100100000000000101100011000001
01010111100101001100010010110           111110100101110011001100011000010100111
1010010101010011110110110000              1011010100010100011111101111001000101
11000110010000001000010001                 011110000101110111000111000100110110
1011011100000111111011110                   00000100100101010111101110000101010
001000110000011111011110                     1010001001110110110001010110001110
1011111011110111001011001                    1101100010000100010111110000001110
00100111001111111100111111                    101101001100010001111010001111111
11101110101101100011000101010                  11101010110001000101100100111101
00001110110010110011011000011                  01001 11110110001000101100010110
000111001001111110111011000011                1101    1001010011000000100110110
110101000001001100010010001000011010        11110      100001011010111110101101
1010011       11  0 110101011000110      101100           110101100100100110001
00111101              11001001100        1011                 11110101001111000
100011111        0    11111101           00                            01011010
0001101110      100    00010                                               1111
10001100001       00   00100                                                111
010001001010      11    1001                                                 11
110111101110      100    00                                                   1
001010110001001     1                          110                             
01100001101011000                       01 01100010                            
0010111001111000100                     01 1110100                             
00100011011100000010                   010 01111101                            
1100011101110001101010                 010 10101001                            
001100111010011010001111                00 10110111                            
0001110111011000001110001               1 011110111111 0                       
001100111011000011011101                  011010101100        1                
000101110000000100101101                     11100001100     1                 