                                                                               
11                                                                             
01                                                                             
111                 0                                                          
11011100101111    011                                                          
100010110110010110010100                                                       
000100000011100101010100110                                                    
0100000010101000000001011000                                                   
001001011100110000110100011                                                    
100100010100110111000100011                                                    
010000101010100100000110001011                                                 
000000100011000011100000                                                       
000110101011001011000101                                                       
001111000110010001011011                                                       
101001110011011101001101                                                       
0011001011010111011011                                                         
101011110000100101010                                                          
011101101011001001100                                                          
0001011000000111000110                                                         
000111110101000110111                                                          
001111110011101111000                                                          
1000111110001001100110                                                         
101100001111010100100001                                                       
1101001101000100011000010                                                      
00101101101101001100100001                                                     
01000000100111010111001110                                                     
00111010100101000101011010                                                     
0100100111100110111000010                                                      
110101000110010111111010                                                       
1011011000101001000010                                                         
0001011011111110100110                                                         