0010001010011111100011011001000110111101110011010010111111001011000110111011001
1010100101101110111011010010001001010011000000100100100010101110111111011110001
100101011000110110111010011    111110110110001100101010001101010011101001010000
11011110101010101011101111        011010010010001101110110100010110010010100000
00111111101001000100000101           101000011010011011110101100011101011001010
1001101001011010010000111              0011000010111010011100101110011110011100
1010110010110011010111                  101000111010001011100010000000101110100
101100111011011001111                    10011010110010110101000111110000001001
001010001100111100101                    10101100010110010011011111110010101010
0101101001101101100110                    0101101011010000010100001010111110101
10110000100000011100011                    001001011111110001110110001011110000
11000110001010000101000111                  10010101000100101101111101001011111
11100010010010101010110001                  111  011000101001110111101101100100
101011100011101000110011000                100    11101101110001101010000010110
000 0101101111100011110110101110         0000        10010000000111101000010011
010        11   0  0000111110101      11000             11 10101101101000110100
01101              0101000001         000                           00111110110
101100      110    1010100                                              1011111
0101101      101    11000                                                100010
10011001       00    100                                                  11010
10000100       00    100                                                    010
001101000      110    1                                                      00
01101100111     01                          000                               1
11011110001010                       10 11100000                               
1110001001111001                    000 0100010                                
10001100000101001                   010 10001111                               
1011110100101110000                 111001001001                               
110011010000010111101               10 010000000                               
0111101001100001000110                 0001111011                              
101101000100001101010                  001000100010 11     10                  
01111100111000011110                      11000101011                          