1101               100000001011101001010111100101010100110110101110100111001001
000                 00101101101000001110110000010000111110110110110001111100101
00                   0100111000000010000101011111100001010000001111010000101110
01                   1111110001010111100101110101001001111001110111010000111100
110                   010101100100110101110110010000000101111110100100010010011
001111                 10000110111011011111100001001110011100100111001111010010
111110                110001011000000111001110010011111111001000001010111111101
011111                 10000000110011001111100001100100101101010100101000100101
00100010 11         01 010  101010000011100000011100011101000110000111010000110
01110101011         00101      001100011101110100111101100101111100100100000110
110001          000001             11000101010111000111011000001001110010111110
1101            11                                01111111010110000111101011100
10                                                  001110100100111101110101110
 0                                                    1110101000011010010110100
                                                        01110111011110101011110
                                                          101011000110000011010
                     100                                    1100100100010011110
               101010010                                      10110011110100000
              10011100001110                                   1100010010000100
             1001  11010010                                     011101110011110
            1010  110011110                                       1010100010001
            000  01101101010                                        11000111011
             0  0000001110000                         011   1      101110111010
               00001111111010  0                      1000110100010 11010111100
                 00100100001001  1                     100000100011001011011110
                   10010101101001                      011010110100011010101010
              10    001000110010   11                   00110010100011010000101
               00101111001101001  101                   01011100111111110111101
                1010000000010001000101                  10010101110110011000010
                 0101000011001001000010                  0001010011010010001101
                 0100001010000000100000100               1001011111010100111010