000010011110110001                              1110011011101000000001101000100
11111100000001000                               0111111010010100101110100011110
0010110100011000                                0000110110100001001101101111101
0001110101110101                                 000011000110000111110100111010
1001100001000110100                              100011001110111110000011111111
10101011101111011                                 10110101010001001111100001110
1111100001001101                                  01001111110011010100001101111
10010110110011011                                  0001011001110101000001100110
11010001100111010                                  1010110011110011011110101001
1001111001011010100                                 010110111000011001010101001
011000011001100100100                                01001111100010100100001111
001000101101101110010                                 0111000000110001011010101
10000100101010100011                                  0101001100011110000101000
01100000101010010110                                   100011101001001001011011
011010011110000011100                                   00100011010101111010100
110110111100101001110                                   10010101100101000000111
110011001101000101100                                   11010110001001110001001
0010100101110001010110                                 010100010001011001110011
0110000011010111000001                                 100001110101100000101101
011011101101000101001                                  010100000000010011011100
100001010100101100110 0                               1001011001011101001101100
01011111010000001100000                               0001011010100101001010100
110000100001110100001111                               000101111110101000010110
11101000110110100010010000                             110110000110000110011111
01100101010001100000010001                              01110011111110000110001
110011001100100110110011100                             11001000111101010110010
10101101100110000011011111 01                          010100010110101110010100
11111000000011000110011100000                          011111100110111001111101
11000010000110000010001000010                          101110000010101100010010
01110000110010111001000101100                         1111110100011110101000011
10111111000001100111100110101 0                       1111011100101100111000101