0011011101110101100010100000001100101001001111011100111100110000010010101111001
0001111100110011101011001111011010100111110110100110010111101100110101011111110
010000011111100  10011011000100001110100101000000011011111111001010010100010100
1100110110111       11111010110111000101111000111111001011100010000100111010000
1001000110100          10010011111001000100111111100010001001100101011001110101
01110000110              110110001010011101101001101100001100100111000110000111
0111111011                 1110010010101110110000110101000000011010101011110100
001111100                  1011100100110001000100111000011101000110111001011111
000111001                   011011000100010100100010101010010110000001101011001
0110100111                   10110001011110001001001101100010010001010001010010
001010011011                  0110001100010000001000010100111110000001010011000
0100011111100                 011 101110100111010000101101100100001000010100010
01010110110110                00     010001001010111001000011001110101011110110
0010001001001010101         101                          1110010110000100010011
00   11101000011000     001000                             10101010110101000100
       010111000        1011                                  01000001100011000
  11    110100                                                  111001001010100
  101   1110                                                      0110000010101
    00   010                                                       101101110110
   100    0                                                          1011101011
   0011                       111                                      00101010
    1011                   0000000                                       000101
111    1                010111010000                                      00011
0110                    001  0000101                             010 111 101111
10111                  1000 101001100                            10111011111101
0101110                001  0110101111                            0101101000110
010101000               00 10100110010  1                          101000101010
1100001110                010011010100101 0                         01110000100
00100101                   1 1001111000111                           0110010000
111111111                      11110100010                            110000011
01110111                   10 000011111000  0100  11                   11001100