1001000101100100                                       01   1000110000000011011
1000000000011101                                      1001 00001000011011001001
1110010001010001101                                 111 11011111010010010010010
001010110000111010000                              110 010110101100100100001100
1110100011110100111001                            10   101011011101111011011000
110011100101001111100110010                     1010001010110001110001111100110
011111010001100010101000110111                 01101011100001111110001011010010
00001011110101101001010010110                 111110111000010111111001011111110
100001011001000110100101                         011100010010000100000110110110
111110110111011111001010                        1000000101111010010001000000110
01111010011011011101100                         00  000111010000001110111110010
00100111000011101100100                                 10111110011001100101000
000101110110001001011                                     110001110111010010100
11101100001010111010                                       00011110001010100010
01111101110100101                                             11100110100000100
000001110101101000                                              011100000101010
10000010110010000110                                            010110000111100
10111100011000010110                                          10000110111110001
00111101111100110                                            111001010001011000
001111111000110                                                 101110110111110
11011010101100                                                   11111111000111
0101110000001                                                      101010111011
001011   000                                                         1110101110
010000                                                              11001100010
11001010                                                          0110001001010
0001001100                                                     0100011101011001
000100100010                                                   1101000001101101
110111011001111                                                1001010000110110
01110010000100110                                               101001101001001
011010011110100101                                            00000010111101001
11111000100111011110                                       00100101100011010001