0110101110011111010110111100101000101010101001100100001101011011100110101001100
1101011101011000010110100101001110000010100011011010111100101011010101011000010
100010011110101110111010100101111011     01101111011101110110101110001100111011
00111110111100101101010110010001110        000000011101010100110000000100101111
00001010000001100101010000101000100           111100001101011100110110110101100
0001000110111100010111110101001100              1101011010101000100101001011001
00010011000000001011101100101101                 010001101100000000000111011110
1111011110110001001100010001011                   10000000000100101001001110010
100010011111010001010010111110                     0110010101001001100000001110
0101011001000000111111011010010                    0100000011011110111001101110
01010110000111011000000000101011                    011000101010100110110001100
11000101101100100010111001001011010                  01111100011000010000010111
01011111010111101111011110000111101                  1100  11000000011101101111
101111011010011100011011100011010000                1000    0001100001100100111
000010010011011110010010001000010100100000         0011       10011111100001110
10101110101011      101  1111001000001011      111000           111101000101111
111001111011000             00110110100        1110              11100011101010
00011001010001110      0    10101010            1                      01001000
11010101010110110     110   0100101                                           1
010111001101100100     001   00111                                             
100110000100111001      00    0100                                             
1100101110100111010            11                      01                      
001001010001000000110           1                   11011                      
000011111111011110101110                       0 1011110                       
00111011010101101110010100                    11 00110100                      
010011011010101010101101010                   11 00000000                      
11000000011100000111010100110                 00 11100100                      
00101011000000110010000001000111              10 101000010                     
01111101100000001111011111111101                 01011101110                   
0101001101110010111111000101001                  1110111001100      0          
1000011111001111101000001001010                    10100011110      1          