1101000110110010110010111110100110111111000111001110000110011010001010110110110
1000000101011010000111001010010000110010111010100101111100111101010111101010010
0100011011100111110111101001001101100100101111000111       11111111100000011000
100000110100110000001000100101000100001001110001111        11000000010101010001
0010111010000000011111101000100001110111000001              1110001101000100110
01110011001100111001111000111111101111110100                  00000011101011101
00110100110001010001001000000000100011010100                  11000011110110101
00010111011111100011000001110101001011101110                   1101101111011010
111101111011000000010101100001111110000010100                  1100100001001111
1000111100001001110110101010100100101000011111                 1101110110110011
01010001101100100101011010111111000010010010                   1100000110111101
010010001010110001101000010111000111110100010                 00001010110101010
1111011110010110001111000001101010010001100001 0              10    11100111100
0101100101101000010100110000111011011110100000001             01     1010111111
0011100100011100011101100100011010000100111100101                      11101011
010011100001001000001110000100100  0001001010010                          10100
0000000000100101011110100101100      01011001          1                   0011
10110011101000110011011010010001     011010                                    
10011111000110000    110110101000    110100                                    
010001000111000101     10010111111   01110                                     
111100011011000110100    110101111    1111                                     
1000010100010001001100     11111010   100                      11              
00011111001110000011111       10000                    11  1000100             
101110110111101100000010         111                    0100010000             
0000111001110000111001001          0                     00001010              
0000111111101111110001110010101000                    00 011000001             
01001100011001100001100100000101001                   1001101101101            
11000111001101001010111111011110011100                 0 1111010001            
01011110001000000000010000110100000010111                010101110111 11       
1001100101011001011000100000010100111100                  100111111001         
1110100011000010101101101001111100111001                    0110110110         