101000100011100011100111101110011010000001100100011100111101110                
1101101110100101101111101010011010101010001111111110111000101                  
111110010111100111011011111110110100101111010000011101101                      
0100101011111100101000110111110101011100100110001100010                        
010110010001001010101001101000001011111001011001010011                         
00010110011011000011111001100001010010010000000001100                          
0011011101111100110000111110101000100001001111100111                           
0010101101110100111101100111101000100001011111001111                           
0111010100011111001101000010011100 00100000110110100                           
00101001000111010110110111010011101  1101000101111001                          
001101010011000010101010010001010001  0101100000110111                         
1100110011110000111101111100001111010   000110101110010011                     
1101111111110010001001101111110010        10111000011100                       
1110010101100110101111100110100110         0111000111110                       
10110101001011011111110010011111111        00010000101100                      
00001100000000001101010101011111101         10111110001010                     
10111011001110101000000110101101010       01 011110100100001  0                
0000010010010010011101000001110001       1000  101111100000001000              
1010001100101101100011101001001110     1000011 001101100101100001              
0101101100101011010000001001011111     00011011101101010001100                 
0111101001111100101111000111001010      11011110000000100101               1 1 
0000010110000110010100100010011101      101110111000001011                     
1001110010110110111100111101001111      10101000010                            
0000011010011000100001100101111000       000101111                             
0110110010110000011111110000001101       00000                                 
0111010111100000101110011000000000       00                                    
0011010000010000011101110011001001                                             
1100101001101111000101010110011100                                             
00111001101110100011111001111010100                                            
01001011010101011000001010001111100         10100111                           
1001000101011010001000100101100010100010101101000000                           