0100110110101111001110000101100111110100010100010110111111100010000100111000001
1111000110110111110101100011100101111101010001100010110011001000110011010011101
1110111111110111000010011000011011000101000     0100011011100010010100011010010
010100011001000110100101100010001001000110        11011101010111010110101111110
100111100101001011001000100101111001110001            0101000110000110010100101
10010000011100100110110111101100110111011               01000010001011111100000
011101111011010010001100000111100011000                  1101111000111011010001
00001110101111010110111110011010000100                    010101010111101000111
01101101111110100011101101101011111111                    010110011001011100010
00111001110011111100001110011000011010                     00111111101101110111
011010000100100011010111011100110111100                     0011110110110110101
1100100101101010010101101010011101011101010                  110101111000011010
1110010100111010011101010011101101000010010                 00011   00001111111
111011111100010100100001111100011111110010001              01010      101001001
100000001000111010110101 1101001110100100001011111      111111          1101111
00110010010010100111101    0110101011100000100101      11111              01001
1010111011001110100010011   001110 00010001101           0                  111
10111010010001111000001100    0      1100001                                   
01011100101000000110000010      1    101010                                    
111001000100001000000110111    0000   11001                                    
100000101110100101011000111      01    111                                     
0110100010000100111011010000            01                     010             
0111000001011100111110010100101                        001 1111100             
10000001001011100010100100010101010                      0111110110            
000111000100101010001101001101010101                   1 011011110             
01100110100011000101110000010010001100                 00010010000             
1010001101111001000100001111110111110101               01111000100 0           
00111111010111100111110000011001101110010                000010000110  00      
01110111001100001011111110010100101010010                 01001111101010       
1010100110010110010111100001010100010110                   100101111100      0 
0111111010110101100001110110100010001000                    01110101111      0 