1101011111110001010011011000101001000111001100111010010010001110111010101110100
0100011110100011101000001000101111100100001000100011000001111111111011111101000
0000011000111001111111001010000101011100011       10010011000110001100001001111
01100111010110011010010111100000110101011101        010011000010010001111011011
00010110111111000110000100010111001000011010           011000001011000110111000
11001101111010000110000001111010100100111                 011010111010000000011
1001011010010011101111000100111110010100                   00110001100010110011
011101100101100010001101001010010111101                    00010000000011000110
110001000000011011011100010100110000001                     1000111001111001011
1111100001111011001101100001011100110001                    0100011000011100101
00010101110101110100001100001001111000101001                 101100111100111111
10101111111101111100110001101110001000011010                 00011 011000001011
01101111111000100011111001101000101111011100                 01100  10000001110
1010101100111111000111010110101001000001101011  01         00100      011011101
01011001111100001101001011000110001110000011111010     1 101011         1100011
01100000111111001110110  00010001111001011000000       011010             11001
00100000111100110110100    1111010011000101000           00                 100
111001000000110001000011   00010001010100110                                   
1100101100111101101000010   01      1010101                                    
0110011111100001110111101      0     101010                                    
11100000000010101100110111    0000   11001                                     
00011000101110001101101111      111   1010                     010             
101100111100110000000111001       11    11                  111001             
111010111111011011000011011111                           10000011 10           
1000000111010110101111001110000101                     1 0010001001            
001100011011010111001000001100111011                   011100010110            
0000110100101001011100000010001100000                  001000010001            
01001101111110000101111011010101001000110                10001111111 1  1      
00110001011010001011111111000000010010000                 101000100011 0       
0010000000101000100101111100011000010111                   00011010000100     0
0000011100101101001000110101010101001011                    010001111011      1