0111001101010111000111000100010001011101101110011001010111001010111110001100001
1111101110100010111000101101000000010011000101001011101110100011111010001111010
0000101100010110111111100110011100010001100     1100101010001000010110110001110
101101010010000110011001001001001000111110        11100110100011101010100010001
110100011101101010110011011101101100000111            0010011111001001001010001
0111101010111100101100100000111011111011                01110111101111101100011
101001001101010100110000000101011101011                  0111101101110011000001
01001100001101001100111100010110011010                    110100100111101111000
00101000111011011001001101111001011100                    001010001010100000111
01010001101010111001010000001000110111                     01100111111000110101
110110001101010110101100111010110101100                     0011011010011100110
0110111110001111110010010100011011100010110                 00110 0110111101000
1100110111110110111100000111000101100100111               0 11000  011111011010
100110101010101001010010000011111000111011001             10011      1111010111
111101111001101000010000  01101100011010111101101     0 110101         01010011
01001110110111101011100    0110011100110110111000     0 1111              10111
000000101000000010111010    111   001011100010          00                  110
1010000110101111001001110           00000101                                   
11000001000011110010000000    101    001001                                    
110010110011111011110000111    00    01100                                     
101100010111010111100010010           0111                                     
0111111101100001010000110101           11                      00              
0000011101101000010101110001010                        01  111011              
10001111100011101010010001101100101                     00010100110            
110001101110000001101010000010110010                  1 001010111              
11100010001100101000011000001101100010                011101111011             
0111011010010010110010111101110110000110              01 0111010111            
11100111000001100000100001111101100001110              0 010101110010          
0000100001101100110111001001001010011001                 001110111101 11     1 
101111000000000011011101011001101001010                   0111010101010     010
1100101111010000101110010101100010100110                    11011010001        