0011011101111010110100011100110100010001011011111001011011010110011111011011001
1000000101000100100001110111011001110011010110100011101010101101100110001111101
0011010110101010001110011010010100100100101      110001000110001011011011011000
001100111011101011010000101010100001010011          000100100001011100100010110
010010001101001101111011001000110011001100            1011001110011011110101010
1110011011000010011001111101111011100001                 0111001000100111001011
001101101100000000110000001100101100111                   001000000011011111100
001011100100001101011110111100001110001                   100100001001010111110
011010001111111101100001101110010110010                    10010001001000000100
111111011101100000000011010010010101010                    00001101000110101100
1011010000001101101110101111111111101010                    1111110010001111000
1111101111111101111101000111000010111001001                  10111 000111110010
1001110001110000001011000011011001100111100                 10001   01010111011
110000011111010110111010101111001111111111110              10001      110100001
01001011001110101000001111100110110011010101111010      110110          1100111
00100011000111000001001  10001001010011111011111       001010             01101
11100011011011110111111    0011100010011010010          10                  100
000010100010010011010110    1100010011110001                                   
1000110111010001111000101    1      0110101                                    
01111001000011001000101011      0    110110                                    
10111010000000000111011010     01    10101                                     
11101100110101001010101110        0   0111                      01             
111111001100010101000010111                             0   10111              
0010101100110000110010111010010                          1101101111            
0010000000010001111111110100010001                     1 101101011             
111101110100011001101101110000010001                   100010011110            
01010101111010000001001111111110111101                 0011001001010           
01001011110011110100001100000100111011101                001010101001          
11101001100100111001100110111011101101110                 001011110101 10      
1010010101111011011011101010010011000001                   0101111110011       
1011110100110110100111001011100100011111                    01011110100        