0111110111101111000000010011101001010111111111000000011010010111000011111110011
1101111001001101110000101010000101111010011010001011100001011010110011010000110
1000010001111110111110111011110011010010110     0001111111111101110000110000110
101011111110111100111100110011001110010100        01011011010001100100000010010
010111100000001100111001001100011000011111            0100011011000101001111111
00000001100011101000100100010110111011100               11100100000100101010101
001111001000101100000101100010101101101                  0011111110011001101011
00000011010101001100100110010101010000                    011000101000111101111
11000000011100111011000001101001001111                    111010011011010011100
001000111101110010110111111101010011101                    01000010011010010011
0000100000111101111100101111110100010001                    0101001110001000001
0011011111100000101011011010110101001001101                  100111101101101111
0100100110110110100011010011111111111111000                 10110   01001110000
110100111010100100011101010100010000100010011              01100      111010011
100000001010000100111001 0001010010010000001100010     1011110          1111001
01101000111110000010110    100011000010000101011       11010              10011
0010101000000101000011011   001110011011100100           0                  100
10010110100101100101000001    0      0101111                                   
01011100011111001001011001     11    010010                                    
010001101000110111000101001    1001   10011                                    
001011011010100110111110001      10    101                                     
1110011101001010000010110001            00                     010             
1111101001011100010110001011011                        010 0111101             
01110001101111100100101100001110010                      0000101011            
001100111110011011001010111001000111                   1 111011110             
11001111100011011010100011100101111001                 00011001110             
0011000011010110101011101000010011010111               11001110100 1           
10010000100101111001010010011000001001000                101001101011  00      
10001101100000111110010001111101000000001                 11111101110110       
1000001000101101110100101110101010011000                   000011110001      0 
0111110100000111001011111111111010000010                    00001111101      1 