1110101101000001100110101111010100010100010111100100111100111010000100010100010
0011100100010101101000011110010101110101111101011001001100011011101011110000100
0100010000101011110101010110100010001011000010101000100111110100000000110001100
0110111010100101011000011000100010100010000000011010101111011001001010001110110
0000101101010100101011110010100101110101101000010001010011110001110001111111100
1000000010110000110101011111010001100000111000111011100110011111011100110110000
1000011010010001010000011111011011011101001000100101101111010111110111110101100
1011011100111100000000110101001101110011001110110000011110010001001100000010111
0001001001010110110000010110110001111100010100101101010101100000110111001010111
0011000001110111100100011110110000110010111101110010111011100000101001111111011
0110011101001011001001010001111101000111010110110100000011111111001001111001100
1011011011111000100101011001011111111001111010011001001100010010000101111111000
1011000011110100000100110111110011001001001111100110010001010000001100010101010
0000010111100001101000100111010101100001100101100101100101100011110101110101100
1011110110101111001100010111010111000001010010111001010111110110000001111010101
1011101110111001011011110110001001111010010010001001101111101100111100001001000
0011110100011100010101010110110011001010111000001101101111101010010100001011011
0101000010011010001010011110000000011101110011001000110111100010111100101011110
0000010110000111111000100000011000001110001010000011010011101000001100000001001
0110111000001111110011110111000101000001001110100011111000100011101111010111100
0111111001001100111001101000011101000001100110000010011100100110001010101101000
0001101010000000110000110001101101000110011110100001101111111001100001001011110
0010101110101010110100101100100111010101001001100100110011000111001011011111000
1111001011100000011000100110001101010000001001010000001011010110110010000000101
0100000101001101101011111011010110111011101011010001001001110100110110100001001
11000010001110010011001010010111110000010111  001111100000100000011011011110000
110111100101101001001000010000111101110001100   1101110101110111011010110111011
10001001101011100111011010000110100100000011011   00010000010100000100100011100
11111000110011100010111010101010001010011110110111   11100111101001101010111001
0011001011001000000111111010100101011111101000111101    0100110 010000001010001
11011010011111100111110000111100001101011100001101110     0101   00000110000011