1001010111011000111100001110011011001000101101010110100110010100110100111000000
0011010111100101000100111100010000100111000111110111011010011101100010111011000
11010001111101011110110110011010010010100      10101011011110111100100101101000
0111110110101011001101010001000010101001         101010111100110010000000010000
10111101101010011011101110101011011100111            10010100000100111101101001
1010111001110001101000100000011101100110               011101010111000010000001
00010011010101110101101100110001111111                   1010101001001000101010
00010100110101110000001010011001111010                   0101110000001001100001
01100111101111110111011000100110101101                    000010000101001111100
01010000111011000010101111100101001111                     00100001111111100000
001000001101110000000111100110110011111                     1110110100011111001
1010001111100001000000101101110110111110111                 1010001100101001110
0101111001000111001000101101110101100101001               0 00001   00011010100
10010001011011001001011111000100011000101111            1 011110      110000001
0000110101111111010000000111010100101001100010100     1 100100          1010110
01010000010111101000111    1101110000110000101100     0 0100              00011
100100000001001010110110   1110111100010101010          00                  110
0010101110010001111001010   1010    11011110                                   
00011100110101000010000001           000000                                    
00100011001001001100011100     011   111011                                    
10100001011111100011000000      010   0100                                     
001110010101010011100001111       0    001                     10              
10100001000111101100010101100                          100 0100010             
100101010000011010010101111000101                        1111000101            
11101001001001111000110000011111001                    1 001101000             
0011111011000000011010000011001111000                  11010110111             
00100011001010010000010101001110100001                 00001001110 1           
11111101100011101110001010100010101111001                1100111010 0  10      
11100111100000110101100100101110010011000                 01100110100 10       
0101010011101000101001110111101000101010                   001001100010        
1110100101110010000100111011001100100110                    11010111111      1 