1100100101110110001111111110101111110111000010111011011100001111001100001110001
0001100100101110100100100001000111010001010000001101111000011001110111010000100
00001011001110101100101110000101001110010001001001111       1111001101010111111
1011001101101100111001010000010010100100000000011010        1101110001111111110
0101111011011010001001101100111110001000110010              0100011001110111111
010010110111010000100001110000111100110110001                 10001100001110001
01100111011001010111011000111100101111001010                   1110111011010000
11100000010001010110100011110010000011000001                   0101111010010011
0101010100000111100010111001001100100011110101                  100010101000100
1100100000111110000011011001011100101011100010                 1101100110101000
11001000100011000011100111001111010100111101                   1000001110111000
110000000100111100001011101000101010111101101                 0 11 111110110110
000101001001001101111000111111010000101101100010              0011  00000111011
00111110001100101001010101101100111011110110101100            0       000101000
01101110000100010110010110110000000011000001111010                     01100011
010001111011100001000001011001100100000000000011                          00000
101110110001101010011101001011       000111001                              111
111110100100111001   0010101100      1111111                                   
0000000011110101000    1111011011    000011                                    
011011010000101100100    001110010   11100                                     
00000111000110111011110    0000110    1100                                     
11011011011110111110001      100111   011                      01              
000001001010011110000001        011                    01  010011              
1111011010000100110110001         10                    1011000001             
101011111010011010101110010110                         0 000111110             
0111001010011000011000000001110100                     11011010110             
0001101101101000011010100011000011010                  00101001011             
1011011110110000101000001001011010110111               1 1110001000 1  11      
01111110011011110001100100100111111100011                011011100101  0       
0011001001110010110010011011010100111110                  0101100111110        
1100111011101010110111111100110111110100                    10010000010      1 