1101100000010100001101011010100111110000000111111011001101101111001010110101100
0110011111010011110100110000111010000000110110111101111100001101001111001000111
1010110001001111111011111100011100000010101001110100       01111110100010111100
111101000011110010110100000011101111010000001101110        10101111011110101111
000001001110001111000001101010011100111111110               0001010111100111011
01000110110010110100010000101101011101110101                 001110111101111011
0100111011010100110101011001000001101001000                   01100000110101101
1000110000110111101111010110100101001010100                    0100100011100101
110101100110110101010101101101101111101110101                  1111000110010001
101100011001111001100000000101011101100110111                  0111001011001110
00111011110010011000011100110100110011110100                  00000101001011111
010001010011101101010010101011100110111000101                  111 001001011100
000011011111110101110110001000001111010101110                  00   10010000001
0001111001001001001010011000010101000111000010001                    1011100111
10101100011100010011110110110000   01001010001100                      11101001
110001111111011110010101100110      10100011100                           01001
00101000110101010010001111010001    100100000          11                  0111
000111101111101001101010110011111   11101011                                   
000011000110100010110101010001001   001011                                     
110101001001011001101101100100101    0011                                      
01100111000011000    1001100111101   1101                                      
0111111110110111001     0100001010                             11              
101010101001000111011     00001101                     00  010010              
1111111100101011000001       11111                      101101111              
10101001110100010110001         000    111             0 010100101             
101100110101101000110111          0   1010             1010010101              
0001110000111111100111011010101                        0000101100              
11100010111000110001000011001111110                    1 011111110 0           
1110101010001101010010100000011011100000                 00100110111           
0011000111011110100100110110011001001110                  0110010001100        
1000010111010100000000000110111100111000                    1001000101         