0100111011100000100110000101000110100110001110000000011101010000000110000010011
1000001000001111100010001101010101001010110010011010101100111111100001010010111
10100000101011111001110110101100101111101      00101111011111011010001111001011
1100001111001011101011101101000001101000         001101100110100001010100011100
10110101100000100010100100110000011110010            11001010100000001101100111
0011011011010001101010110111011100100010               100011100100100001011010
10111001001110100101100011011110001100                   1101011110110110000001
10111001010111001100010101111110011111                   0110011100100111110000
01101110000101010110100010110111101011                    000100001001101110010
01001101000111110011111001000100100011                     10101110111101001001
01001100111010000110010101000100000011                      0010100010100010010
1111100111110101010110101010011110111111000                 1100000100000100011
0110100110000111111000100111001011110011101               0 00100   10011100000
10100101001100000000101100000011111101011000            0 001110      001000000
0111110011111010000110111101111001100010110010100     0 111011          0011101
00001001011001100100000   00010000111011000010000     1 1001              00011
111000110001010110110110   1010100001010010101          01                  010
1000100011101100111001001   0101   101011011                                   
01101101110101111000111011    1      101000                                    
01100001100011011111010010     00    000010                                    
11010101111001100101111110     100    1011                                     
111111110001000101111010001      00    100                     111             
10010001111000101000011100001                          111 101010              
01011110111101011001100000100101                         000111011             
01010111110001010111110111110011100                    1 001110000             
1011111101000001000111100110100101110                  10001001111             
11111011110101011000100000110000000110                 01000001111 0           
01101110000110001001000010111011100100010                000110001110  10      
01111010111000110100101101011110000101011                 110100110110 1       
0110010000110010001111110000010001111111                   011110100000        
0101111110010100001101101000101010101010                    00010010100      0 