110100010100001011010111010000010110111110111111010110010100101010             
10110011100100010010001100001110010010111110110101110000011101010              
100110110111011000010000110100000010100110110111101101000110010                
0110110001011001000000010011011001110000111110010000000010000                  
10110000001010011010100111011001011110101110001001100111110                    
1011111010001100011110110101011100101011011000100101000001                     
011111000000101011011101101011110110000010011010010111100                      
00001001101111110100111111011111110000011110011001001111                       
00101011000010011100111010100101010111110111111000000010                       
0101010001001110000111000010110011111001 011000010100100                       
0010010110100101011101111011000010101110  10001010000011                       
10100010100010001100001101110101110010011  01001001101111                      
000001011010000100100011100010111110010100 100100100000000                     
101101001110011011000110010101001011100100  0000001000100110100                
0111011011011101110111100100100100101          1101101110001101                
0000111101001100001101100100100111011          11101111011110                  
00101100101111101111000001111010000011         1000111010101001                
1001001110010110100011011101011100101          01101110000010110               
011001011010011100010001101010000110            000010010001110101             
000000101100001111010010100001101001        011 1010101111001001000   11       
00000101000110011011000101111111111        11011 101110000001110001111011      
10000101010010001001010100011110011      10110000 100001110111101011110        
11101011101110111111111100110000101      10101100 110010110011000011           
10011100000101100000010110000000111       01101000110001011001011              
11001110001100000110001011010011111        00010011001110101                   
001110100011000100101000011111000111       1000011110111                       
110110110111110001110001110011000101        01100011011                        
001010111001110010101101011010011111        101100                             
011101001010010110010100111110001101         1011                              
1011011010111011011100110101111110000                                          
1001100010111000110111101101010101011                                          