0100110000110101000010101000001001111011101111100010010011000001000110000010000
1101111100101001111111111100101101110001110111011111101000101100110000111001011
11000101011111100010110001110010000111011      00100101001100101110110110001101
0011011110110101101100001001111111011001         010110110111011110011000101111
01001101010010011101011101100001011111100            11000110111010100001110110
1100101000110101101111000001100001100100               001011010001101110111101
10100101101011100100000111010100101110                   0111000011011000011000
11010000111001001011000000010111101011                   0111101000001100101010
10001110100010001100101011110000010100                    101001100100010111000
11100101000001101111100110000110111011                     00000000001010010010
00110111001011100001100100001001100000                      0111111110011100111
1110101101101111000100101100110101011101000                 1101100010010110100
0000101000110111110001111100101010101011010               0 01011   00111000110
00101110111111110110000011101111110110001110            1 101110      111101101
0001100111100110111011010000000110110000001001000     0 111111          1001100
11001001100111110100100    0100100010010100001100     1 1011              00011
000000101011110000001111    001111101100111100          11                  000
1000110110001011000000101    11       00001                                    
10100001011000000001100101    01     110110                                    
10001000001100111010101000     110    00010                                    
101001101111100000101111110     110   1100                                     
000110111001100110101000111       0    000                     10              
110101011000000001011111000010                         111 0110010             
1101100000100111100101110001111100                       1100111000            
11100111011101111110010001100010000                    0 010001010             
1111111111100000011101111000010000000                  01101101011             
0010111011101000001111101101111100000111               00000101001 1           
00111011011101110001101100001110001111100                1100011010 0  10      
00000000101000111101100101111100000001111                 11111000101011       
0000101101100001110101000011000110100001                   000111101001      1 
0101010101001111101011001010010100101011                    01110000111      0 