1110001100111001010000000000001000001101111000101001000101010100               
011011111100000000010000000101011111101000100111001100100100100                
1111111000000001010001110001011010010000101010111010000011                     
101010001111110110001001100010111010000110000011011101000                      
0010011111000000010001010011011110110101010001011001011                        
110011110011100110100100000100001111000110110110101111                         
101000100111101011110110001111010010101010000111111000                         
01101010001101100111100000001010010001100101011111101                          
00010111010000110101001101100110110100001001111100001                          
0000000000100011010101101000111011101 0000000011111111                         
10010101101000001001100000110100000000 000101011110010                         
110100101000010110001011011001000001011 0101011001110111 01                    
1101000100000010000010010000010101110      1011000111001000                    
10010010000110100110100010001001000         1110010011111                      
010101111001110111010000100011010100        111111101110100                    
000011111000110010001110100100000001        0001000100010010                   
11100110011001011010001110111011001          0010110111110010                  
11111010010011001101001111010001110       001 1110101100000101  11             
00111001000100000111000110000101111      11001 10000111110010011111            
1110011100110001111101010000111100      1011111 1101111011111000010            
1010100100101010111001101000010001      111010111000110011001010               
0100101010000110011100110001010010       111000000111011000111                 
1001110101001110011111010101111100       0010011111011001101                   
0100100111101011101111001010011000       00010110111                           
11101010100001100100100001000100010       011101000                            
11100101111011111000011010111011011       01110                                
10000001100001110110110111100111111       10                                   
01100011011110110001111101001010010                                            
11000100011000001011011001011100100                                            
01000101101111001101100000011010110                                            
1000101001010100001111010000100110110        111011111                         