011011101011001001100111001101100100111010111101100100110100001001101          
000011111000100110100010001100101101000110010100101001011111001111000          
0011101011111011010011010110000010011011110010011011011100100010011110         
0000110100110001101001011101010010101001100101101001100100100100111100         
10011011101011100011010110110000110010010011111011110011110001000000           
1110100110001100101010110011110100110000110001100010111100101001010            
11110011000001011010100111100110001000100011001111001010110001000              
0101010010001111111011110010000001001010101111010010001000000010               
101000000011011101000000011101001011011010101101010110010001000                
10011110010111010100100000001111011111000110001110001100011100                 
1000000010001010001011111101101011010001000100011110111010011                  
111100111101001100110100101011001000111010111 100111011011010                  
111110000000100001001001101101001111010110111  110101000111100                 
0110001011011000100001101010100011111100001101 100001110111111                 
1110111111111110100000101101101111011000000000  11010010100100                 
01110100011001000000010011000100100110100000111  11101001010010                
01100001001101100011010110101011000100111100001   011011001111011              
01000100010101110000110011100110011100110           0100011110000011101        
10100100001011010000011100001110000100011           11001010110110001011       
101100000000010011010111011001000110110011          010111111011000011         
0011100010110111101111001010001111011000            100011010011110010         
011101110100010101111101011100111011101              01001111111100101100      
110011110101100011110001111011000001100           11 000000110101010011011 1   
00000110101111011101100000100011111100           100  01011100111101000000010  
00101010011100010001001111111111101010         110101 0011011101000111000000000
11001111010010001100011101101010101100       111101011 110010101101011010010001
11110111001010011101111111001111101010        001000110 01100100101011100111   
11011111000000100100111101100001111100        001000011111111110101010000      
10010001000011101111100111010110101100         0110001010000110                
111000110110010110001100000101100000001         10110101010011                 
100101100011011000110011011011110001110         1111101110100                  