1011110011100111100101010101001100011000100100001000010101000001000100100111111
010101111111010100000010011011010100001001110110101  00110000111010010000110011
1101011101111011000010011101110011011011010000001       11001111101111000100101
010010110000100000001011101101100010100100011000        10110010100001011101101
111011011011000000010001010100100000110001101              10011000111100110000
1101100111100100011101011000010010100101011                 1101100000101111101
110000111000011010111001011011010001111110                    01100111001111011
111101110101100110101000100111011101100100                    00011111010110111
1001010000111101011101100000000100010001100                   01001010101110001
010111100000001110111000000101010101111100111                 10111100110110110
010000110011011001000111001101000111011011010                 10101000110010000
101101111111011010110011011101000101000011001                 11010110100010000
0100101001010001101101011011100110000001100101                 001  11010110111
0010011010001110110011101111001010000111100101001             111     101100100
10001011101011000111000011111111101001010001100010           00         0101000
0111100100111001011111110110011011001001111011001       1011               1100
100001101111001001100    111101110111010110111          101                 001
0011011011000111110111    1000      11100011                                   
101100100100111111101000   0110      010000                                    
011100101010101011110101    01101    000010                                    
1000011001010111010110110     1001   00111                                     
1000000000001101111100100       010    100                     010             
10001000101101111010110111       100    00                  011010             
10100000100110001001010001101      00                    0000001110            
1000000101101111100010011000110000                     0 10011101100           
10101111110111101100010100000001100                    001110100001            
10001011101001110111100101101111100101                 011111110010 1          
01010001000111100010011001011110001110111                111100001101          
10100000110000001101001110001000100011100                 111111110100  01     
1000011001100101110001100111001011110000                   1111110100111       
0000001110001100110101011000111111000100                    0111110011011      