0000001110001111101010111111010111011011110101011000011011100          00000010
011100000010100111000001100000000101010100011001000000001000            0110100
010011110101110111100010011110011010110110011000000111                    00111
0001100110101101001011001101011011011000011100010111                        111
011101110000011011001010100101011010011001000111010                          10
00001101000011000100111100101011100101001010101100                            0
00011110010100000001010110100111000001001001100000                            0
0001100001111001011111010100110001011110010011100                              
10000111001110000100011001001010010111101010000001                             
00111001100011101101101011010  10100011000101101111000                         
0000101111000000100001000110011  11100111010101100110                          
11100100101101000110100101000110      0011010110000                           1
1101011111110100100111100101100        1011100100101                          0
111010111001100001100101110100011       0100110110111                         0
0011110011001100010011010110001110     101 01100011100   1                     
0010001010101110111111011000010100     01100001011101000100                 0  
0000111001000110011011001001001000     01110111100111001010                01  
1001101111011110110010110101100011     1111100110110110010             0       
1010111100011000001110100010110011     1101100101100010                10      
111110111100100100110110100000001      01100000011000                          
000000010111000100011111001010100      11100011                                
011111011000101100010111100001110      1001100                                 
101011001000111001100010101000111      010                                     
111000100101110100001110110001111                                              
011011101101111011010001100111011                                              
010111010011001111111000011101100                                              
100011110100000110111100010100101         111010                               
100111100011101111101110000101000000010010010111                               
100110011000011111010000100100111011100010011110                            110
010100001110010000111101000101101111011010111110                     1111101101
1101001011101101011001101111001100111001111011110                    1101011001