1010010100111100001010001011011001001010100011000001111001      110010110110110
100010100011110011101000111100000111010110110010011001011        01010101111010
1000010011101111110001110100010000100111100000100001111          00001111101101
0010010000010101011111101110010101000010010111111                 0111001111010
01100111101000010101011101001000111100010111000                    111110101010
10010000001000100011001101111101011111001000101                      0110101000
1000111100111010100001011000000111100001001001                       1000000001
0101010010111101011010001111000011110100101101                        010110001
111110010011111010100000001111101101001010011100                      001101101
1101011101011010101111100000111010100001100010000                    0010001111
11011011001111111101101001110001001001110111011                      1101111000
100000010000110100100101101 00001 10001010010100                     0110 10001
000101001001111100000101001111      101111000010                      00   0000
111011011011010111110110111000        000111100001000                       010
011011010010111010100011001011101    0011001010011000                        11
0111010111100101100111011011111000   1000100010011111                          
1111011110001111011010000011100010   00111111011110                            
110011100011100001011000101010011    00001100111                               
000111110110001110011010111010101    100110010                                 
010100101001000010000011001111001    111001                                    
00001010010010100011110101110110     110                                       
01110111000100101101001010111000                                               
00010100110010001111101000110011                                               
11000110100010100110101111100111         11                           11       
11111110010010011111111011011100     0110111                 1      1111       
00110111100101001   111001001100101010001010                 0100011111 1      
101110100110011        110011100101110001001                  00010111100      
10011000100000100        1111100011001011001                  1101101011       
01110001101111101101       00000000111010001                1 10110000001      
001000111011100110111        010101001100000                0111100011001      
1000110010100001101111         0001000000001                   00010110111     