01011100011111111001011010010111111111111  110010101111001101001001001101110111
00011110010010011100111111101000010000001   11011111101001000011011011100100011
1000101111101011010110110011110100110110   000110001110101010111010111001111011
0010001101100001111100110100110110101100   111101110100111100011101101100001011
01010110000011111000111000001001101000111  100111110011011010011000001001000010
1111010010011101000111010101111011110011   001111001101101001100101001100001001
00111001100111000111111111010100  00010        10000001111110101111000110100111
011110010101111011001010111000001  111           111000101001110110101100101100
100001000111011111101010101001010                 11100010011001111001011010100
110000000111001111000111010101010                 11101000111000011001011100000
0001100100110100000000010010110                 0 10100011001001111001110011100
1011101010111001110001110101100                 1010010001001101010101001110010
0010100001101010011101110110110                  011010101000110011101000011100
0011010111001110000111101100000111               110010001000110010000010011000
1011111010001011111001100001111010               010011011001101001010010111101
10000001010011111100010011100000100              100111110100110111100011100011
010110011011000111000010111110011000             000000011100000001110000111001
001010100000011001100110101010101111             000110011111011111000010100010
100011100110011011011001001101101010             101011001111110000101111010010
0100111010111110011110011101010000              0111101011111001010010100100011
010011010010101111010011100 100010              0111001101000100001010101010011
10111000010010001001         0000               0001101000001101110100100101010
0000100011010101010           11                1001010101010001010000111111110
000010000110001001            11                0110110100010110010011100101011
100100101000000010            00                 010100101111100101100100110101
000000000111000                                  110011111000001100111000111001
1010111000010                                     00101110010000011011000010110
110110111001               11  00                  1001001000011101010011111001
101011101001               100000                  0100010011111110010000011010
0000100001100              010110                  1000110100110111011010100000
11001010010000           000001                   01011011001100001011000111101