0111110001100100111100111001011100110011000000111101010010011110001011000010001
1110010100100000110111101100010011011111010011111110100001001100010111111110010
010101010001100010110100010010111001100010101111000101011100001  10001110101001
1011010010101101111010010111101110110100100001111101000011010  1000001011101001
10101001001000001010011001110011101000101011100101101110011   01110011110001011
111110011001011010000110000100010111011010011111010001011     01101000101101101
1010101010011001           0010110101000011000001100011      010010000100010100
001110001001010             0111001011101111100 1000     1101001100110111110100
10011110011101               0100010110011      00    1111100000100001010101000
1010000010001                      0101              001   00100010000000010010
0110100100111                        0               1      1100011100100001111
0011110100100                        01                     0000001010101111010
00000110110011                       10                    00111010011010111000
11110010101011100                                         000001110001111111010
010101001101010100101011            00                1  0000101100001101100101
11001011101001001110101    00011001110                0000111111000110011101100
111101111100010111100     111000101000 00             0101010100010110101010001
10000100001101100010111    1101111110                 0010110000110000011101110
11001110000100111110110    1111111000                 1010001000011111111110100
011100010010110100001111   1001010                    1001101101001010100000010
000101010110110110110000                              1100111100111011000001000
110001100010111100101001                              1101000000010011011000000
0011110001001000101110001 1110000                     1111001010000010110111001
0111100111100111010111001 101011                       011001010101101000110100
101000011001100110010100001001110            0001      111100000111110001010011
111010000111001101100001011011100           010010       0100100100100101001110
010111101101100110100110011011101           0101100       111011011010111010011
000011010000101101010101111110001           01110100      011101011011111000011
0100010111110111101010001 0111010           10101110     0001001011010001101110
10010110010110101110111011 101111            011110      0111111110111010110110
000001101000000011010101010101101            0101         111010111100110001001