                           1010101111110001001110001001010000100100010011110100
                             00010000100100100011100111111100110011001010111001
                                 1101101100101101010111000010011001100000000110
                                   11111101000001101011110000101011110110000111
                                       0011010010011101011001000011100011000100
                                         01010110100001100110100100000101000001
                                           000001111111010001011111111111010011
                                            00010011001000000010010100011001010
                                              000001111000000100011101010100011
                                                  11000011001010110101000011100
                               10001000            0011110111000001110000111100
                             01011000001          11101011010101000110000101100
                           01100111000101         11101110001000010101011001010
                           00000011110001         11010011100110101101101000111
                            0100010101100       0011000110111010011001111001000
                             1101000100001     111111100001100000010110101   10
                                110011110011   100001100000110000101001011 0   
                                      111000001 01100111111011100110000110  011
                                        00010101000011001101110111110111100 111
                                         00110010011001011011110100011101111011
                                           010010111001111111011111111001110001
                                            11011011010110011011100010010111000
                                               01111110101110001110100110100101
                                              111111011   110001000100000001010
                                            11110010       10000100010110101010
                                           00111001         0100010001000100001
                                          00010110          1000011111100011001
                                         01111010         101110001011100010111
                                        00111010        10001011001001010010111
                                       0001101        1111100010011000111111111
                                     00111101      1011101110000110010101001000