0110111100111111011000100011010100100101000101110010111110111010101111011110111
1111000010010000001100000000110010010011000010100011010111000110000000100101100
0001001100111111010001101010001010100100100101101111010110001111110101110101111
10110011001110011001100101101000010010010001111011000111111001001 0101111101010
000011010000100000110110100000100011011001101011111011000111010  00110010110101
0000001100110010110     111101001100111000100100111000100011    000001101111010
1001100100001000            111111111010011001100010111010      010000110101100
110000010011011              01000101010010010010000100    1  01011101100001011
10000110110111                110001010010000101  10     0111110110011100100010
0011000001001                      100100              111100110010101101100011
1001111000010                        00               010    001111000110101010
01000000011100                        10                     011111100001110110
001011101001100                      101                     111110011001000010
011111101011100010     01             0                     0001101011110101110
1011100010010111111100100           11                     11000110001011000010
0100011110000010010101     101100111000                110101111000111000011110
010011011100111001011      000001010010               0110000111101101010011000
11001100001111000010110    10001001011  1             0101011001000110001001010
010000101010101010111000   1001011101                11100101111010010110000001
000111011111111011100100   11010100                  11111100101010101100001011
101010111000001001110010                            011100111001100011101110100
100111011101100011010110                            110110111110011000111011010
1000001000001011001001111 0110001                   111001100110101001011001011
0111100011101101011000100 110010                     11010110010111110011101101
00100100111111000100010011000101                       100100001011110110001101
110111110111110111010100010010101           10           1100010110101011101000
111001110000110100011100001001110           10    1100    111111101000110101010
001001011110001110011110000111000           10    0011     11010110100000011010
1001101010000000100100110 0010011           10    01      100100011001001001010
11110111001011010110110100 100000           11   10      1101010000100010010010
0111111001010110110011101  00101                      1011010001111111011111000