0001110010010000101110010101011000110000100110110010101011101010010100100001010
0100100111000000001101010100111010100000001010000011100111000110101111101101111
0111000110011110001101110101001001110101100111100110001111010110111000010011000
0100110110110101110110010100001111110001001100000011000101110001101001010111100
1000110111011110000010000010111011011100101101110110110110000000111010000111001
1010000010100111011001011100111100101010101001011001101101001001100110001001001
0001001001101101010010100100001100111001101011011101000100100010000110111111001
1011100010100011100010111001011110010010100010010010011100000010011110110000100
1111101010111110110000001011000110101110111101101110110101000010010111101000000
1111001100100111111100010010010111001001010110001001111111101100101111101000101
1110100011111010111100011101001001011110011001011100111010000010110101010101000
0111000100000101111110110 00111111000111110110100111011010110101111101011001011
100110010110111000000111011     00011110011100110000110100100100001011011110000
100010100000011000101101001101         1111011000111000000000000011001100001110
010111010100010001001111101011000        00000111000101100110101001110011100000
10001010100101110110100100001100001        110110101001100001010111111100000000
01001010111110011101011100011110111010       1111110100100101000011001011000000
1001001101000110111011011100110001001010        1100100011101010001000101101111
10001110111000011000101000101001110110000         11011000010101100101000011000
1000100100100101010110011110111111010000000         010000011110101000101011001
1000101101011010111001011001111101110010100110           0111001011011001110111
101100101001110011100110001000001100101000111011           01000110100000010100
00001101100011000110100010001011000011101001001010           001001010010110111
1110101101010011000101111101010010001111111101010101            111010101101000
000101010011001101111111101111101101011010000100000010              00010011000
000111100100110011111011111000011011111101010001110100110                 11000
101101010000111110011000001110001010000111001011000101101101                  0
01001001110001101010111111111000001000111111000001100001000001                 
0010010000001011110100010000110000011011011011101111111101011001               
1001011111000101000011011011000101011001001111001100110100111011111            
000010000001111100011010101100000011100011101011110110100111010010000          