0111000011011101001101010101010010101010100111001111000101001111110111000010000
1111010010111100100101001010010010000100000001000111100011000000100111000110110
1101110011100001001110010001010011110001010000011101111001100000100111101101000
1101100011010110100111010000000111101001111100110001110011000010110011001100111
0000001010101000000011011111101000111111100110111011111011010110101110011101111
1111011111111111000001010001111010110101101001100100100010010111011010010101101
1001101101101011010111010110100001000011111111101110011000110101111010000001000
0100111110111110110110010010111001100011001010010110001101100011100110111011100
1000110111111001000001010101111110000100100010110011000101010111001110000110110
0010111110100000110010001000100110000000010001000011110100110101110100011000000
0001001111010010001010011001011000011110000101000001110000111000010111010110010
1010010100010101010000101000111010100001101111001101001011011110101100011010011
0011111111100101110100010010001111100101011011101111011101110000000000001111110
1100101110001110111100111011010111011111100101010111111010010000010011101110111
1111100110001110001111001000101000100111110110100010001110101111001011010010011
1110101100101010001111011110111110001000000111000011110001101100111000011101100
1001110010111010101010110010011100010111101100000100101101110010010001100010110
1101110000011000011100001011000101110100101101000001110100000101001100010000 01
1010000011010001101101110001110000011100100011100101100001111110011111100   100
0100010101010101000000000100101001101111100011000010110100011101010101    01111
1001101111010111100101010010010010110111011001100010000101000000011    11010111
1000101110000011001101010111011110100000101110101110001110000100    00010010101
100010000011100100011010100110100001111100001011100110000001     10000111101000
000110011001001011010101111100110011110000000001000110101      1001000011011101
011000011011000111110001100111010110101101100001110100      1001101000010001010
01011000100010101100100110011010100101000110111000       0010010100000000100001
01011011011110110101101111011011010101011111001       1101110010010101111100101
11010000100111100011111000100101011111001111       0001101111001001001101001011
00000100010010101101000010100011011111010        101100001000010000000101001111
01100101010001110101010001111011011110        100010110000010001001111111010010
1100111100010001000100100111110101        0001111111111000111111111011111000111