1000100100100111000011001000010100000101100001100100101110101100011001001100110
1011010011010010001011101011101011111110100001111100011111101101000000000010100
1000000100101110111001110000001010001000011100001111011111010100000011100011111
000111110111001010000111110011100100100110000101011101001110101010  10011110101
1100000010001010000110000010111011010110001011000101010101111111  0101110011111
1000101000110101100      0111011100001110111011011111000001100   00000111110100
1100100001111111            0000110010100100011110001110110     101000100100001
110010010000011              110011111111000001100111110        101001110011100
00010000000100                1110001110001011010 110     101011000111010101111
10111011111101                      11110               11110111101101011011101
00001100100001                       000               101  1110010110101101111
10101011000110                        10                      10010101111110000
1101100110101001                       1                     100011110001100101
10001010101110000011   10 0                                  011001010101010110
0011100000111100110011000           11                     10000100010101001100
1011011011011110101111     110100010001                0  110111111000100000010
11010110010000101001011    010010111101               1000111001001010100011111
01110000010101100000100     1000110111                0000100010011100111101111
101011100011001010010000   00001000100               01101011011111100000010111
110001011111111101000100   00110010                  00110111000100111100001110
011000111111100100001110                            011111110001111110000100010
1000110110000001111000010                           101001100011100001111010001
0001011000111111010000010 0010001                   000100000101110011011100010
1011110000010101101011010 011111                     01101101010000001110111001
11100101010111110001001010100101                       110011101101101001010111
000000100101001000101010111100001           01           0011000011100111010011
1100001010110110000011110 0111010           11     010    111101110011010111011
100110011010000101010111100100101           10   01100     00110101111011111001
010011110000010110111011111110111           11   110      101000111111011000010
0110000011001111000111001 0011101           01    1      0100100101000101001111
01000101101010100100011010001010                      1101000111101100000001011