1111001101000111010001111000001000100110110101100100100101101010100111110111001
0011011101011111000101110100000110010011001100000100100011100000111101011001101
1101000100000110110011011100011101011000000010010111010100001001101110101100100
1101101000100000101011100101100101111100100100101010000101010110000 10100111011
0100101111100000110101101101101011101010001011011001111111001010  0101110011110
1000101110111001101       010100000101000110100010011111010101   00001111101101
0101110110111100            0110000011101111011001011110001      10010101000100
110000110011111              011111100011101101001100110        010110001010001
00001011011011                1001100010011011101  11     000000110101010100101
01101011000011                      01010               10111000000011010101111
10001101011001                       111               011  0101101101111010101
011011111110110                       111                     01111110010101010
1011111011110001                       11                    001100000001101001
111100001001001011000 110                                    010010110011100001
0111111001001000110100110           01                      1111101010101000111
1100110101111000100010     0001 1111010                0  101110100000011100101
11000101100110011111000    011101010010                000101010101011000011001
01010100011000101000001     1001000010                0110110001100000010110110
100111100011111001001101   11010001100               10011001111010100001011100
010011011111110110001010   01011010                  00100000000000111000111101
011011100100001100010001                             01101011111010100111001110
1010101000111011110100111                           000000001000101110011110000
0110010110000100001011001 1010110                   010110010110100100001001110
0000111100001111101111111 010111                     01101011101001001000100011
01111101100000010100111110011110                       000100001000000100010010
11001111100000001111111001101001            00           0111010110001101010111
1000101001011000011101001 1001010           00      01    010011100001100110001
0000011001101101000110011 1011110           01    0111     00001100011111011000
110111100011001101001010110000010           011   10      100011111001101001110
0101000110110100010010010 0011010           000   0      1111001111101101001101
1110111111001101010001010 011101                      1101110001111010011110010