1011110001101011111001110010101010011101100011100111111110001101101010010000111
0111001011110100101001011011011111100110001010111010110011011010111011001110110
01011001001111011001001010101100110001101000001001011111000000 1001100110001100
110010000001011101001110010011000011001111011000011001110000  00001001101101010
1101010010001011000010110001100000101110110110010000011000   110101101000001010
00011110101010011110010001110101000010100100010101011001      10000101000000010
0110001110001110        011010010101001101111000000001       110010001001000001
00010110110010             1010100100100001100 0000    101110110110110000001101
0011100000111               0100001111000      10    11101010101110011000110111
010001010000                     01111              110   001110001111100010011
011111100000                       001                     10110110010011011111
100010011000                        110                    01111010111100011000
110100110100                         1                    000000000001101001000
10001101011010                                            111101100101101001111
001100100110101010   1             00                 0 00101000001011100000110
1001011001000111111000    011011001100               11110110001011100101001001
10000001111111111001      111101110010               00000000101100000110011110
0110010000110010011101     0010011001                11001101101000101111110001
11101001101110100000001   00101001100               111000101101011111110001010
10010111001001011011001    100100                   011011111100010011111000101
00101101110001001100111                             111111011010101111011010011
010101000010111011000100                             10110101000100001001011001
0101010011010110101011011 0101000                    11101011001101110010111100
11000000100011011110101111110011                     00011001100011000011010001
001010101001000000001011100011011                      110100100111010101001010
110100110011111101000010111001010           000         01011111011010011010011
0111010101101101001110001 1011111           110          0111100000001100010001
100001000111011111000001  0000010           110          1011011011100000000011
100011001011010001010100  0010001           010          1101110011110100100111
011100010110010010110100011010111            10        110111000101110111011000
10100001111011010000111 000111010                     1000001001111111111111001