000101100001001101111111100001100011000101011000001111   0010110101111001111001
11111000100010111111000001011111011100000110000011101   00100011001001101001101
0100011110010111010111100100001011001101110001110      100000010110111000100111
110001100000011001001001101011100110101100001111      1001111001000001100111101
010010001010101001111111100110100011010110111001     01110111101001110111000001
100110101111000011110101001  11101011101100000100   100001010001100111110111001
1001100011000111010110101100  1110011111100101      000000100010101110010001001
01011111111010101001010001100    100011010010          001010001101100101000001
100010010110110000110110110000                          01000010100110000001001
010110010100110101110010010111011                       01010011101100011001001
0110111011111001001010001101110101                     001110010000000110100100
100111010111001100001010010100000                  00  001101000000001001011010
11110010111101100001011001001110                   1000011001100100010010111101
001101110110111010100111111100100                  0010101001101000111100111101
1101010100001011011000011000010100                 1011001111010000011010010011
0001000011100100101100011010010010                11111101011011000001101001011
0000111011011010011100010011000011 01             00000111111011100110001000000
100000000100101110001011010001110                111100110101001001101100010010
110110110001010011010111110001010  0            0110001010010001010111111000110
101001111000111001001000011011110  1              01000000111001101100101001010
000000001100001011101101100100101                 11111100010010000111100111010
01000000110000111100001000011100                   0000001000011001000011100010
11000100111001010100010011011001                   0100010100011101101001000110
10101101101111111000001110111001                    001110101001000111000001011
11111110011111010110010000010  0                    010010010111001000011110110
0000001011111111111010                              001100000111111101110011000
00000001011010100010                                 10100001000010000111000111
0111010000111110011                                  01101011000000101010100001
0010111100001111100                             10    1011100010000111000001011
01110000010000111 1                            100    1010011010111110000010111
11100011010101                   0             1100    000000011010011101010010