0111101000000001010101101100110110001110111001110111100010001010011110001001000
0111010011111100101100101110000101111110110001010101101101011101100010101010010
0111111111101010111111000101001011110000110111001010010010010001100110100011100
1000011110001011100100001000101000100110011001101111101011000001111010010011101
0111000001001000101101010100001000101100010000101101110100110011010100101011111
1010000111101010110010010001010011001000110011100010000001111001001001011111110
0011010001111010111110110001111010100101011111001111001000010011100001110010001
0110111011011111101100110011010100111100100000110110000111011111011011010010110
0111010011011101001101000011000010010011011100001011100000100001111011000110001
0000001111010110011010100111011001110100110010111010011111110000110010001110111
1010010011011100100000101001000111000100111110110000111111110001111001001110010
1110101110111011000000011011111101010100010000110110011010100111101010100111101
10011000111101010101110100   01010100100100001011100101111001101000000010101011
10011100001101111010111011100    0110101111010011110110100010010101010100100001
0101001110000001100110101011111      100001100101001001011110001111000001111000
1010101110010111010010001101010101       11100110000110010001110000111011100011
101110010010111001110011011000101011       001000100100001101000001101101101011
010011001011011101111110000010100100100       100111001010111011110100001011110
11010110100101010000111111010001001011110        110010001101011001000111111101
00100100011000011111011000111111100011000001        100101001011001011010111100
10100101010010010100100000101101111100011101111        000010000000101101001100
1010010101111001111100101001100011111111100000101         000000011011110011100
0100110010111011110101011011011111010110001110110100         010101001010010011
010100110011100010000111011010011011010010011111111001          111011101000111
101101000011011111000100001001110001111000000101111100001          000111110011
01100010100001111011011101011001001101000100010100011111110            10110111
00001000000011110010110101001010101011001010010110110111000110            10010
00011100101011101011111001100111101111000100101010011111000001110            11
11001110001111100101100111111100001111110010101101000011101011100101           
0000000111010101011010000011000010101000110001111111110110001101000001         
1100010100000011111100001101001010100100011011111011010000100011111110100      