0110010000111011001010000111110110100000000010001000011101010100101001001011100
1100011011101110011001001110001000010110011101001001001000110001010001001111001
0001001011100100110011111011000000100001101000101111110110111111010110011011000
1010000000101001100010111100011000101011000011011010100011001010011010111000010
011110100000101101       011001000001100111101111110100010011111100101010010000
011010101101110101011     01000101110010101000001101111101111110011000110001111
00000011010101010101111    1100011100101000001011000010110100010101101000000101
0001101010010111100000011    00010111110111001111111001110011011101000110100000
0010001100000100111110000       11110010110101011101100101011001111010100000001
110001110000010110100101101        01101011101000011111111010010010101101100110
10010011110110010101100000011       0011010111001000110010111000011000010011110
011010111001011100000101101110           00 11000110001100111001100110100110100
00100100011001111111100010110101                        100     010            
1101111111001110001001000011010111                                             
00010111011011001001111100101101101  0                                         
0010001000010000001001001101001100101101                                       
00000001110100111111011101010110110011001                                      
001000011001011111100110010000000010000110                                     
100111000000100011111010000000111111010101                                     
1000101101101111010100000111110111111000111                                    
100110011111110111111010001110110001111110101                                  
0110110000000000011001010100001001100000011010                                 
1001101101011110011111101100101110011100101000                                 
1010001100111111010001000110100101000001011011                                 
0101111111001101101100111101100010010110011100                                 
0001111100111110111111110100010000110111101100                                 
1110000100110000110010110011010001100011000010                                 
1100011000101110000110010011010011010100101000                                 
1101100010001010110101010110101001100001011001                                 
1001101101000010010101100011111011011101101001                                 
1101100001010101000000000000010001110101000110                                 