1101100010101010111111001100101 00110101011001110100100110010011110111000101110
0111001010101000001101010011 10 11101110011010110100110010101101000101001101001
1100100100011010111110000110  1  1000101100101001011111100100001111001011011110
101010000000111110011111101000   1111011101111000110101011011011111001110110110
0100000011001110000000110010101  1100001111101011100111001100110110011011001011
0011011100100011011011011 00010  1100001000111100010000001101110110101000101001
0101001000000000110100011  010         1010111011001101011101100011111101100011
00111000000001010110001001  01          011100011111010101100111111110111110111
011111101111101110100000111              11000011100110100110000000111010110100
11011111001011100110100010                1100101000011110010000010010001010110
001101010101001110011100                  1001100110011100010011110100011001111
101000111011001111111110                  1100111001001100101101111010011100110
11100011010011011101111                   0100001101110101100100110111100101100
1111010110111110011110111                 1000000100001010101110110001110111100
1011101000000110100101011010               011010000101101011000100010010110011
110010010000001111001 1 0011               001010111100000011001110010110010100
011011001000101110         1   111         001110111010010001011010101101100111
01110100011110010              011         101101010011110101001000101111000100
1101111000                                 011100101101011010000111111011101001
11100110                                    11111001001001111101000110101101001
010110                     01               01110111111000011011101110110001111
011100                     11               00001110000001001010010111111101010
010110                     01               11001001000010001000110111011000101
0110000                    01                 011010010101011101001000010111010
11101000                                       10011000010010100001111010100100
0001100111         11111  10                     100010011011000111001101011101
011110111010110111111101 10111                    00110010101110111101100101110
1111110000010010010101100 101111                  10110001001110011111001011111
0010001101100010001001011  10001                  00110110011111111110101010100
011010100111010000000111100 0110                   1001011110111100000100001101
00100101000011001011110110  101                  1 00 0101111111100101010110100