1101110110000001011011110110001011100100111100101110100100010010101100001111101
1101111111111111111010101100101100111000110000001101011011000100110100000011101
00110111111101110101010001000101110111111011100111010001011101  011010000010101
0111001001111010001100011001101101110100010010001001100001100 00000111110101001
00110110001000101001010111000011011001001100110111111101010   10110101010001110
11001001010010110010101101101011010011111111000010001111      00001011000011011
0101111011110101          0000100001110011101101110010      1101000101011111011
10110111001001              001011101101011111 1101     00100100011000000011101
1110011000011                000000100101      100    1101010001000111110101011
1000011111000                     00101              00    10111100110010111111
001101011100                        10                      1011000001110000101
0001000100011                        01                    10110010100101111011
10111110001011                       10                    11110001000001100000
111111100100010                                           000010001011010000110
00010100000000000110001            10                 0 00001010110110100010010
0011101100101010001001    1110111001100               1010001110111001000000101
10001101110011100110      001100110011                0111001110100001011000010
0100000011000111101010    101000011110  0             0110011100011010011111100
01110000000111111001000    0001011010                 1100010111000011010110100
10000000111101000111010    0011001                    0001100101010111001111111
001011011000100111000001                              0001010011001000001110000
111000011100011011010111                              1000101011110000100100100
0100110000001011010011101 1101111                      001101100101000110011110
00100010110111011010100000100110                      0 01101001110001001100110
1011000100001100101110101 0011000            100        10010101010010111110011
110010000110111101101010110110010           10010        0000000010011110111001
11100100100111101000100111 000000           000101       0101111110010111000001
011000110110000000001101100 10011           1110101       010111111000111100010
110000100110111101111111001001110           1000010     1  10101001001111001000
01100010011011110000011001 111011            11011      11000010101111111110011
000011101000100000101100100 11101            0010       11 01001010011110011100