0001100100110111101111001000011110001100011110000110001010000011011101001000010
0000001001010011011010011001011100100000001111000100111010010010011001110100010
1111001011110111100000101000001010000111100001100010010000100101010110100111101
1001100001100100110010000001100111000000001010110001010011001001110100011001000
0001000010010111001010011111001110001011110111110001101001111010000011011001011
0011000101011001000011001001000000000101011110010100110100000101100100010000011
0100011011110010010111110101011011001111111110100101011100010111000101101101001
0000010011000111001100001011011011011101011000111010111101000001111011100111111
0101100000010111011110011100101110111100000111010101110010011011000010000100011
1000000100001000011000010111010100010101110010110100101101100110111110100011110
0110110000001111101000110011111101110110010111011001011001000001000010011100000
0110111110110001000010011101100101101101000010011011110010100100101000000101110
00011110001110100110011101    1111101111111000101000001001101111101110001001001
10100101001110101110110100110      11111101010100110001111010101000101000001011
00110000011110110011001101110000        011100001011011101000001111000011001100
11110001010111111101100011001011001       0110100001110010110010000000111111011
0001011111011001001000011011001001001       00101100110001000100010101011001110
000110110010111110000001100011101000110        01001111110001010011101111001100
10110010001111010001110010010001101010111        010011110111001001110001010011
0100100101101101011010000011010000110110111         101101011100111001100110001
1101101111101011111111100101101000100110111100          10011110110101111011001
1111001111100000001010100010100101110001100111010          01011000111101010111
111001100110010001010011111010001001111011110001010          111000111101110001
00010010011111111111001011011010101000110000011001100           000101111010111
1010011100110011100100100000010001000100000010111000011             01000110110
1111000101000000011111110011001111110000100100100110011111              0011101
1110100100101010101101010100100100011001100111010010010111111               011
100010110100010001001001001110100110000000001100111100110001100                
011101011101011100000110100011011010100001100011111010100000110000             
11100000101010100111110011110100001100111001010110111000110001101000           
01110100010101010101011001011010100011110000011011010101011110100001111        