                           0111110101110000100100001111011111011010011001110010
                             11100010100011110001010000010000000011011000000001
                                 0010010001001001111110011011111010000100101110
                                   11101100111100111101100001011100100101011000
                                    0101110111011110100100110101010001001100011
                                      00110110011110000000110100101010111101000
                                       1111010010011011111100001001000101100110
                                            10010011001001010110000001000111011
                          1100               0101011011000011010101001110001101
                       1010010000           01101001110011111110001101111001111
                      101011001101          0100000111010010100010001000  11100
                     00110001001001         111000100000010000000001100110     
                     01010101101110       0100010010010000110101111000011110   
                      111001111011       110100011110011100011000010011     1  
                       01110010110001    1010011111100011011001010    1001111  
                          1 00000011111   0100111101011001010110101   1111111  
                               1010000000111010101110001001101001010  010000011
                                 10110100000101011101011101000001101  010100111
                                   10100110001010000001010101111101011111001100
                                     000001001100011111110000100111110010100011
                                       1101011100100010110100001001010001000001
                                        0111000011 0100010000000011010101001101
                                      1001011100    101110111110110001011001001
                                     10101000        11100001011010100010110111
                                    00101101        011100010011011111110110010
                                   01011111        0110100010001001011001001010
                                  0101110        000001101111001000100011101011
                                00010000       00010001100100100110001011000001
                              101100001      1101010100010011110000100100111001
11100                        010100001    0011101111100011110101000111000001111
1010000011001100011011010010100100110000010011101001001000010101110000100011101