1010100000111010001011000110011011111101011000010101101001000110000010111010001
1000011001000111101010110110001101001000000100010100000101110110001110010100011
0010111111011000111001111110110110110110000011011000101111000000101101110011101
0010100111100111111111000101110010011110001111001001000011101110110011100000010
0101000101001100000011100100111111101111101001001110011111101010110101110100001
1001010011101011000110010011000010000010111001111000001100011011001010001011110
0011110010010000110100011001011101001000010100011111010111011011011101000101101
0010001011001000111100101111101101001010100110111100000111110011000100100000111
1100000101000110111111100111111100101001010110100000100001111110000101010110100
1100101010001100000100001100101001000100010111101010010010011000111100010110000
0011111001011010111101111101010110101111110000111100111001110101101100111110101
1111110011111110011110011110111000111001001001010010001010001101011101100101101
000011101011000101001011110 011001101011111101111110101100010110001111011100100
1000110100110110111101011010   001110011110011001111100110111110011110000110001
0011101010111010011001000110011    00110001000001001000011001010101111101110111
001011100001000000100101101001001     10011000001110101011011110100110101010011
011000110011011100100101011000001100     11000011000100010000111110100101111110
001010011010101011110000011000000100101      0001010111111111111100001011011110
01111100101110011100011110000110001101001       1000001011111100101001110011100
00100100100000111101010011011011110000111000       1110110010010010110010111101
11101101100011100011000011111001000111000000011       0001111000110110001000110
10101000111010111000111000111110100011010101000010       1010101111100001110101
01101010000011111101101010011010111110110001111000110       1111100100010000000
0000110000111000110011010011101000100011100011101110110         110110110000101
0000101001011001001011000000111111000011101000100000100111         100101111101
0110001100011101111011111101100100010011111001100111110100110         011001101
0111000001001100101100010110100001111011110000100000011110101010         001101
101010011000111111000011111110110110100000110010010001110111110000          110
001111100011101011110101011110110110101110001111100111011111000110011          
111010101011110100111000011100100111111101000000010010000001100011101101       
0001111011111001001000110101100001111101111110001111001010011000000010110011   