1101010101111100011110111010010100000100111011000101000100010001001111100000011
0001001000110011001101100100001100111010000100101110110010100011000111000011011
1001100110000111010010011011001011100000100000000010011010000010101001111010011
0000011001101100111111010101111011000000011101011101111010010100101000100100010
1101100110001101011111010100110111001010011011110000101111110111001000111101110
0101100101100110010011100001011111010101100110001100001011101001111100010010001
1010110011111110110110111000110011010111111011100110011000000111101000011011011
0111111010000101001101001110010101001011100110011100010000101010000101100111010
1001010101011101110111110001010000010001110110011111000101110000111100000010100
0110101011110010100111000010000101111111100110001110101011000111000011001101000
1010100000010100001110011100011010110110111100001001001110100011011100001111000
1001111111111111101111010111001001110111010101001111100001111001011011111011001
100001000010001111101010010011110111001010101000010  01001000111110000100001010
101111000110111101001001011010010011100101010000   1010111110010110111001001100
11001101010000001010001011101100010000111000     110001101110101001110010001001
10001000011111101001111111110001111100001     010110100001011000000011010001000
01111111000000101000000001111011110010     010100010001010111001101001111001101
10010100001100100101010001110101100    1010000101001010001100100010011011110010
01110000111000101110011101010110    1000111100100100100001101010001110101101100
11011100011011011101000011110    0001111001010110111100100110001010010110110011
111000110001100111010011111   0111100001100101111011100001110000010101100001101
1010100000000101010001010  1010111011110100100011111101000100001111000000010111
1101010100010101000011000101010010011110111010111011101010110011110010011110001
1101111001001110001010001100000010011011100100110101100101100101110110101100101
1110110000000000010001010010011010001000101100101101110110001100101000100011100
0100110011111011111011010110000011011000001100000011101111111110110000100001111
0101100001111000001010011101101010001110011110011010011100001110000001001110000
0010110011010001111001000011001100001110110010010100100001110111110111111001110
1001100011011111101010010010101001001110110000110110110011000011100111101011101
0101100110011100001001010010110100011110001000011011111100101011110111001111000
1011010111100010000011101011010000011100101000111010011010000001001110001011101