0001011011011011110001110001110000101100010101010101011011010011110010110011011
0100101010011010110010010110001000011110101011000100110010010000101011010000001
0001100101010111111010011111011011010110011000011100101010011011001101010010111
1011110011011010000001000000100001001101000011001100110001111000 01001111010101
11010000011001001010000100110011111100101000111110001100001000  000100001101001
00001111110000011110   010011000001100110010101110011110111    1110101010100100
0000111110001001           110011001011000101000111111000       101110111100101
110000010001110              0110110110101100001010110    000010011101001010011
10011100101011                00011101011001  00 011    00110001001110011010110
0011101010011                      01001              1001111000010110110001011
0101011110100                        10              100     011001100011001001
00001001011000                       101                     110101011101000110
100011101010111                       00                    1101111000111100101
000110111100000110      01                                 10010000001101000101
11011101100100000111110010          10                    101000000001100100001
1101100110111001101100     001110011010               0000111001000100110011100
000101110000100010101      111100010100               1101010010100100001001011
10001100101001011111100    01000001110               00000100111101000001011011
000011011110100000100000   1010001111                10110000111010001110110001
101000000110111011101101   00100101                  00111010110100101011100100
010001001100010100001011   10                       111101001010100010001011111
111001011011000010000011                            100001111111001100010001101
1100110010100101111010101 1010001                   001111000111001111111001010
00010111010101000111101111110010                     11011001001100111000101011
10111111001011111100001010111001                       100000011011000111111000
101000000101111100111100000000101           01           1111011000001110101010
00001011000101110000000011 110110           00    0010    010110101101000111110
1010011111111100010110001 1010110           00    1100     01011000101110011010
0110110110110010110111010 1100110           011   11      111100100100110100011
10001101100100010010000001 011110           11          01010110011010011111111
1111101000000001000100101 101111                      1000100110111010011011001