010100110010001100100001010011000011100001001  10101010110001001110010001000110
01101000100101010001110000101101110110010110   01011110000100001001001000011001
1000110011100101001111100001000000101011001    00000111000001100001110111011111
0101101111001110011001101000100001010010111   011100001000000000101111101000110
0001001111010010010111100111010111000101100   000100110100101001000110111010111
100011100000000011101101011100000001101110   0010011110101010110101001010000111
01011011010011100000001111010111  0010100         11110101000010111100100101001
100101101010110001001101010001110   1000           1000110111001011011101100110
111001111100111001001101111010010                   110010000011110010111010101
1000011101011010100001111011101101                  011100101001000110100101100
11101011100010011011010111101010                 0  110001001011000000001111010
10111110000100110111111100111110                 000100100011011001011100011111
01011110100110110110110010001100                 001001101100010001011010011101
0011011001111110100111011100110111               000001001000001110110100101000
11011010111110010100010101101111010              111010010101010010111110000010
11011000001110101011101011100000110              010000111110111101011011110000
10001100100000101100101000010111110 011         0111111010010101110010110110000
0001101000100000010010010000010100  110         0111111011110100010110111111000
0100100111110101000001000111100101             10010101000011011111101010110010
0011010010010110010101010100001100              0101011001001010010011010000000
100111001011001001110000101110100               1100001110111011110000010011011
00010110110100000010100      0011               1010101000011111011100110100011
11000010101101001000          011               1101100111010111101001110110111
010011110101110011            10                 110100001011000011101110010010
101110001111011101             10                100001011110100101101000011100
11010101111110110             100                 00001100001100000100010010011
01110100001000                              10     1001001000011010101111100110
1101100101100                               111    1100100110111001110010110101
001001000101               11 010            011   0000101100001001010100010101
010010001010                0 010             00    110110000100011100011110000
101101110011               00111                   1001110111000001111110010101