1010100100001111000001111000100001010011011111001  1010110110100100000100010011
1001011001111010110000101111010111001010111101101 11010001001101010011011111111
10000000110011110100010111100110101100100100  10  00011100010001111100111011111
011100010001110000010111101011111111100111010    001110010110001011111101110010
111100010011100010010110100111110100011101011   0111010100010110100101110111111
0110101111011010100110001111001001010000010    10101000011101010011100111101001
0110001011100001000111001100111100010  001    100101011000100111010111111100011
1011110011000010010111101000001101010  10    10   11001011101110110001101001111
111100011011110011100101000110110                  1000001010001000010110100011
1011101011000011000111000101001                    1010111001000100111010010110
0101001001001000101101010101111                    0000100100101110110011101000
10001010110      010100   100010                   0000001011000011100110101000
00101101                     1010               0110110111101011011101010110011
110011                        11               10100011111110110111000101010001
000101                                         00010100100101010001111111001000
11101                         110             000111110011000001010111111011110
001011                        11             1001000101010101010100000100110011
000100                      0001            00101000111001111000110011101100000
0001110                 10001111            11001010111010111000010110100101001
001000010        11     0011001             10101110000010101001101010101101101
0011011101100011011      00100              11110111110000111011111000011110110
011011110010000000101    100                  010101011111000110000110010001100
011000111110000111010                           0110111101000000111100110100111
11010010110011000100011                          110111110110101000001101110111
00011011010000010111 010  1                11      1001000010101010010110100001
11111000001111110110 1011    01            0011      00011111110100000101101011
10011001110001011001111  11011             110011    00011100100100111100000001
0111101010001001100    000011              111100     1111000100111111110001110
011001110111000011   111011                11110     10100010010100000100101010
01010100001010000000000111                  1010    100101010101001111010110011
00100111111100011101 100101   00              1    1111101001010011101011001111