1110111001010011110101100001011010101100001100111011100111111101001001000001100
0010100111110100100110110000000001110010111111010100111001111110000000110111000
100111101110010111011110010011111001111011000010110001011101  11011111111110101
0000001101100111110110111101101100010100111010001010001101  1011100100110001100
00001110011110101010000011110011110001111100110101110111    1001000000101110000
001001110111111011000011111001100010000000110010111110       100101001001101101
1101101101011110101011111011010101010111101101000111       01100101110100101100
110111010111001       00001001011100110010000 100     0011000011000100111001100
000100110101             10101100001010             010010110000010011001100110
00111101101               11001110000              000    101001100000111100011
0100000000                       1011                     010101001011011010101
1010010110                         00                     100010000111100100000
0000111001                                               1110110001100100000111
1111001010                                              11011010010001000111010
10101111010                       01                101010100011011101000011100
010110110000101                 11000               100111101100110010000001110
01100110100111100001     10001010001               0111011001111000001101001010
11101111101000110010      0111011001  1            0011100101010000000011011001
0011000101101111101010    100000111               01100010000101100011101100100
11100011100000001010100   1000000                111110010011001011110011110000
11100110010001011111000    10                    100000111100101101101110011011
11010011000011010110011                          110100010110010111010111000010
00010000101111001011001     0110                  00000010000000110110000100010
011010100110110101001110 0001101                    100110010000101010011001100
01111111001110110001000 01101000                      1101001111111011011010011
001110010010000101110000010110101             0 10     011000000000110100101010
10011111110100000110101 110000111             110101    00000100110010001110000
10001111110100101011011 001011111            1110000    10111010111011000101011
001100101011110011100 00110101111            01100      10110100001011000010001
010000010100110110111 01111100101            01101     100001011001111111011100
1101011110011111011001101000101                      10101111011000011101011110