10010000001001001011010110010111 1101010100000000111110111100111111010101101010
01010110100100011100011001110 01  011111101000111001100111011100011011010101010
11100000110010110010010010010  1  100000001000000010001111001001100000111001101
001000100110100110000100000001    010011000111000011101010001100100010111101010
10001100001101110101100010000110  111100111111001001001101100101000000101110100
10010101010011101001101111001000  100110110000101111010111100100010000110000000
10110110011100011001011011  100        0100000100000101110101101010010101000110
101111110110001110011010100  10         001000010100110101000100010011111010111
010011101010111111001010101               0111100011101010011110100100011001100
01101010001010001101000111                1001100001000010010110110101111110101
0110000011010101111000111                 0011001101100001011111000101101100011
000001110011101010110011                  1000001001000001111001111111010001110
111010101010100100000010                  1111011100010000100111100000101010011
01111110010010100000110111 0              0001001111110010100001101011101011101
0101100100100101100111010011              1000100001001111001011000100000101001
011000000000000000      0101              1101010010110100100010000101011010101
01101100010110111              010        0101111010111000100111111000010111000
1011111000                     010        0111110011001110101101000000110110010
0000100                                   1110101010010011000011000001000001101
10101                                     1100110010110101000010011101001111001
0100                                      0000000001010100011000111101011011001
0011                   01                  100110010100101000010001111010000101
10101                   1                   00111101011001110001110000110010010
001101                                        010010010010101110010110011001011
10001010           01 0                         1000001011011011011100111101001
10100101000    0011011001                        011110000001111100111011100100
111010101101000000111111 1000               101   10001100011010000000110111011
100111000001000000010011 1100000             10   11000111100011011101100111000
1101000001100100010001110 111011                  11001001011011011111111110100
0000011011000101100111101  11000                  01001011100010001000101000110
11111000110110111100001010 1001                   00110000001000100001111110010