1100110111111011100011000000000001110101100010011101111100101000001100000000101
1010000101111000011010110000000001000111010000110010010111010011110011101110010
1001100101100110011001100001011100101101010011001111110011001010101110001000110
0001100110000100100010101010010000010000000010001100001001000011001010111101111
0100101010000111101110100010101111101101010011101010011110 01100001111110110001
0011101011001011110011000101010000010101100010100000001111  0100001001101100001
00010010101111000001011011110001100100111100100110011111010  111111011101010111
11111010101000110100101111000110010110111111010110001111110  111100100110110111
10001001000110100111010111010101111011010000011111111111100  011000111101011001
11010010010110010001000001011100011000101110111001101001101  110111101110110101
11101110110111100000011111010010010000100101001011111000111  001110100101110101
01110000010100011001001011011111010110001010011100100100000  000001011011101001
10110110100010001001010111101011100101101000101101100001000   10000100100111000
01000010000100011010101011001111111101010101000110101011010   00010110001110100
10010001001100100111101010111011001101101100111010011101001   11010111000111111
00010000110001110011110010111010110000001010010111001111110   10101101101010000
10011000100010011010110001011100110100110110110101011001011   01010100010100111
11100010010010010011101101011001111100110001001101100001101   01011110000000101
01010100111101100001001101000111101010000111110100100101110    1101001011000010
11110100101101110000100111110111010110111000010101111001001    1101011010000001
00110011011010101001011101111001111101111111110101011100011    1011110000000000
10010100100110001101100111101001111111110010110000100011110    1000101111011110
01101011111011111100111001111011001011001001100100100100111    1001010100111000
11101000101100011010111010011110100101010100010010010001000    0011011111011101
01000101000100100001100111000001011110100001100001101100110    1101011000011001
11101111100011101101100100011110010110011100000110010100111    1011110111110001
01111100100010110110110101100111001110010101001110100100110     101110110000111
01000000001111001000101101101101001001000101101010110111111     011001110101001
1000100110111000010110011110101101001001010100001101000110      101000001111010
0111010100000111000111100001100010101010101110110010101100      010111110001000
1100010111010011000001001001000000011101110111001100111111      000000011011101