0000111010010011000111100100000010001101101001001110001100101101111001001000100
1001001110011111110111111101110101101100001110100011011100001011000011110001011
1011000101110110110001001000111000100000000001011110010101011111111011110101000
0001000101000110001111100000100010100101101101110000010100010100110100011010111
1001001000001101000110011011111111010110010011000111101101000001010110001000101
0000011100011010101101111011100001110111101001000101010011011001011110010100001
0011000100111011111001100101111100000011011110101110001101010000100010000011010
1100010011001100001110011001100000100010000011101001010010101001111000001000111
1101001000111100101010101011110100011100101100001101101010110111010101100010100
0101001000001001000100110001000101001001001001101010100111001001011001100011001
0001000101000011000100101110101011011010010011000110010000111010110110111100111
1101010101110101000100001110011110111100100101111010001001010110110110010101110
00011000111110101100110010100111011 1000011100001001111111000110000110111101100
11111101110111100100110111000111001   10000000011010110011101110010001011001110
0001100110111111100010000110111100101  0000111011111111000010011011101100110000
11111011110110111001011001111101100011    1001100011000101011111101101110001000
010001111101101000011010100110111000011    000011001111010100001100111101101000
01111000100111011111000011101000001010001   11111010110001110100010111000010010
001110011110011000101110110011010001111010    100010000011000111000001100010011
01001011101011100111101100101011111100101101   11100110000101000010110110000110
000001000101001001100001101001110011100010111    000111001011010010100011101111
10011010011101101010101000110010001010001101000   00110010101100101100001111011
010011100010110101100101110110111011001001101110   1100000111100010011001100101
1111101101111100011101110101111110101001010001101   101000011011101011101010000
100100101101101000110110111101100100111010111011010   1010001001010010101100111
1111111010001100111111110111100011001100001111000010   101101111100101111101000
111001011011011011010001001100011010000011101000100010  10100100110001000100111
0000011100100100110110100011110100001000010111110110001   010111000000011110100
010010001111000111111110100101111110110001011100101000011  11110100111010000101
01100101101011000111010101000011101100001101110011100000001  100000101011000111
1010001101011001110101010010111101101101001111100100101110100010111011001110110