1101100110010110101111101101010100000101001100001111101101101000010101010010100
0111001100100011000000100010100111100010111100010101001100011010000110110000100
0100111110011001110111001011001011100001000100001110010101010011111000010101010
0000111111001110111000011101010100111111101000101000110101111011001010010111010
010010100010010011110100111100111110000101000110100110100011000001  01100111000
0110001110110101011         101100001111011000000001110011100011  1001101111010
11110001101011111             00001111100100101010100100100101    0000111100001
0000110010010011               1011011000011000001000111101       0011011000000
101000101111000                 00000110110100011011100     10  110110100011110
011100101101010                     011111                100101111010111100000
1010010111110111                      010               01101001100101000110110
00110001101001111                     01               100    10110011101000100
00101100010111011011                  000                     00001001100101001
11101100111011100000111010                                    11110000110100011
110101100111110000111111     1      11                       101111110011101100
0101010101000011000000      111011110001                    1001101010011110101
101110100101000000100 01   0011111111110               00 000101010000110110001
101010011111110010111011    11001110000                110111000010110000111101
010010000100000010110110   11100111111                0001010101111011100101101
010101101100011011110001    0010011110                0010100001111110110011001
100010011011110111010001     1                        1001101100110110101001011
0101101010101011001110011                            11000001010100110011110111
0101011101101110000111110  100000                    00001000111110000000001100
10000000101001000001000011110110                     01001110110111111011000001
1111000010010000011010001 100101             10       1101011110010101010100010
0000001000010010111000100 010111            111         10011111000101010111011
10010111110000111110101111 01100            101           100000101000011000010
0011110101101110111111000 011110           11001    01     01100010010000100110
00001010111111100000001011101100           01100           01100101001010111001
10110101100110110011110110 11011           10100          100101010000010111000
11010110111010101111000011 11010            1111      1001110110101100100100010