1111100000101010000011101111101110100100010001100011010010001111110001100010101
0101110110101101111111100000100010010100110011000001001001111001001011000000111
0010111111001001111100101000101111011001101011100111100011001110111001101010010
111110010000010001001101111011011000011001010100010010011110100001  11000101011
10010001000000101100011001111010010110100000110100110110001111101 1110011111011
1111100010101111011         0111111000110110000100101110010111   11111000101010
00111010111010101             00101101010011001000011110110      11010111001010
0010000001111011              110110000101001110011100110        10100010011000
010111101110010                1011110100101011111 10      00100111011000000010
011010001011101                     000100              10110001010000110110101
001110101001100                       10              1010001000010000111101101
1101101011100011                      010             11      01010101011011101
1011101101011010010                    10                    110101011101111110
001010010100011011011011100                                  000100110100101111
00011110100110110101111             00                      0110110100010011001
0100111101010100111100     011010001010                1   10101100001110110011
010101100010110001000001   100011101110                011111011110101110000011
110011010110100100010011    0110100000                1011010001011110100000000
101100101000001111001001   11101001011                0001100111101111011000100
101001010100101011011010    011000010                 0001010001100111010101111
000001000000001101011011                             10001001110101101111110111
0110010011110001111111010                            11011001100101010000000010
11000111111000010111110010 110100                    00001011100110011101001010
00000001010100001101001000000101                     10111011100001011110001101
0001100101110100000100011 0 1011             11        101100001111011001000001
10000000100110110000110110 11101            110          1010110001000010110100
00011010000100000101011001 10110            0011    1     100001010111001101000
1110111100101000101011101 0 0111            1011    11     01100000100111101111
10101100001100001101001101 111000           11101          10110101101110101101
11100001111000111110101100 110001           00110       10000100100000010010010
1011101100100000000111000 000110             100      0001101101101111001100100