11001101100110111000100111  101100010111011000100011001100011101111011000010000
00100011001111000101111        010001011100111011111011111101110111001000001100
11100100110011100111             1010110011001001010000111100110000000100011011
0101011101010100111               011000101010010000111100110101100110100000110
110100001011010001                001010110011111101110101001010101001100100001
001101000110010010                100001001001110010110010001010001010101000000
1001000111000111010                 0000100011100110111101111001000000110101001
11010011110000100010                   1101100001000111001100100001101010100111
11111011100100100101100000              0101111100110110010101111000010   11011
101111011111100001001001111             011000001001111101 00010110      111010
1010011110111111001100                 000100100     100  10011          101100
0111001010001101001011      00         100101             1      11100010101111
1101000111101000101100     11000000001  00010                 10110000000011000
10001001001001111001100     11111000100001011                000101010100010011
00011010010101111011111     100000101110010                         00111000100
0110010000110101001111100    1111110100010                          10011000011
00001111011010000111101 10    111110101000                         011100001101
11000111100001001000011 10     011011100101                      01000110010011
010001011001101001011110101           10000                0    011001001101000
1111101110001100001101 0101100                             10 10111011100110101
1000110001011011100100 101100101001100                    100000110000110101010
0011110101111010011101  01000110100110                   1010010110111101111101
0111110011000001010010 01111000000000                    1000010000101000110010
1100110011100001010111 111010100100                     10000111111000010011010
0011001000101001100000 01010101111                      01101001111100110101110
1101001100011111110011 00010001010                      10011110011000110101011
110001011001101100011010 110001110                      01100010011111100101101
01110110001011101101100 0110000111            011       01100111011010110001111
00100011111011001000101  100001100           11111      10111001101100101100110
110111010101000000011001 111010101           11010      11011111011101010001100
0010000110001110011001001 11110010           10100       0101000111110000101010