                     0110110000000011000110111011101011110001001011011110111100
                      100011010111001100000011011100011000101010101011011001011
                         1001100101001110001000100001110000000010010011100100  
                          100010110100011000100100010111111111011000010010001  
                            100110000111001100001110001110011011001101010010011
                               110001010110101011111001111000010110101010100000
                                  101100001101101001101101001110010111111001010
                                   11110000101001110001000000001101110111111111
                                       0001111111001110100111000111110001110001
                                        000011111010001111010110011001110101010
                                        111010101010001111001100101000010111011
                                            01011101000000111101011001001011110
                                           100110101000000101111010000000000001
                                     11111   1111110000111000000010110011011001
                                  1011101110   10110101000111001000010000110110
                                1110111111001   0101001010111100111111010101001
                               000100101111001   01   1110000100001101001001100
                               0100001011001100        001100111010000111110001
                               011101010100011         011100011100110001111000
                                01001100000010       10001111010111101110001110
                                  1101010010111      01010010110111100100010110
                                      1000100100     10100010101000101101101010
                                          0001111  1101010001111110010001100000
                                          0100110011001110001011010001000011101
                                           101101101000111100000110110100111111
                                           101000001000011011100011111001011111
                                            11011001001110110101101111001011101
                                            00100100110001111011011001010100000
                                            11111001001010101001000111001000001
                                            01010101000001110010110101100111110
                                             1100101100111011111101010100011010