01101010111000111001110110               00010000001010011001011000011110101011
11011111111000110101111101                0001110101001101000001000000100101110
10011010111011010001101101               11001111000010010011110011100011110010
010101111010110000000100000              01001010101101110101010110011001111001
0011101000101011111110101011             01101110110101011001011100001000110111
0111100000110010001000110100100            011101100001010011110001101001010100
11000011101001001111001111   0              10111101110110110011101011111011100
00011110010101010010111000                  11110110011010111000 01000101111000
11100000100100110111111110    101          100111100100000001    11111001100101
01101001100010010111110100   11001        0000100011110010   100010111010100110
01010010101111000110110001    111010110  101      11100      101111001111111110
11111000001101110110100010    0110011110100               100101000100001011000
10001110010000001011011110    001110011100               0011110001111011000110
100100000101111001011100000   0000000001                 00        000011000010
01011100010100001101011110    011100011                            111100110000
01011000010010111100000001     0011111                      1000010000001000110
10010101001111011100110011 01      1010                     0100100101000111100
0001011111010000010001101111100       00                     010001100111011010
01111100000111100000011001 0101010                           010010010100101000
11110000111101000000110111  0000111000                      0111011100110000010
10111101101011100100010000011000110110                    110001100110000111100
101000111100111011100011011100100010                    00101110110011000000110
10111001001111110010110001 11001110                  01100111001110001111110011
001001100101000011110001101 100100                   00000100011110000011110100
010001000010000010100100000 01110                    01100001000000011110000100
11101000010110110000000101 11000                     11001010111111011111001001
1011000100010110100101000 01010                      01001101101001010000010010
0011100001101001110100000 10100                      00101010100101100110001111
1000110101111001110100111 01010                       1000100001000100010010001
0100100100101101110101010111001                       0001111010111000011101111
010110110011010011110010 0 011010 1                 0 1001111000111000011011010