000000111110010110000010                111010010011011100001101011000001111110
111101101010000001010110                010001011110011111011011100100110110100
0101010000111011100010111               001010101001111000011110111110101110110
0111101011011011111001000              0101110010100100101100011111110101100011
010000010011000001001010100              10000011110110111000011010001110000100
010010111000010011110101100001             000000100111110000001010101000100100
10001010010011011101000000  00             110010111100100100100101011011110000
100001011100000101101100                   000011011101110010100 10101000001000
1000010100100011000101100     10          0111001000011010010    01010100000110
00101010110001010011011100   00101       10011010010001010   100111011000010010
01001111111001101111110110   11001011000 000      00100     0000101011101100111
11101000001110011100001110    1011001010110               111001111001010011001
11011110100000111101010100    010111111011               1000011010101011001001
01011001000000000011010011    1110101011                 1         100100101001
10000111010101110000010111     011111000                      010 1111110110000
11011011110101100001010101      1100000                     0000101100011000100
00101010100100101001110100 01      00101                    0100101110011101010
0011001010010010001000011100011       11                     010101111011011111
10011010001101110000010110 0000010                           000111101000110100
00110010101000111001011100 0011101110                      00110110000110100100
01010110000011111011101111 0 1010010                      100111011101110101001
011100100011011000001011011 1111011                    000111010111100010010010
001100010010111000000011100 00111                     1000000100110001000010010
0011111010110001001111010101001                       1001011000111000111111011
101010110110111110010111110 01                       10111100110001001011010000
0111011011010000011101111100                         01011010010111000000011110
000111000111101001111000010                          10110110001101111101111101
111010111000101100100011010     010                   1101100111110000001001101
100001100000101101001100001    0100                   1111000110011100000111010
0010111010100001101011110    111000                   1111101010101111000101001
011101100010111001000110    1101111                   1011111011100011110111101