0111111110011011101010000101110011110110110011100011010111000011011111110001101
0000000100100100001010100001011001100001000011000110010100111101011110100100100
0000111001101101001011100000010011001111010110111110011010011101110100010110001
1110001101000100010101100000011000011001111011101100011001101000001000110010101
1000101100111000100010100011010101000001010110111110100010100111100110110010011
010001001111110011010         0001010011101111011011111111011101011110  1001010
0100011111101010011             010110111010010000010001111110111010  011100000
000101101111111101               00111000101001101111111101010111    0110010111
11000011011011000                01011110100100011101100100100      10110010011
10001100000001100                    110010111101000101011          01110001000
100000111101110011                     01110                 011001010001010000
1001010100100011110                     10                010001011111011111001
10010011111011110011110  11             11               1011  0100100010110100
000000110100110101001110001            1100                     010111101011000
101100111110000010000010               0                        101101001111010
1100110011111101100011      010100111001                       1110011110100100
111010110111000100100100    0010010110010                     11100101101011101
110101111100101111011010    1010111011101                   1101010110011100000
0000000010011000000001011   001111000011                01001101100101011100100
0110000011000101110000110   01001100010                 11111011010000001111011
1101101011101100001110000    111101                    001001011010011010101001
0000110011111011110110101                              101010111000011000011100
1000011010000010111110000 1                           0010001011110001100111010
10010111100100011010110011100101                      0010100100010100011111010
11000011100100110100110100 00110                      0010101000111111011110000
0011011010100100000011010110101                       0011111011100111011000000
1000101100111001111000011110000             1100        11100011010001111101010
0111011100101100001111000010010            10100         1111010010101011100011
0011011110111001010001111101100            11001          110101101100111001110
0011000001101111100011000 10111            100011          01101001000110101011
0101010111111110010110000 010111           000100         011010101100010000010