000110010010011111000001               0111011101110110110101011010010010000110
100001110000101111010001               0010001000111110110011100100100010001111
010010110101101110110100               0011111100010101101100111010110110110010
0110101100001011111001011              1100010111100000000000011011110011110101
01110111101101000110011101               10010001100011111001011000000101010101
00001000111101101010011110101              000010011001101111100010010010110011
11100000001010001101111110 00              100111011111111001010000111110000100
111111111000011100100011                   11101010101101011100  00100111011101
0100011000101001111101001     11          0011110100100101001   010100010000110
1010011111111100010000100    11110       10000001001100001   111110011001000010
0011101001011011110100011    0000100111101001      0100     0000011000000101010
10111010111101100111110100   00001001111000               111010011010101100101
11011001010100100110000101    0101100111011              0001110 01000001100001
010101101110111010110010011   10111110111                1         110001100101
10111000011000011101110111     101101011                     11000 111110010010
10001100001001101100101001      0100010                      010101000101001001
00000010111010001011011110101       11110                    010111001001111110
00111010100111011110100000 10111      101                    010011010101010110
10101101101100100101001000 0001111                           100011001010001001
10010010101001100010110110 10100100100                      0110001011011001001
101001000011000100000111011 01100000010                   000011101011101011110
0010100010111000010010011  1111111111                  000100010010110001111100
0001111001101001101001101 1100001011                   100000000101011100010111
000000011010101000111111 0 111010100                   100110001100101100111111
101000011101111101000001 1001010011                    011010001010001111001100
01011000101100000000111  000010100                      01101110101100000000101
1010010011111011000010 00000011110                      00011001000010001110000
101011101001001110100 011001010101                       1000000111011011010010
001110011110011001110 101000101110                       0000011110111110100001
1001001111001001100 100010110010111                     1 100100000111101000101
110100111001100100  010010011110110                     1 100110100111001101001