1101011000101100001100100101110010101001110001101101011110010011010110111100010
1011011000111101010110101010110001111001111001011000110000010001010111011110110
0010100010110110101010110001001101010001101101000111001110010110011010100011111
010001111101101100110001000111000011001101101001110000011110011001  11000001011
0110111101110000111011001100000000001011001011010101010011011000  1011001111101
0001111111011010111        11101001010010011111100001110011010   00111111100001
10110101011111000            100110010001100100000100010111      00010110011010
110000001001010               111001100101000000001101110        11010001111000
100010101111101                0110010011111100001 00      11001010010011000100
01010000110111                      100110              11111100001111110111011
101101000101001                       10              1001  0110111010101110100
0010100000010110                      011             11      11101110001010100
011000010001100011                     01                     10010001101110101
111110010001010100000010100                                  110100000011011010
001000000010100011111111            10                      1000100010111000111
0010110110111001010110     0100111100010               1  010110101111110110100
001111110011001010001 10   1000110010010               000000001000100100101011
100000011101101111110100    11000110011               1011011111001101011111001
000010001110110010000010   10000000010                0101111100111010001010001
110010010100110110000100    10001000                 01011111110010100111100100
001000110101101011011100                             01001110001101001101011101
0000110101000011100100001                            00101001000001100010110110
0100100100001111010100110  010010                    10101111100011101011010111
10111100001110111010011011100101                     01100110110101100110001110
0101001000010011111000010 110101             01        010111001010001000000001
01111110000001111110001100010000            011          0000100110011001111011
01111110000111110011110010 00101            000           111000001001110101101
011110000100101011101100010000000           1001           00101101101010001100
000010101000110010000011010111111           1110          011000000110001100101
000100110100101010000110000110100           1100        11011011111101110110001
01000101101111101010101111011000             010      0000011111101011100101001