0001000111001011101011100101110100100101011101010000011101110111111101100100001
1001000110100110000100111101011000101101111011010100111101010000111000110100010
0110100010110100010101011100100100110111110011101111110000110000111000001011000
1111101110111010101100110000101110110000110101110011001110011011111011010001001
0010010100000100100010000100010100101100010111110010111111101110010111000111111
11000001000000010011          1110000001110000000011100100011101001  1001001001
011110001000110100             001001101010110000100001011100101   101011011110
10001111111111101               01110111000101111100000111111      100000010110
1101100010010000                11101111111100110011000111         100100101101
0111101011111000                    111000100   111  10     0100010111010100111
10111101011111111                     0010                111000110111100010011
1101111001001011100                    11               1001 001001110101001001
01111000010111010100110  00            000              0      1101111100100111
011011010101010011010101001                                    0100000101000011
010010110100011111001110     0       1                        01000010010110101
0011110110001000110100      01111110101                      011110000101111100
101000011011111111001 10   0101011001011                1   0011101100100001001
001010101111010001111010    101000010101                10011010101110000010110
110001110010010001111111    11100000111                001111010010010011010000
000111001010100000001111    1111010111                 110101000001111010111000
0101100111101001001100011    111                      1100000100010011011011101
0000010101000100110100011                             1011111111111111111001011
1011011100100011100110111     011                     1110101101000010100101001
11111010111000111111110100 01010                     11100011010101010001100001
00000111001010011100111001011010                     11110110110010110010111111
010101011000110100110110011 0010                       000111011110001110001001
00101000000100001100011010 00111            1000         0001111010111000000111
00111101110000010001100111101001           01110          010101101100010001000
000011010001000111000100101 0000           11110     1     11110100010111000111
10001110000100010000001001 01101           110011          10000101110100011010
0100101000010100011010110  11100            0001       011010011110100011011011