100001111101001100000111100               1110011010101001110110011011001110100
111101011100001100101110100                000101101110000010110011000011101110
001011101111010001111011111               1101011100001000110010110010110110011
1100001011011100001011000011             01010000001010011010010010001010110110
1110010010111111100101100000000          10100000101000000111101101010101011111
1101001111010111001101101011110             11110110011000011010111100100000111
10001110010100001010101101                  00111101100101000101111001011101001
0011100111000000110100101                   00010110000001010111  0101011100010
00110010110100000011101011   0110          1010001101011100001   10000011110111
01000000110000011110010100    1000       100000101000110010   00001001101101110
00001001111010110110011110    100010111  001      100111     011111011100001100
11101101100100110110001011    1111000101111                10101100000010000101
110110000000011100110010000   011110011001               1110110110101001111111
01000000000111101011100111     011000010                 001       100101010010
11000001111000000001110001     00000100                            000001101101
01111110011110110001011010  1    11000                      1110010000100010101
00011100111111001010010111 101      100                      110000111001010111
000111101001001011101011011 1110     001                     010100111110000110
10110110111000100001010111 1101001                           111100010011100101
11011110110110001101100110 11000100010                      1100101000110101101
100000110011000101111000000 0100100000                     10101111010011010010
00011101100100100001000001 010101001                     1101110011001100000000
11000011000110000010101001 11110001                  00100110000010111110111100
001000010100100110100011110 010000                   11010101111000100101011100
10010000100001001000000101110011                     01101011100001110110000000
1110011000011011100011100011001                      00111010000010001100110010
1010100001101111010001000 0 11                       00001111010110111001111000
11111101001000100100111011 00                         1100110110111010110011011
10001111101110010000101101 11                         0101110111001011011001101
1010101100001101000010110 011    11                   1111001111000111000010010
101111000011001111110101011101 0111                 0 1000111011101101000010001