0101011000110010111101111100101101000000000111001100110010111111010100110101111
0101000011100100011111000011010000101001011000011111110100110011111000111000001
0000110000011001001010011011010000100110001100101010110001010110111010011001110
0110010101010111000110000000100000001111001110111110000100010000111000011000011
1000000001011111110111011  0100110100111101100111101011110110111101110101100011
000110010010101001110          0100110010110001101101010000011110001101 1101010
0100000011010110001             0011110100101111001111100000100110000  00010101
100111000001101100               011101001010101010100110010001010   1100110000
11101100111111001                010000111100001101010101011111     10010100100
00001100101110001                    00110011111001101000011          011111110
100111100100001011                     11001                  00101011010011110
00000000100001110010                    001                01111010000001110110
111001000111001100010100011             0010              011101111001000000000
010010111101111011001100100            110                1      11010100100101
10111101110011111010101                00                       111111010001100
0011000001000011010100      011000100000                        101010001101101
111000100000101100110000    110111101000                      10111111110011000
000110001011101010101011    0100011100100                    000001001000100100
1101110110110111001000001   1111101010110                0101111001000011101111
1001000011001101010000111   01000000011                 10010010101111010011110
1111001010010100100000111    0111101                   101001011111010001011100
0001100110011111111000010                              100011001100111101100110
111001101011000101001111110                            001101000001000100011111
011101100101100001000110100000101                      010000110111100000111110
10001101101101100100011110 00001                      0110101100010110100010000
1111001101101001001110001100010              11       1011000101111111001111111
1100111011000111001101000100101             111        000110010110000010000100
1001101010001111000110011100000            111100       11110011101101111010000
0010110100001011110011011001000           0101100         110001001111111011101
0010100001011011000101111110100           0010000         111011001101011000100
01011101111010001110000010 11100           1111001        000000001011101111111