0011011100110001011101011010001000011011010010010100100111001101010101101011000
1000111000010101010000111010001101101001001100111111101011001011111100001011011
1101001101100100001010110011101011010011110010111111011111101110111110101110010
1111011110101001000100001111011110110101100101100001101101010001001010001011000
1101111010010000000101101001100010100011110100111000100111000100000111001011010
110101000101011110111         0100100000101101110001010001110001000010000010010
0010110111000100111             010111001011011011111110000110001010  110011010
000110010010111110               00001111001011001000110111001100    1001010010
10100001100101001                00000111001100110111100110001       1111011010
10100110100000110                    11101001111010111 0000          0010000001
001110001010000100                     11010                 000101101010000101
1001101111000000000                     011               111101011000101001010
10011001111000001111010  10             0000             1010  1100101011011000
101101011111000011000011101            0011                      10111100111100
100001111101111100111000               01                       000010101101011
0000101011101001111110      101010100001                        010101100001011
101110010000001111101100    01110101011100                    11011000111100000
000100011110101101010000    0010010010000                    001101110011100000
1000111111111001101001000   011100010111                 1001001110100110001011
1001001110001111110000000    1011001001                 10010110100000000111011
1001111011111101100011010    1100101                   101101110000111101001000
0010001100101001101101100                              111110001010101101110110
000010111001110111111010110                            000110011100011111011011
010000101001101101100001111000000                     1100111001111100011010110
01011101111110001111101101 11111                      0001001101110010001101000
0000010010010010010011011 1 110              10       1111111011100011001001111
10010110010111110100001001 0010             0011       011000001111011010011011
10000100010110110011101011 0111            00010         1010001010111111010011
1100110100011001001100010001110           1011100         100110111001010000001
0011011100100011011101111100010           0100110          00011011010110000011
10110101011111000011010111111001           011111         001101110111001001110