110100010000011000011100        11010111110000111111001000000001101100101010001
1111100110100100011000            010111110000101001101111010010001010100110011
11010110111011011101               11110010101110001000001010110111110011010101
0011000101000100011                10001100011100101000110100011100101000010010
1010111111101000011                11111101101111110101100010110001011111100110
01101000001001011001                0010011010100011101110100101010100100111101
000100100101111000100                   100111011111001100010101001101010110110
00101111111100110011110                 000011001001010101110100011101010010101
10111010011110100011100011               1100011101111101001001000001010   1001
01111000000101101100111 10               00010001001001111  00100111     000101
0101101101110010001100       1         10111110      000  100110        1110111
00111111111101100101100    0111         11100             11      0011000100101
111010000001101011110110   000001010111111011                 01100100000101011
101111011010001111111011    01011100001001100                110010011011110101
111011010001010110110110     11001011100010                         10001010101
000010100011001111011100      10110111011                           01100010010
11010101010101111011110 10    101100110011                         110011000110
10111001111101111011100 110     00001010010                       1101110101110
01010101101001011100011  1001           110                1    101101101000111
0000101101001000110001 0101010111                          11 00111010011011101
0101000001111001111111  001100100110010                   011100000100010101001
1110001001010110110010  01110110111110                   0010110111010111000010
0100110111011001000101  111110011000                     1101010100101110001100
0111101010000111010001  01100010110                     10010110010111100100101
1000001111100001101001 11011110000                      01000101010111000011101
1101010011001011010011  0111111011                      00001101011010100010011
0010110010110101100110 11010111110                      11010100000000010001011
0110111111110000000000 10001011111            110       01111011010110100010000
011101110111111111110111 100011111           1110       01011000001010000011101
00110001101011010111011 1110101001           01000      00110101101011101010100
101111011110100000101000 111000001           110101     11001100001100000110100