01101001010100110000100111              011001010100100010000011011001000100001
0010100010010110100011000                10110111101001100010110111101110011111
0000100111111111000100010                10011001000110110100010110100110001100
00111011111001111000101000              010101101001111100101100000000000010110
111000110110100011111000111             111100111010001111010001110001100000111
1111100011011100011101110101101            100100000111100011100110010011011110
0101111101001010011001111001001            110111000000100101000110100011001000
10010101010110010110100000                  00010101000111111011 11100111001001
11111011111111101101010100                 001110101110001001   101000011111101
11000011000110000001001110   0010         1000001110010100    00110010011110111
00100110110001101111111101   1000011101  101      00010     0001001101011101010
10010001011010111101101111    0000010010110               110010010010001100011
00011100000110111111011110    001100011110              01111001100101011000111
11111001001001100000011010    1100110111                 0        0100111000111
10100011000010011000011111    100011110                        1  0111100111111
10111100111000001101001111    10110101                      1010000011010011100
01100000000001100010001001 1      110010                    0000100101110011001
110011110000100011011101010001       0001                   0011110101001110111
001110011000110110001011001100110                           1010010010110100010
10001001010101011001001110 0000111111                      00111000110111100100
00011110110100111110010110011111101000                    000011111010001100011
1101110100011010011011101 01110110100                  001010011011000000101001
00010001100110010100010101 00101100                  00101001000010100100010100
01101100001110000010101000110100111                  01100001011110110001111101
1110101001111000001001111000001110                  111100111011000100101010111
1010000111010001000010011 10111010                  100111101100010001111111010
1111101101011011011000100 00010111                  001001010000111011111111000
111010001110011001010111 0 011010                   111011111111011000100110100
1011010100001000101011100 0100011                   101001011000010101010111011
1001011001101110101110011 00000000                  100111011010011110101100101
100011100101111001101001 1 11100101                 100100110100110100010001011