1011101111010110111011100011001101011000101011001000110001111010100010101100011
0011011100111001111000010010000111010111010011100101100101011010101011111111000
0001011101001010101110101001000010101110110100000001101101000010011101100010100
1001110001011100110000011010011000001011000000001010111110110111000001001110010
0110101011001111101110000010110011000100101001001011101010010111010100011100101
0000100111101010010001000101000011001000011011010001001100111011100010011000010
0000100001110110100000101000110100101101100111010101011010111111000010111011000
1001111000000100001111100111000111010101001100100110101101011010100011010100101
1110000011110010011000011111110101101001010000100010000000110111100011000010000
1001001010000010111001111000000111101101111001001010100111100101111110100110001
0000100001000100111101111010000011100000001111111110001111111010111001100110101
1000110001110111110000001010101011110010100000011001011000011111011001100001010
0010111001100010001101101011000100100100110111100111010010111110010110000110000
1111011100111101100001001010100001110100100000011110001111001011110111000000101
0110000011111100101111101101110101000010101111101100000011110110111101010111101
1000011110011010000011101100101010011111101001000001111111011100000100010011111
0111010010011011100010011100011000111011110001110111010111010010011100110110101
1111010011100110101001101000001010000101010010010111011100011010001110000011001
01110100000001000001001001011100100011 1000110111001000010111011000000001101100
1100011001111101100011011011011000011     0011111110100101001111001110000011100
01001001010011100000011111001110100011   10111110010011110000010111111011000101
0001100011110101101010011100110011100    10101110101100111110001111111010100000
00001000101000010111011010010111100        111001100100111001101011100111110010
01011010001101011110010001100001010         00011011000010110000111101000111000
0100000101001100101000000001011101100      111011100110001110010101111101010100
0011110010010111110000001001100010011100111000010001100111010010110101000100111
1011011111000101001010111110110000011010111000000100001011000001101001011110110
0111011010000011100000011111100000010110010000111110010001110000011100101010110
1101110111110100100001101101010100100001010111010111111001001110111011011101000
0010111000010100100011001110010010001100010010100001100001001110101000100110101
1101001111101000001101010101100001111000100111111011001100000010011111001111100