0111100100000101001010011101000010011001010100011111011011100010101000011111010
0110111000111101010000100001111011111100111100111001100000010000101111101011010
0101111010111010111111010100011000100101000001011100000000100110101001100111100
0011001110000011010000101011001110010001100100011110000001111101010101110000010
0111011010011000111101000001000101110001011110101110011000111011100011101110101
0001110011111001101011000000100101010111100100001110010001011010001011100010000
1100001101110001000010001000010111100010101011010011011010100000101001011110111
0011101111111001001100101110001011010110101111000010101110001000100101010111001
0010010111111000011011010000010100100110011001100101001011011001111000111101101
0101100110011101010100011011100110101111000111110000111001001101001001111111001
0100011000101100101010111100000001111010010010101011111110110011001100110111100
1100100000101011011001100111111011110011001101100000110110101101011100011111111
0001000100000010111001100101110110011110011101110000101011000110000101101101111
0101101100001011111111100101101011001111111110100001001000110010101100001010010
0100110100100001010100110000110010000111100000011001111111011001111011111111010
1001001001111111000101011101001000001000001011001000100001000110011100011111101
1001101100010110111100100111010101000010111101000001111100100100010011101110010
0000001001100001010000100001001010011100010010010100011001100110101000001101010
1110100100111000100111001000101111000100000101011101100100111111111011101101111
000101001011000110110101011000010011111  00000011110010000011010100001100111101
1100100101010000100110101111111110000     0011110011001000010100100110100000011
00000011110101000100010001000001011         01010000001010101010100011110110011
10101111110111010001010010110111111          1101100111100100100010110110110100
010111010001110000011000001101111010        11110100011001100100001010110010100
11110101101001000110101000000010010100   01011100000110101000011011100011101101
1110110110110110011100000111000110101100110100100001011001111001100000001101110
1101110101100101010001110000111100000111001100101000001111101111100111001111110
1001100000011001101000001110000010101000110000001010110010010110110000011010100
0110110001001101000100100010101010101010011111110100001001011101010101111110001
0001101101110010101001000110011101111101001000100101111011101011001111110010010
1000011001101010110001100000011000001111000111010110010100010100101111110111101