0110110111100101001100100111100000011111000110111001100011100100110111110101011
0111011100001110000001000100100100100101101001111001100110001001000111011111100
1000010100011100011011110010010110010101110001010101001100111001101010000001110
1111011100000011101011100111000101100101110011000000110010011100010110110000111
0101100100100011100111010101010010100011111000011110101001000001111000111101010
0011001000010101011110100000010000100100000000000110001010000111000111111000011
0010001111001010110100101111100110111000101101101111010010100011010001110001110
0110000011010110110101011101100011111101101001110111010010001111001001100001110
0001111100001010100100111010111100110100011011010011110001100011101010101001111
0010110001001011100010111001100111111111010010101110100011000010001011011000010
0000001110011100101010100110000111001111100111001110110110011010010100001101011
1000000111000000001010011000000011100000000011101011101011011101101100100100101
1000000101101111010100001111110010111010101111111000000101101101100010011111110
1100001000111111000111111000101000100000000100001110101110110000010101101111000
1101011000110110010101010100101001100111010101100010000001000011101111011100100
0011001011111100100100000000111100011100111110110101111111000111011100000111000
0100000011111011101001101100101101010111001010011010101110000010011101001001000
10001111101001100110001001001111000100   11101011111011011110001111101001011010
1110000000100110000001000101100111110    11111000001001010101000010000010110101
11111010010111001111011001111110011110  1  111111100100101001110111111010010101
10011111000100100011010011100111011101     111010111000001010010110011101001000
1100100110000110000000010000010100010   001111001101011011101110101000100100011
00010100101001011011110110000010011      11110011001011101111011101101011000100
10001001100001111101110101010110011        100111111001110101011010011011011101
11101010111101011001010010011001011        000010001100111110100100011010000111
1100110001100010110110101100111011100   0 1100000000001100101110101101010101011
1000010001010101101111110101000010000100101010101010101110110000111001100111111
0100111010001101000101100001000000100000010101011011011010000011001100001100000
0100000111110001111111000000011011010111111010001011100111101110000100001110101
0101001001111011011011010100100110001001010110100011001100110111010011111011011
0010000001100100101110111111100111111111011110111010110110100000000000010010011