0110001000001000100100001111                   00010000100110101100101111010000
01010111000010101111011101011                 010000101000111010111011000010111
0100000010001101011100100100101              1100110010111111101111011110111010
1100000110110110000000101 000110            01000001100101110111000100100001000
000110001111000110010011                    11000100000100110101110010010010011
101011010101101101110101                      111011100010000001101111110010110
11110100100001011001010                       100100111010101101010110110011101
001111000110010010110101    001               100110000111111011100000101100010
110101010011001100101001     110             0010010010101001001111001100111111
110100000111101111110011     1101          100111101111111111100111111001100111
101010011000101111100001     110100011  101100001  00111110001001001 1000100111
101110110100000100000010      11111101  011011           110010      0110101001
011100110111101111011101      111110000000110                    01010100100001
1110000111000010000001000     011101110111100                  0 0111          
11110101011101011101011101    00010011110                                    01
110010000111010000111100 11     00001011                              1110    0
010101000001101101100010 011      0010                            10000111110  
01010110001000011000001 0 011       111                           1110000111111
10101000111010010011110 1110010      011                             0100001001
00000011000111010110101  10000010                                     111011110
01000101110010100100010  1110001110                                   001100011
1001001100001010000001 00000101000010                                0000011011
00100000100000000110100 00110111010110                             101000111001
10110110011100101000101 0001011110101                           010110001010111
1101110101000110001111  00111111111                           00101000001110111
1101101111011111001110 1 101010111                       0011001111111011101010
1001100110111011111000  010011110                       11100101001101110011100
10010011101010110101011100011001                        01110110011101100011010
1110110111111010001000  0011011                         00011010110100110000001
001110000010001110100011 10010                          00001101010100011000101
0000100011100011111000  01111                           01101111101101000100101