0010100110011111010001110011110101111110101010101000001101000000111100100010010
1111110111000011110001111101001000110100101011100011000111000101001001010101101
1111000110101101011101001010001100001011011101100011011010000000000011101010101
0111001000011101011110110100000100101111111011101011010011111111000110110110100
1000001111110100101001000010111101001001110100011100110001101110100110101010111
1010110010110100100000000110110111111111000100100110101011100111110111011110111
1110111110110110100101000101011011001001111100110100000001111010100011110111111
1011110101110000111001110010011011110001101000010101011001100001011010110011111
0100110100011001010010110010010011000100001000100011110001101110101111100111100
1111101001001101101101110001100001000001111111100001010101101111010101010000000
1000001111001111001111111011111000001110011110110001101000011000000100010101001
1111010110100010110100111010110101100111110001110001011001000101010001100111111
1011101100101011011100001010100101111111111110011011110010111010000110001010000
1001111001111011001000001001010011000100111100010100011001010111100101011101001
0100101110101000101111111001110111010010001011110110100111100011010011001000110
1101011111111110000111011010010100110000001000001100010101111100110101100010110
0110111011101111000100000011000110000000011011001011001011110001000001111011100
1000110000110001011101110111111011010001110000101011100001011001111011100011011
1111010010001010100010101011100111000110101000111010011100000111101010111110010
010010111001101001100101100000101010000  01011001100001100000001001100000000001
1100001111010000000100011011111101111     1100011001001000011011011111100010011
01100110010011110010110001011010110         01110000100000100000110111110010011
11010101111011101000000011010101101          1110000011110001101110000111011010
110110001001111010110100010010011000        01001110110001010000011011001001100
00010111101000010111001010100100101110   10101101000011010010110110100001000001
0111000000001010100000001111111110110001110010111111101110011010101110111100111
1101011111101010001010100111010011010011000010101100111110101011111111100100011
0110000011101101010111101000110101111100100101101111110001000000100000110111011
0110110100010000100010000010111111100101000101001110110000111010010101010110011
0101111100010110000110001101110010000011010000110001010001001010001110011010100
1011001110101111011010100010001100111001110001010110111111011110010000110101110