0110100001100100011010100101000000010001101101100001000001110101010000110011000
1110100011001000011110001000001111000111011100001000000111010100010111000010100
0111101100110100111001011001110110010100000001011000101011010011111010111011111
0100100100110010111001010011111000011111100010100110011111100101110101000010100
1100000001110001010000000111010011000110110011100010101001111110100110001110001
1111011101111011010001010011011000101110100101111000100111010000010111110111011
0101101111101101001001101010100110000011110001111000000111100011001001010011011
1110001100001000100011110011011000010001011101101111011001111101001100010100101
0110000111010011001100010001101100110011000010101101100001101000001100011010111
0011000101010100010001111111011101001000110010110100100001010111011110010101010
1000111011001011001101001111011011100101100000001010000110001010001011101000110
0011110111111111100111110100010110110100000010010010111011010011010100001000100
0011000111011101111000111100001100100101000001010101000111001111010100000001100
1111010101110010010111111100110000101100011111100101011100011101101000000101101
1110010111011010011100001111101100110000101000101000110000011011100010001010010
0001110111110010100111110101011010100011101110100000110100111101100010001100000
0010110101010000110011101111010111110011001111001001001000000010111010111100111
0111000001110011001100100110110011000010101010101101111011010000010001100110110
101001011100110011101001000011011000        01010100111111100011001000000101101
0010111111010001101101101101101001           1011100111110110000100010101000100
0111110111111111111000001000110100            010001101000110101001010110101011
10101101011011101010011011101100100          1110000011110010100111101000110000
1011001111111001010011000101110100010      101110000001101010101100101001111011
0000000110101100010110110000001110000111000100111001011101110001010010100110000
0101100001010101011001110101101001001100000110011101110110101000110011001001011
1010011110010010000001000101100011010100011101101001100000001011100001101010011
1101000000110100100100000111101010011001101111101111110011011110011100100110010
0010100010000011000001100110001110011110010110111001011111001010110110101110010
0001001111100001010000110100010100100101001001110011101101100101010101001000001
0100100011010010110001000100100011010111100000001110101001000001110100110111001
0010000100110110011101111010010111101000001101101001110000100010000000001110111