0011101001001010010000010110011000100111110001101001000001101100010111000001011
0100011110100111001011100010110111010100011000100001001001011110101000010111100
0011010000001101111101100011110010001001011000011111110010010001111001011010011
0101001111111111001100111111001000110111110100100100101011010110011111111010011
1001101000001110111011011011010101100111011001111011010111110001011111100011001
0111001101001011010001111110011001101101110100000000010111110100000011111101011
1110100001111010111100110100110011100001100101010010001100110001000100110001101
1010010001010001011010000111101000011011001001001001101100001000100001101011001
1100110011101001110010000101101111011111111011000110100110110101000001001011100
0101110000110000101001111011010101000100101111111011111101010001001000100010011
1110001011000001000001000110000010001101011000010011100101011010011101110110000
1111010001110011011111001000101101110000010010010000000000010010101100111000110
1111001011000101100110111100001110010111101010110110110011001010010011110100100
0001000110100010001101110000111111000010001011000001011101011011011111001011110
1011011111111110010011011010100000111000110000111001010000101110011111010001111
1101010111001000011111000110010111010100010110110111100100001001010111111000001
10101111111000101100110101101101101010   11111110111101000001001110111101101000
1000101010100101111110110101110001011   001011000001111000101110100100010010110
1011010011101101010010001001011000110   010100110011101010100101010001110000001
11111110010100110101110101101010101001     110010110111000100011010100011100110
11011010110101011111001011010101010100     001101010001000100111010010110111110
000011011100011000110011001111010001     11011111011111011001001011011110010001
11110000000010111111111000011000010      01011110111101100101011101000000100001
11101000111011110111001000000101001       1000000111101100100011100011100010000
00101100001100001100000000111001001       1000010000001110010010001010000100110
0111101011001111101100101010001011000    11100010111010010011101011000101101101
11010101011001001000010111111100011011   11110000101110011011111111111101111111
0000010010111110110000001011000000110110000010011110000100010001000011001110100
0011101100100010010101000100000001100000101001011010010000100111011111011101100
1011000100000000111011101100110111001001011010101111100010100000011010010010101
1001111011101000111011101101100000011111000001100110000010100100110101100010101