10100011100101 1                                    100011100001011011101001001
000010110001001                                     010110100111110011000111000
011010111101010            0                        001010111100100001110101100
000010010111100        11001                        011000111000101111000110101
1001011100101010       10001                        010011110000100100101011010
1010001010110100         0011                      1000101010010010010001101111
101011001010000         010111                    10011010001101010111000110011
0110110001001100        10110101               01111000000011011000111000000100
001001000011110          10100101110        11110000010000111011111101000100000
0001011001100101         10100101001001    1010110000010    0110110101011100000
0101010010100001 1        1010010110011    00110101110             111000001110
000101000101100           11101001100111 10000100000                  001000011
00010011010011  00        110000001010100011111000                      0111101
01010011001001 010        01111011010100101111101000                      10010
10101001001010  1 0       1101010111011110000   110                         111
00101101111110   10         010010011011011                                    
01010001000000 1 000          110000101111                                     
10110111110110   1001           0100000                                        
0011000110110 00  10010           0010                                         
0010100000011 00  010110           1100                                        
111101000010  01 111110011           110                                       
1001001010101 1 110000011111          01                                       
001000101111101 0111000100000                                                  
100101010101  1 111110001111110                                                
010000001111    0111101011110011                                               
10011001010  00 011110110110101010                                             
00111111001 100 00010010111011001010                                           
11010011100    101001000111100111100                                           
11001001100  1 00111110110000101110                                            
01010100101 1  011101000110101101                                              
01001001010   10110010001100010                                                