              100101110                                   010100111101101010011
              0111101100                                 0010111000010110100001
              000000100010                             110100100000101001010101
               1001011000100                        101011011001110001100000100
               11110100011110000                 111110111101011110010010110110
                100011110000111100000         1100011101011010101110011      10
                11111110010110110100100      10100001100011001010001101        
                00110000100000010110010      0100101101111010010101            
                 0100011011110010011111      0011111010100110011               
 0               01100011111000100001100  0011111001100001000                  
 0               101011100001001101000010001101100000101110                    
 1                1001110111111011110000100110100101110010                     
 00               01101100001111010100000001101101 111011   000                
 11               00001110101010000010010100011101   100101110                 
100               10101110011101110011101101111001      0110                   
1100              0110011110010111111100000100 1                               
01000               0010111000111001001010000                                  
000111                1010100000011011110000                                   
1101001                 111100111100101010                                     
10100010                  011001100000                                         
110011100                   10101011                                           
01100101100                   110110                                           
111111010011                    1100                                           
10110000001011                   0000                                          
1111010100001111                  0000                                         
10100110011001111                   101                                        
0101100110100101100                  10                                        
10100111000100111110                                                           
0101110101101000001000                                                         
10000001110001101110000                                                        
11111010011101001111101011                                                     