0010000010110101101101001001010000                       0010000110101111010001
10111110110000001110011000001000110                   0110110001101000110011101
1101101111011001110000100111101100001110011001100111010101000000011000110110101
0101111111001000110001100000011100100011001001010000100001111011001000110101011
1011100001011111110111101100111000101100011111111000000001001010101010011111111
0010101000111110000000001010100000001010011100001011111011000110111111110100111
0010101000011111101101001101111010011100101000000011001100011101000110011011101
1010100110100000101101010010000000011001010000100100111010000110010100001101010
1011111111000111011001000101011000100100110000100111111011000111010001010011100
1111000111010000000100111111110011101000111000111101000010000110011110010010101
1111011101001111011010101100010001101011111001110000110000111000001001001111110
0001100111101011000101000111111010100010011111111111110000001010100010100011111
1010010100000100001100100101100000100111100011011001001000110101111011110010101
111011010101111100100110100100111101100   1110111100011011011110110001010111000
1000011001011111001001110000010001000       00010011000001100101010010010101011
1010010101111110110111001111111110110       01111011010011110010110011000111010
11110110001010011000100110100000011110    0010001011111111001000111001101111110
1111000010001101101000000001010000010011100100010010000010111110111111000000011
0010100101010110111010101111110001110100010110100100110110101010100101000110000
1110111110110100101101001010010011011110011010011100111001010111110010110000101
1111011010100010010010001010000011001011000010100011011000100101111001000111011
1000010000110100011000110000001010010010111100010010010010111100000011100100010
1000110100101100010010100101011101010000100100111100100100110100010000100001000
0101111001011011101001010100111101001000111100110100001011011010111010000111001
1101100110111100111010101101101011101101100011111010111111100111111111110111110
1110101100101111000001010111100110110000001110010111010101110000010110011000111
0101001101000011010101011010010011100111110111000111011100111000111000010001011
0001111111110010111011100010010100001110011110000100000010111000010001111111011
0110101000011001111011110111011001011110000110011101000000110111000101001011011
0110101000101111101110010001000010110011010010010111111100100000000001100110101
110010100010101001000101111011011100010101110010000000010000000100111001001111 