                                                    110001010010111110001101100
                                                   1111110110100001001011111011
                                                   0010000101101100111111011111
                                                   1100110110111011010100010111
                                                   1101110111011011000011110101
                                                    011001011100101110111010111
                                                    100100001100011100010110101
                                                    110010100000101111110110010
                                                    100010101001000101101100111
                                                    100000000111010011000001111
                                                    111011101010010100111101101
                                                     01100110001111101010111010
                                                      1110001111101100100110011
                                                    000010001101010010010110001
                                                    100111101001001110000010011
                                                     11011001010100110011011010
                                                     01111011101011111110110110
                                                  00001100100100011110001101010
                                                   1011110110000111110011110001
                                                     01110001101010011100010010
                                                     11011110100100110100110101
                                                       111000011010110101011000
                                                       001100111001001110010010
                                                         0111111001010010001011
                                                          000011001001001110110
                                                           01101111000101100111
                                                            1000100100100100011
                                                             000001111010001001
                                                              01110101011000111
                                                               0000010000001101
                                                                 10111110011011