0101110101011101010011100010010110100011111111111101101011100101001110010110100
0111101010100001010101001111110011000011011101010001000101110001010100100111000
1101110101100101100111011100011001000110010111010011010011001101000101110000111
1001001100111011110101001110101001011001111111101100011001100100000100111001001
0100101111100011001100000100001001111100110110010111011110011111101010111000011
0101000101000010000011011010111011111100011110001011000011111000101111010011101
0110100111011001000000101111000011101101100000101101010001111101101011100110111
0100100010100100001110010010101110101011000110111100001000001001010000111000010
1001110101001011110011100011011110111100011011011111011111011010010101111100101
1111111100111100110100011011010010110110000010100101101111010100000111100000101
1101010011110011100010101011101000110001001111111101000000010011101111010100111
0001100001101110111010101010001100111011111010011101000011000001001111000110010
0001000011101000001010001011111011110101110011000110001101101011101111011000110
0011101110010111010110010000100010010001010111011101111000000001000100101111000
0101110100111101100101101101110000110000101110000001001100001001010110000111000
1111000111110111100110001001100100001011001110100010000110011100000000000101100
1010101100000010111111000110100111111101101110110101010011101100011111011101001
0000000001001000010101110010010001000010001001110110011011100000010110101110010
0110011111111100010101100000011000011111010100011110110101010101110110110000110
011101010100001111100110101001111010001  00100110011001100000000110100010010001
0000101010010101100001110011000101101    10000100010110000111100011110100111001
11101100001111000110001111000111001        011011100110111111110110011000100011
01100011001101101000001011100100111          0001111001100100001110101011101010
000101100101010001010000111101111000        11111010001000100111010100100111001
01011111111000001000110100111101011011   00111000010101011010001101101001110010
1101011101111111110100011111000100010100001111101011101010001000011110011100110
1001011001000100000000010011001100101011101010110011000100010101001000001100000
1101011110101011010111001000100000110100110100111010111000110100010001100111110
0101110101001111100001110101100010010001110000011001001000111001110111110000110
1110001001111010100001110110111111100000001100111111100100000010001001010101010
0011111010110001011100100011111110000001011001011110100010100001011101010100000