1000110000101010111110110000100011000111011101101000111101001111000100110101001
1000110000011001110110101010010010001000000001010111000011010000111111100101111
0010010001111011001111000001101010001011011110010001111000001001100101000100001
0001111001011011111010001010110011001101110000111110111111001100011110011100100
1111111010001101100000111001101100011000111110101011101010010101011110000100000
1111010111011000100010111110110011100010011001111111101110011111101110111111010
0001001100100011010010001011111011111101011101111000101100100101110001010100011
1100100000011001000001101111010101011100001101010000100100100010000110110001010
1000011010101000101101010111111101010011101110010011101100100001010000100001110
1111011110100011000010111001011100011101000110111110111000101001111010000110010
0010011000100101001111111010100011001100100000111110100111110000101011100000101
0001100101001010011101010000001010110011010100101100011110011000010101011101100
1001101011000001101011111100111010100001110110011011011001100111000101110100011
01101010111100100101101010001100011101    1100101111011011000101100110011010100
01100000011001010101000101010000000100     100100010001010000001110101101110101
111001000101001110110010110010110110000   0011111010100001000000110101000011111
0100000111011101111101000100011000101      011100111100101010001001111010000011
10101111010100111010001001001100101100     011000100011010011111101000001111100
01011011111010001001100000010110110100     001010101010010001011011111101001101
00010010010001110010101101011010011010    0001011000100110111100010000011000001
10101010000001111101111100100101001000     000011100111001100000110011110000100
0001110111110000100000001000001011111       10000001101001111000011000010010011
110000010110001110100110111101010010        10111010100100011101100010100110011
1100100011100110011000101111000111           1011011100000111111100010101101001
1000011100000111011010101101011110            010010101100111011000001011101110
1110111110101011001111000001001011            110100101110111101100100100011111
111111110111111100011111000010111011        00001011001100111000010011100000000
110001000100010110100110000111000101100   1101100100111100111001111101010011010
100010111000110001010011110110010111000   0001111000101000000011111010111011110
00000011010101111101100010001001001000    1001001100101011011000001010011000010
1110101100000001111101111110101100000000111110111011000101110010011001000100111