0010110010100011100101111100111111101000001110110001010100110101000110110011101
1010111101110000011111010110100000101101111100111110010011001011110011101111101
1111110101010011010001001001010010101010111100010111000111010100001101000011111
0101010010011001010111110000100101111100010001110001010111011110100101110000010
0011101011111011010000011010000010010010000111111000011001111001001101000000010
0111110111010101111000100110100000100001110010111101110011100111101110001111011
1100010101101000000111000101001011100101000000011111111000110110001000101110100
1010011000111101101010110010000011111000100001001111000000001111001100001101100
0000100100111100100000000010101000100100101111000111000100111001010111110000100
0100100011001100110000101011010001001110101000111001111111000011011001001000101
0000111000001111111100000011011101101110001111110000010101101100111100110011001
0001100001111001111000000001001010101101101100010100101011001111000100100100110
1011010101001010111110101111111001000111110111000011001111010001100001000101001
1000011111001001001111000001001111111011011011110000100100111001010001101011100
0001000111000110110100001001010110100011100001110001010010101100011011000101010
0000010101110110110110010010011110000010011111010001101000000010101010001011011
1010001111101001001111001111111001111010010011110110110010111000010001011100110
0110101000001100010001011101001100101010110110111001011000000001100110011000010
1111110011111011100000110000000000100111110110110010110010110101101110111100111
011011000110000010011011010011110100110  10100001000000001011001101011001001000
0111010110011000101001100011110000101     0010001001110001000111011000001000101
01101111011110100000101110011100101         00011110011001010101010100111111110
10100101110110010101010101110111001          0110011110101111100010111010011010
101000011111001110000010110010111011        00000101010001100000000110110100001
11101111001010011111101000101111101010   10010011101110100110011000110001101111
0110011110111001101000010001111001110101000110111001100011111010011011100100100
1101111100011110101100100011000011100110010000011110000001001001100011000110011
1110111110101011111100101101001100001100111101100000011101111110000101011110111
1010010001000000111000011100100001110111000101000100011011001101111111110010010
1110101011010101100110111100111001101001101001100110100110101011011110001011001
0010101110110011010110100100001101011011001101000011101001000101010010010011101