0001010101101111111000101010100001101100101011110010    10001001011001000011110
1100110010011001101011101010000001110111100000101          10001001010111111101
1001001111011110000011011010011111111000101110                01101001101000011
110010101101011000011000001100100011100111000                  0001000110110111
00100100001000100011101100101101000010000110                    000110011011010
1110000111111001011111011001010010010101101111                  101001011100001
1010111010000111011000010010011110110000011111                  000110001001110
100111000001101110110111000000010010000000101                   111010010111010
011101110110100001010001010000100110010111110                  1111111011111011
0110010010111000101101011000000100001100101101                10000000110101111
0011001100000001101100011100001110011010100111111              0011001110110011
0110110011001111101000100001100101111110011000111               100001011111000
000101001100111011011110000100000001110001101101       1        110001111000100
0111100000101101101001100001000100100100000110         111   101101100001010110
0110000100100101111111000101110011000000111              1010110011101100011001
111110100011110101100000110001100110010101               1101000111110101010100
11011000001001100111111101 10  00001101110                011011011110110100011
1100001101000110100111000      0101101101                 000101010110010010101
001011001011011001001010      1100100001                11111110101001100101011
000011101110000101100010     10010100001              0110101010010101010111000
100000001110011111000101     010100111001             1000110001111001110110000
00011101000011001001101       00010011101            11010101111011000000010111
01001100001111010101110         0011011111           00100010001010001110101111
0010010110100101100000                               01001000010111001100111101
1011000111110101101000                               10001101010101100000111001
0111100011010000000010                                1001000110000100011010010
00010000011000000100100          011100                111000001001010001110100
010000011111011100111111         001011110             011101101010101011100001
000000000010110100010001         001000111              11111011110001111101101
011000110111001000101011          0101111                 010010100110111001001
10010110101010011111011            101001                  10000010001010011110