1101000011111001000011110101100001000011110001111101010000011000110000100110011
1011111111110110001110010100010000101100100100101100110101001100010111101110100
0010101101011100100101000100110111101001110110000001000010111001011111101010110
1111001101100110010001101000001100010101111       10111010000110000001011011001
11101101111110111010011011101001001111001           011101011000111111111001111
1000111100011000100110101111111100010000             11111111011000001010001010
001011111000111111001011100110010011101               1100011001011100100110100
001010111111101100000111101101110001111               0000000100110101001000000
011100111101110110101000000010101011111000             111010001001111001001100
010011001000111101001011110111010111110100             001101100011000110011111
1111111101000001010101101111010110111111000            101000000101001110110101
00011011010101010110010111110100011010111000110      01011111111100010111110100
0111100001011001111010110011101110100100111010      011101000000100101010100010
1111001011111101100100000110111100100101011          11111111100111001101011011
11011000110000001010111101101     00011100           01111100111010001111110011
01011111000011000101010011001    110111000            1101011110110110101101001
10110100011101100110101001011   111111011           110110111000010000011101011
0110100100101000011100100001     01010110          1100110001101010110011001000
0100111100101001010000010010          1000         0111111001110110001101100111
1101001101111110100101110110                      01001001111000111100000101111
0000010011101100111000101010        10             0000000010010111110001000101
10111110011101011110100010010       01100          1101101000011100011011110001
011101001100111010100000110110      011011         1001010110011111000101111001
11100001000010101100010101011        10111          111010010001001110100000110
10101111001100001100111110000        10001            1011111110110111001111110
0000100101011011001001000111         0100              100000001110000111011111
010011010001101100000000110000       1100               01111111100001100101101
00111011011011000110111001000010 00100100                0011100110000000111010
1110111000100010101100110000101000010110                 0110011110111100000110
1111010101010011011001010110011111101010                  111000011000100010110
0111000110100101001101110111011000111000                   00100010010010100010