0110000001110100110011101000101011100100000100010001110101101110110100011110100
1101010110100000101100100010100001011101011101010011101110010101110000100011011
0111110111100001000001011011101001000110100111100011100001000111100110011111011
1110110011010101001000001011011110010100100100010111010000011000110010011011001
100101110110100111011001010110011101000101         1111110111100001111111001000
01100101101001001001011001101111000110011           000011111110001100001000100
1111011101101001101101011001110101010011             10110011010111110101011111
1111001101111010001000101111010111011101             10101100010010110010111001
010111110111100000001010101011101010001000            1101010101000111101011010
1110010011000100100101110111111110111100011           1101000010110110110000100
00010101011101110110100001100100001100111111101     001101001000110111011110111
01010001001110101111100001011001010011000010110    1111101011111110010000001011
0010110001010010011001000100000011 010010100        010010011101010110111110100
01101110110011010001001011100000    0010101          01101000000110100110101111
00111110000010001000011101101011   00110100        0 01001000000011111101101011
11011110011000100001101000101111   1111100         1100001001010010011011001111
00000011101111001111110010110010     000110       10101110011010011000111010101
01100011000100101110111000000011          1       10110101110001101000110100010
10011001110010101010101100000101      10          01101001000110010001110001010
011001000110111101000001011010010     10000       01111110001111010001111110111
010101000001001100000011000001001     00101        0010001010100111101100110100
01011101010100001111001010011110       0101         100101000111000000001000000
0110010111101010100011101101110        1101          00110100011100110011011011
011100010001011011111001000101100      010            1000110100000111110100111
0101111011111000100011001100011101  111110             101101010001111101000001
10011010111001010011101001100111000010000               11110000000100000100110
01111000011101010000010001001000010011010                0000000100100000101010
00100100100100000011110011111100011000011                 010000010011101101100
0101101111101100010111011011110110101111                   11011011110011010110
001010011001000011011010000110011110000                     1001010011000000111
110011100011110001110111100011111111000                      000001011001011011