100001100000111110000111111001110101010001111000100                     0110110
0000111110011100111010110000111101101111011001101100                    1010010
000011010011011000100101010100101101011111111001000                     0110110
10000000011011011110000010111010101000110111111100                      0001100
100110010000111010111100000100011100011001010011101                    00110011
101111110110000110110000010010100110001111101111011                   011011011
011000111001000010100010000101011110000010110000001011                001011111
1110011001110010101111001110010100100100010000101000000               101110011
100101001010001000101010001011010000101010111111100100                 10101101
01000111010001011101100100000010101001001111111111011                 1 0001100
000010100001000101011101111110001000011100101001110                 0 000001011
0110000010000011111110011010100111011000101100001                10001010111000
01111111000111000010010001111011111010101011100                  10100100101100
001101101011101101001100010101010000101001100101                  1011110101111
01010111111101100000110101010101110100100101111                 1 1110101010111
0010010100110010110000011000111101000101111111                10101010011101111
1000010010101110111111110110101011011011011001                00010011100010010
0110000011111100101101101010111001001101101100               110111000000101011
10100010000100110001011011000010111110011110000              110010100010101011
00001000001111010100001010111101100001001110011              101110010011111100
11110000110110001011011101     0110111011101100              100011000010000001
011000000100011000011011        1010011011110111             101100110110111000
100111001111100000110111       01110000111010010             000001011100010100
001110000010010110000000     1001011011100101                 01000000101100011
101111001011010111110101      1011110011001                   00000001101001001
00000100101100011111101         11001101                       1010111001010111
0101000101100111111010                                          101101001011001
1010001001011111111101   111                                     10001100000010
1011110111101101111011   01                 010                   0101011110111
1011011011010111110100   10             1100011                     10001010010
0100000110001000000011   100        1101001100                       0000001001