1001010000010000010010111110000100011001011011011                    0010011110
1010100011001001101011100101111001010101001011011                     011010011
00110110000001111100110110010110010011101000101000                    110110110
01111100101100010110010101101010101101110110001110                    101001010
000110111000110101000000100001100110111001010001                      000000001
0011110010011100110010110001101011010101010100001                    1111000010
1001110101010011111011101111011111011100000100000                   01000101010
000010001100110010011010001000101000100000111101011                 01100101111
00010001100010101001001010011101111111011001011110001               10000100110
00011010110001110101110011101010011101011111001110000                0010100110
010111100001111101000000011001001011001000110010101                 1 000010000
01001001101010110000100101100000100110110111001011            0   0  0001101100
10111010000000100101011000010100000001001000011               10100110010101011
0111000100010000000111011001101101110111010111                 1001010100100010
0111110010101110110010011100110001000000011011                 1011000011100010
011101100110011110000011111010111000100110010                   111100010100000
00111101110111111001101101001010010101000000                  01101110101001000
11101010010111010001011101110101100101001101                1000010000101001011
01010101110001010110000111110111111111101011               01001001101100111110
11110111010100110010011110001011111100111001               01101000100011101101
111001000110000110001011       11000001101110              11000110111101011001
101111110110001010010010       00000001111010             100000001001100110001
01010101100101101110101      0000110000111111              11010100010000100010
01011101011101001011011      0110011101110001              10101000010110010001
11011100101010010011010      10111101011010                00000010101100111111
0001000100110101111001        1110100111                    0101100110001010101
001100100101101110111                                       0100111010010011101
011000111110001110101    0                                   111111010001000000
110001001111100101000   00                                     0011111111000110
000000001001010000111   01             000001                   000111100011111
010001100001011110010  000        10010001110                    11111010110011