1011000110011111010111011011010010101000011001101011100010011011110100111000101
110111001001001000000100001111111010010111000000011 010001010010000110101000000
00110010111100111010010010100000101011001110001            01111000011100101010
101011010110100000011100110111111011000111101                010101000111010000
00000110111010000001010000010110001111010000                  10011010100011010
10011001110011111010000001100100000111100011                  01100000011001101
1100110100100001011111011111001110001000111000                10000001111010101
01010010000011011100101110110111011110010000                  00010111111110000
110001000111001001001111001110110010010110011                 11110001000001100
110100010101101111101001011001100001001001010                000100000101110010
011111111110100010100011111101110001111100010100             011101001011001111
110100110111111010101010110100111000010100010110              11001110100001000
11000100110000100001111101010010011110011001100              100111011011101100
001100101111101000000011101001101000001011111          10 0 1000100001011000111
1100001111101101110100110011101110011111010            110101000101010101000101
101001010111110101000000100 1 111010000110              01101110110111011101011
0000110001000111000110100      00010110011               0011010111001000101111
0011100110011011011100000     11111011100                1001011100010101010001
1011011001110101101000011    11001011000              1111001110001111011001101
011000101101001110111000      1111010111             11110010001101100111111100
001010110010101001001101      10010110110            11110111001000111111110011
10101010100101011000011           0010110           001100001101111101101000111
11000010001111100100001                             001001101001010101110001100
11001111011001100000000                              00000111000010100110001010
00101011101101001100100          011                 10000001110001000001110101
110111001101000010001000 0       1011001             01011010100000001001011110
0101100011110111111100010         00111111            1101010000101000011110000
0010000001100111011000110         00010001             000110101001010101100100
0110010000110001111110110          110110               10000110111110100010101
110001000010010111101111           100010                 100000010010100100010
011110000010001010110111            1100                   10011001010001110010