101100010100011100100111110001101101111010101000000000110100111                
1001000000101010001111000110100010010110100001111110001110101                  
000111001111101101100100110001110101111101101110110110011001                   
110001111111100111010101111111110000000011100011100010001100                  1
10000011101101000011111011111010001110000001110011001000011                  00
00110100111111111011010010011001010110111001010000001100010                  10
11001001010110000100110011001111110100010010101111011011100                 011
00011110010011001100100010001111000000000101000111111101111                 001
101101100100000101111000001110100110010111100111110111101011                100
111001100110100100100010001001100111101101111110001000000111                101
000100011111011111011000001110111010110001110010100000011011                000
11000001000011100101100000001010111101100010000001100011010                 001
01101110001000000100101111011001000  00101000111000111101                    01
01011000111000110110100010001110      11100001000111000                      11
0101011001000101111000011100101       001010000100011                         1
0101100101111010010101000100101       0101000110100                            
0001110111000100100100000110000        1100011000                              
0011101110100101101111011101100         111               011                  
10000111011101100000110100100001                       101110                  
1001011111011001000111000110110                      1100110                   
1010100101111001001111010011110                     0111011                    
0101111100011100001010010110010                   10111101                     
0111001101110110001001010000011       00          00110010                     
0000110111011101101111111011100    0000             10000                      
01111111011110001101100010001010   11101              001                      
1000111010101111110010000001001111100100                                       
0101101111011011001100010111101001011111                                       
0110111101001001100010000100000001011010                                       
1011001111010101001111110011011010110111                                       
0110010001010110100011001100110001011110                                       
100110010001000010011000101111100000001                                        