10110001110111100001101101000001010110011101100101         10110110100100111111
101010000101000101110100100110110010101000110101             011010001010101001
101101101100000111011001101011100111100111001                  1100101000101000
001101000011100111110001110000001001100001001                   101011101010110
1111101010100110111110010110110111101000110001                   00101101001110
1000101000001110001100110000001111111010110001                   11001001100100
0111111100100010001011111100001101010010100110                   01011001011101
010000001011101110011101011111111111100010001                   111000011111011
0001010001110101110111010100011100001100001001                  001000111001100
1100011000000100011100010110111100000000110111                 0011101110001001
1011010110111000010100010100100111000000111000110               100011001111000
1001110110111000011100000110101100010010010101001                11001101011111
011000100110111111100010001110001001000110000001                 10111001010101
0110100010100101001111000111110000101100110001           11 1 10010001101111000
11111011100110001010011011011001110011011011             0000111010000001110110
110000010111001101111011010001100011010101                001000001011110010000
111010011101001101100001011101011101010000                101000011011110011001
1111100101110000101000011      0100101101                  01110100111100100110
101010111010100001100001       1111010001               00001001010001100111111
011000100000101101111101      11011000101              110111101110111110010011
111101100111111110100100     000001101111              011100111001111100110100
00101100010010001101000      100011011010             0100000100110001000000100
01100101100101110110010      0111101001111            0000110101100010110010111
1100001001111000010000              011101            0101010111110110100001001
1000010011000010111000                                1100001011010100011010101
1001001001111010100101                                0001011000100111010001000
0100110010010101110111           10                    101100110010101111100000
01101101110000001011000         1100110110             010110010000111101001110
001111000101001100011101         101101100               0101101111001101011100
11111111111111000001010          100101100                100000000000010100101
11000010110000000110011           0110111                  01000101100001011110