1001110000010111010000110011111110110110101101001011100100001110111001100010001
1100100110111100001010000011001011110011110100001001100101101011111011001101101
0001000101010101001011000001000000101101010010011100000110101110111011000011110
0100001011000010001101101000101001101010010000101001101000001000010111111000011
1001110000111101101101101110011000111010011100110001101000101110011101101010101
0100011000111010110000001001011000011101001001011110111010000011110000111010101
0110100011111110110100000101010101000011000011111000111100101101101100100010100
0000110010001000110111101011001011000011110010100000000001100110101111000001110
0001000100101000111001011010000101001110110011110011010000100100110010101000100
10000011101001100001000111110100111101111    1000100110100101011100011011110001
101011011000001001100100110101100111010        11001101011110110011000000110111
0010111111111111111001111101001010111110       00000010110111001000100011101110
010111101100100011111110011010011110110000    000001001111001011100111000001100
1001100001110010010101111001100110010011110   011111110010010111111000100010111
0010001011101010111010000001000011110100        0100000111100010101110001000011
111011001101100011011010100000110110  01       10011011111001011010001000001100
110010101100011011001111100011100000  00       01001010111100101000000100110100
010111000100111100010000111100101000           11000110010001110110101000111000
0101011000111010001100111111000010010         110111011011010111101111000001100
0110101111110001000111000110011110101         010101000010110011010111001001100
110111111111111101100101110111100011           01100101001011111101101110101111
1110000011100011110110000111001011110 0         1001011001101110111011010110000
000011111000000000010100011011000100100          100010110000011010001110001000
10110101010100111111011000001101100100           010111110010011000100011001110
1100010110011010110100101011110111100             01011110001010010101011111101
111110111000000001000100010001010010               0011001011100101101110011111
110011100111101010000010110110101011                101101000010010100011101011
00101111010100000010111011000001111                 100000101000100001111011100
00011110111101111111100000110101111                  01101010111101010011001000
010011001101100101110001011101011100                101011000110101011110101001
10011100011110111110100001100011110111           110101100010000110000100000111