0101001111100110100001101001011001010010111100110111110100000101101001110000001
0010001111000110001000011011100000101101100000111111111010110000011000100110110
1100001100100001111111101110001100111011111011010100000111111101001101100111011
0101000110101111001111011001110110001010001001100011110011001011101100010101100
1101011100010110110111010010100111100000011011100001011001011111010011011110011
0010111101010001000000101110111010010011011001111001001001011010110111011000010
0010000011111010110000110101100111001100011010101001001011111001011000110001000
1111010010100100000001100101011011100101010011110010110100011100110100100101111
0011110011000111110011011110110101100001100101010010011011000001101100000111111
0110110011010001101101111101001011010001000111101100011111000001010100101010011
0001000011000100010101011111001101100010101110010000000010011001111100000110101
1101010010101110101111001110111111011011   010010100000000100011010111110110011
000000110101100110111100010000010101101     11100110111101001000011111110101001
011111011000110000110111010110110100000     00110000100101111011111110000011011
1011010110001110101111010111111000111111    00010000101110011011111101111000101
110100100011001001101001111001111010100      1100001110001000000110001001110001
01001000101001100110010101010110110000       0101110101000110001010000011110001
11100100001010101010011111110100010110       1100011011000010011011111100100000
00101000001001100011001001110011101001       1101101110110000111101110001010011
10111110101111100100110000000110011110      10001100100111000101100110010001100
11001111000100110111011101100001100111       0101110110010100110101010000110100
00011010001111100100110001111111000000        010110011011010111011111010001001
0001100100100011111010111100001001001         100110100000011010100000100001110
110011000111111101101011011010010111           11101011011001101001001010011101
01110001011011001101101001101000010             1010010111000010101010110000111
1011011101010010111011001111110111               100000110010100000100110011011
0010000101010100100001110111111111               111111011000101110101100011010
11110111010111011100110101110001000             0101101100010101011011100100100
01100101011101000111001010100110011111      10011001011011000011011001010001010
1001001001100101111110000110011111101001 00 01001110111001110110101010111110110
1100110001100010100011001001000000010001 00 01110011111101000010010010111111011