0010101110000101011001101101011001100001101110011101011011110111010011100100111
0101001110001111100100110000100000110110000000101010101011000010101111111011010
1010111010110111000010100101001111100111101000011100110000110001101110010000101
0110011011010100010010110001100001111111100111101100000111011100000000000110101
0010000110110010111000110101111100111101100000101011001011100011001001000010001
00000010100011001010010100000100010011001010    1111100100001000010111010010011
00111011110110100010001101110100100010001         10001000111111101111000100110
11010100010110100100011100111001111010100          1000101110100100001000110010
00001010110111100010100000011110100000101          1011011011101100110010101100
011011111110001001110110111111110111111011          100010001110111011000110001
10001010011101101111101000001001100100001100       0100101100001011111100000101
1010001110001100110011010110111001010001010011    00101001000000001010011100101
11110010101110001101111110000000110011101101      00101011101000101011011011111
10011011100011111011001000101001011  101000        1010010001000100111101100010
1110011110011001110000101000010110   11011         0001011110110100110010001100
1001100010010000111100100011000001   10010        10101101101110000100001111100
0001000000011101011101100001111010               001100010111101001111100010011
0011110000001001110010011100111001      0        111001011100110010011100110001
00101111111111010010001110101111111    011       110001000111011100101110100001
01110011110110101111111100001110100    0001      111110101000010101111010010101
1001010101101111011000001100011000      01         0000010011011000110110011110
111011011101100101111110111111110       01          001010100011011101101010110
110100000101110001110000100010010101 10100           01011000011110011010101100
10000011010101100110101000111101000011101            10100111001111110101110001
01010100101001010111110110011101101111001             0111011011110010001011000
1110000001101011110010111000001111000011               000011001000101001111001
1111111100000011000111101011000010111101                00111101001010110000100
001100011111011011001100011101010001011                  0010100101011001001110
00000111110100010110011110110000101011                    000010110010100011001
1101111110000010111100111101010101111                     110100011010011111100
1010000010101011011110000111110000011                      00011000111101101000