0101100011010110100001011110001110001100001111100000000011011100001110111110111
1000001001110111010100111111010000101000101011001101101011011110010000011100010
0000000011001110110011111111111000110111111100110111001100001010100011111001000
0101101101011111101010001001010110110100110100011110110110000100001001111000001
1110001111110010101111000000110001011110010111100010001010101011010100011011000
0111111110110001110110001100000000101001000100010100100101010101101011111000111
0001010101100010011010011100110100100100111110100011001011001001001101011101010
0001100000011000010010001110100011001110111010100011110101110110101111100110001
001110110001000100000110111001011011101010   1000011100010011000010000000001101
1000101110110111110010011000110011100010       01000111010000110110111101100101
000001110100010111101100010001111111001         0001001000111010111100101001001
11100110111011101000001000001111010101101       0101101000110000110011101110000
1000111101010011101001110110000010110110011    01101101111011011010100001011000
1000101000011101000000101100110100101001001    11111010101100101100011010011000
110100100010011110111100101011010101  00        0101110101101110000000001010101
010110101001010101111111100010000110  00        0101110101011010011000011001010
101011110110000000000010101010001000  01       10101110101010100110111110100010
000011100111100011010000110101100000           00101011100010111100110100000000
111011011100001001100111101001111110           00001101110011000110011000000110
001110111001011100100110111010011011          110101000011001111001111010101001
00100000001101001000101000111011001             1110101110111010101010010110001
0100010111001100000011000000011000101 10         010001000001110110011011110110
100100011100100110111000011000011001100          110010010110100101100100000010
100000000100100001011000110111011000101           00011001010111011111100011110
11000111000110111101100111101011110111             1001000000001101001110001001
1010010110110000101011011100101011100               011100001111001000001011001
000010100101110100110110011110111011                001101011001010000111100101
01111101110000100110001110101001101                  10010001000100011110001110
11100111100001110001111000001010000                   1111100111011010110101000
100101010011101111001000101010001101                  0000001111101001011111001
1000100011100110110111111110100100011               111000100111111100001000100