0101100111000101110101011101011111011101101011000100      011111011100000000010
011111010111101100001010000110000001000000011110            0001111011100011011
0010010000010101110110111011001011011001001111                 0000100100011001
100100000010111101110100101000110011110001110                   011100001101101
001001000010110001011100101000000001110011101                   111011101100110
11101010101110100101110010110011100111110010010                 111000111010101
1111001001001100110110001111111000001100011010                  000100100101110
000111101111111001100010110010001100100110100                   010100111101110
110111101000111011001111101111011000000001001                  1000010000110111
0011101110001100001000000001100111110011000101                 0100010010000101
1011011100101111000110010101010000111101011010001    1         0001001011100000
0100101111010001100101111111011010000000111111001    10         010111000100111
001000011100101011001111100001100101010010101101        1       100000010001000
1000000011001010110110011011011000101100111001          11 1  01110010111111010
01011100101010110010100001011011111111111111             1011101010011011111101
001010100010101011100110011111011010101110               1100101010001111101110
01000000011010010001011011011 101101000110                010110111001100000101
0010001110001000011111111      1101101111                 100101001110010100100
101110110001001100101110       0011111111               10011111111110100001011
001010111101100000011011     100000111111              010111100001111100001000
100100101101110011100101     011010110101              010111011111011010011001
00111001101001011101100      010100001001             0100011101110101110110100
10001011010100100101111       100001110111           11011100010101010000011100
1000010000111000011100                  0             0001001100010010101010011
0011001000100100111110                                1110011011101101010101101
1000110111000011000011                                1000010111000011101010110
10010000111110101010110 1        1111                  100101111110001111000101
011100101111111111110110         110000000             101011000011011010001010
100111011111000110110011         011110100               0111111101011001111000
01111000110100000001010           1011100                 110111111110010001011
10001110110011111100011           0000111                  01001011100101110100