0010101100011010111110001010011110110100101010101111101011110111011010001010000
1001100000010111001011001010100100110110001010100101001011011000000111101010010
0000000110100110111111111110011100111101110001010111000111110110000111001001010
0000111010011000001110010010001110101101000011000011011000000001100011011101010
1110001100001010110110110101101101101111011100101101011100100101011011110110001
0111101110100101111100100110011010110000111011101001111100010010101000000011001
0001110100111101001001111101110101000001011111001100110000110000111100000011101
11010101111010101101011000000000001110010       1110000100010000110000000010101
1011001001001111100101111100011110010010         010111111100011011111101000110
0111110100100011000010010010110111011010          01100101010010011010000101110
101110001111010100100001101100010010001111        10011001101010110001010001100
010100111101010101000101101011100100011010101     00010100011000111100001011110
10100011101101010000000111101000011011000111     101011000111110110000000000010
011011010100000111001010011011110000 00110        11101100100100110001010101100
01010010111100000110001100110000110  01101        01000101011110100011000111001
11000010000000010111010111100110101   010        110001100010010010000111111001
10111010011101000000000110000010011    1        1101011011111100000111111111010
11010111011101000111011000011101011             1001110011010111010101100000001
10101001001011010110101100000011111    000      0111101111011101110001000001001
11011000000110110111101110101000110     10      0000011100100111101111110111011
0100011101000001111110000101000000      10       001001010000010010100001111010
1100000100001100001100000001010101      0         10001110011110001001110011111
11111001001101101000110000011011110001111          0010010000100001101100001110
0110011101101001111111100110011011001110            000010110110000000010010110
1010100000001000000110010110011011011010             01110100010110111110010110
000101011001000101101000101100110011110              10010101000001011110111010
00001010110000101010010101010000100111                0001110010001100110111011
11110110000010010001111010100100000111                 111100110000001000000000
0101010010010110000011011101000000010                   01110110101111101100010
1101100011010011101000000010001000000                   01010100010100000000100
010011100100011010110111010111111110                     1110000000100000110011