0001011110111010000000011011010100110101011011011000000110000110               
110111110001011101100011110010000100010100010001110100110101000                
1001110010100100111110101001111000111100111101010011000001000                  
11000001001100001110010001011011100001100001001011101011000                   1
101011000010100100010100010010001010011000011001100100011                     1
000011100111100110111011010100101011100110100111101001101                    11
101011101101000001000110110110110011110100110000010101101                 00111
11110101100010010001100101110111110101000101010110010001                 110001
1011110100001011000110000110111000100101010110011110111                  111111
10100010000001100100011010110110101111001111111001000100                 110100
110111111100001011011000001001111100101101100000011111111               0001111
010110100100010000001110010011110101111011011011100110100               0100010
111100010010101101111111101111101011010110111111010011001               0101100
111101111101010110110011110000101   10001111011010011000                1111010
1110100010010110100111111011011      001111001001100000                  000111
110101001101011100000101001110       1111111000111000                     01000
000001101001101111100100011000      100101000001001                       00000
010101011000011100101111110000        00001000111                          0000
010001011010011001110111010111          0001100                             111
011100000010110111111101011000            1             00                   10
00001010101000111101100110110                        00110                     
01100001111000010111001111111                     1000110                      
10010110010010001000011111111                   111111110                      
001100000011011001110001011110                  11000100                       
110011001011100001000111010111    0  0           000110                        
011011001011000111101100100101  10111             11001                        
10111111011000100110101010100101101011             110                         
0111010011100001111100111000100001111                                          
1110100010111011001101001001010011100                                          
0000111001011011100101000101110111001                                          
0010001000100111000111101000011111110                                          