1110101111011001100101010111010010101110101101001                   11110011101
010000100010011111011010001001000001111000101000                     0100011000
110100100010001000001101011111101001011111100001                     0111111101
0100100111001011011011001100010101010110110000011                    1101110101
000011100000011001010111000011101100001101011010                     0100001001
000001001100000110100000011011101110000111010110                     0110101000
101010111000101100110000111011001110011111000010                    10001000111
011010001010000001110010111100111110011001010000                   010010101010
0010111010010010001010000100000101101000010100010010               111000011111
1100001110001010100110101100001110101111010000010101                01100101001
111011000110101111111101110000011010101101111001011                  1000000010
00001000000110110011001100110000111100010111010010                  00111000111
11000011100010100000110000101111110010111000100               100 0011100101000
0001011000000011001001111010111000010110110010                10001110011101001
010011110101000011111100010110001010000100111                 01011010110110101
010000001110100110110111001101000110100001010                  1011111100100110
10101010101111110010100010001001100001001110                 0 0010001101001010
0101001000000101011100111101010010010111111                 1000001000101100001
0001011010100000000110001011100101100100111                00010110110110011001
1010101101010001101111110000  0101011000010                11011001100001011011
100110110101100010101101       1111000101100              001011000100110000010
01100010000001011101011        0011100111100              100010110101110010100
01011101100101011010111      0000111110011011             111110001000000000011
01110000101110100111010      1110010100001010             000010110000100001010
0110001110010110000100       110011001000001              100000010010101001101
1010000000111100001001        001011100                    01001011111011111111
011101101110010000001                                      10010011101101001100
110110010111011110001                                       0100110011111110011
110001111111010000110                                        011011101100101100
111100001111110000000                1000101                   0001011010111101
110100100100110111110  00         1111000000                    001001010010101