0010111101001100001001100100000001011110111101101011011100110110101001111011000
1111110111101000101011001000011010011011110011111111110000100111101110100110010
1100101011110101101111010000110011110100101001110010101001011000110101001000100
00101110110000011110010101111010110011101100     000100111100101100110000011101
11011001001110010000001110100101010001110          1111101100001100111011011110
1101100111111101000101010010110011011011             00111101010110010101110110
100001101100011101000000000010100011001              01011111000010010110001011
100100100011101111001000100010110010000               1000110010000100101010100
11111101111111001001011000001101111001111             0101000110101101101101100
101110010010111101111111011010010101111111             110010000010111011100101
01110101011101001000111000110010101001001110           011001000101001001100011
01001000110011101000111010001010011010101100110      11100000010101000000110111
010011011001100010011100001001110110110000110       101010101101010000011111101
1101100101011111000011000010001  0111101101          11011011000000111001001101
000111011000111010101110000001    10100011           11010111011000001101011001
01001000001010100010001110001    100011101          0 1111101100001111101110000
01110100101000100101111001001    01101010          0001101101100010001111000101
01110111100001010011011101111     11010110         1000001101010011101111011100
1110111111100000100001110010           100        01000001111010001101101100000
0000111001111111011001001101                      01001001101111000101011111001
11000110001011010000000010100       010            1100100100001101010011110000
100011101110110011111110011101      101001         1000010100111000000111100000
101000011100100111010110110010       11110          000100000000101101111110001
10110011100110110000110100001        10011           00111000100011110101001000
11110101111010110010100000100        00000            1101001001111000100100111
0011001000010111101011101000          010              111110011011101011101101
00100110110001101010000110100001  0100000               10011101000101101001111
11111110000001010101001100001111110111011                0111111000001100100011
1110000111101110010111100011101100000010                  111001100100001011101
1001011110011001101001000101111011000111                  010001100100111011010
000100000010100010101011101110110100111                    00000001010101000100