1111100100000101000111110100000001100101101001111101110000110101001000101100100
1100000010111011100110111110100100100010011001010011000011100110100101010011000
1000111011001110111001110000101001101011000011101111100110110111110110001000001
10100010101101000000110101011100100101111100      10011001111001101001101100011
01101001011001110000011001001010000101000           111011001110000011101111011
0011110000100011001011101011111100110000             11001100011000010011010110
110110110011010010010101000010110100101               1101001111100011110011100
111110111000111000101011001000110110110               0110001110011111100111110
000111011000000100111001111000101100010101             010111100110110000111100
000111011101111010110101000011100010000111             010111100110011101111100
0111110001010010001100001111010100011000100            010011011100111000011001
10010000100000011011000010010000011111100110111      11101010010100110100101100
001010001011111110100001000010101111110010101       011100000110100011011011100
0100110011111110010001110110001  0001000000          00011011100010011011110101
10111100011101001101111111111     11000111           01100000100011001110001010
01011011110110110100001100101    011000110            0111000100011000111100110
10101001110110001011110100011   001100011          0100110100100010110100110011
00110000111000001000000011011     0111111          1101010101111011110110100111
1101111100100101010101100011          0111        01111010010000010010001010100
0010101111110111011100000110                      11010111100101010110001000111
0001110111010001010110010010        011            1001110110011000111111001110
01010111001000110101010001100       010010         0111100011000000101111100101
110101100101000000000011100010      000110         1110000101110001001000110010
11000111011110001001101000101        01011           00100100100101111011011100
00101100111010111000100101110        11101            0110000110100001010111010
0011101000111100111100001011         0001              111010101010101111000110
0011110001100001000000001011110   1001001               01110011111011111101101
1000001110100100001010000010001100010110                 0011100111010001101010
0000001111111000001000111101001111101000                 0111010011110011100111
0100010011001101100000010101001111000011                  101001001100111000001
000001010010000001001000101101011010010                    00100100111011110011