0011101000011011010111000110111111010011111010111100001001101000001100100011011
1000000101110011100100110010110010010010010110000011000101000100100000110101001
1111011010100110001101101101110001110111111010011110001100111010001011101101001
1010011100100000001010110010000001001101101010010011101000010001101111110011110
0101011111001100101001010101011101011010001001111010100100111000010010010111000
110001011011100011100000100110010000    001001101001000110011010111110000100010
0111111111011011100100000111010100       00010000000001001100111100100111101010
101111011101111010101111001011101         0010110100001010000100111001110101000
111111101101010100001000011101000  0     11101000111110010010010101111101111110
000110010000110101111110101000000111     10101110011011011101000001100100110111
00001111111110011000111110001101011        100100100001000000110000010111011001
100001111111111110011001001000101           11001011001010010011010101000010110
11001000110001001111011110000100  11        01111101001111000010110010111111111
100010100010000111100000100000   000         1100010100011101111010101100110111
0000110011000011110111011010000011111      001110010101101000011010111010011001
1111100000011001011111010110001000111      100011001001010011000010100111010010
110011111101011110100100111110010000         0010111011101010010000101110101111
111100011101010100001011010010100101         1111111100111101110001111011010100
111111100000110110001001111011011011          110101110101000101110001100000000
0101111001001111100101010011000110              0000111110010000110001110101011
011100010110001011111110010110110                 01101000010111101000100110101
00010111100100011011110010011110                   0011000001010010011101101110
110001011001111111011101010000                     0100110011110011010011001011
1001111001100010101001111001001     1       00010001000011000010010111111000100
110110001010110001000011110100100000111   0000001000110000010001111010110001001
10100011000000000001001010100010101000000 0010100001011001100110101011101110101
1101110100000111000110101111110010110001   101111000100101111001011111000001000
010100111001000001110011001100000010000  11011000011100100111101110110101111111
1000000111110101011010100010101000001010011001101000001110111010100110101010111
1101000100101001100100100000100001110011111110000010111001001100110010011111100
1101010010111111011101111110001100100010111100001101101011110111111011110001110