0001000000111110001101010100000101110000001011000101001000001110000011000000100
1011100010010000101111011100010000100111101011001001001101010011101001111001001
0101111010010001010101010001111111110100110100111000000111000110100010100000010
0111100000000100000110100100100011111001000101101110010110111000010010101011111
1101001000010011011110100110100001101111001101000100000100101100100010001011001
0110000001110011001101000100001100001101101100100111001110110011111010110001111
1011101000101100111100111010001010000111110011111100000010000000110110111111101
1101100000000011000110000010110010010111110100010000100101101000110111100111101
1100011011011100011010000111000010101010101100010010010011010001001101100001100
0000110110100011011010011011011011000111111100101111000000010101010101000010001
0101000111000011001110000001111100101111101100001110100000100001011011011101000
0111010110001110101111001011100010101010110111100100011010100111010101111101110
1010011001110110000110111011011110111001000111010010000000011010100001101001111
1100101110110110111001010011000001010110100110100010010011001100110110101111001
1000000010000100000110100010101111101010111111001101101000101000110111100001000
0010010000011101111001010010111110100100010101001110101010110110010100101000101
0001111011110000100101100110100000100110011100100100110101010110100000001110011
1001011000001111011000101111100011101100100101011100110011100001000100110001001
11010100101100110001110000010  011010100100010011001100011101111111101111011101
11100011100101110000111110011   111001 1111101011110101001000000001100001000100
110110111100011101111011010     1100 001011000101100011111000010100111000011100
111001001111100011101000100              10100111001 01100000101001100011010111
110111101101011000000100000               00011         10100101100011011000110
010001100010001010001101010000                          00010001100001010111010
111011011010001110101101101011110                       11011110111010010001110
0100001101100011101000001001000010010                   11111100000110000001011
100000011111110110000100110100111111000                000110001011010111010101
1010001100001111010010000101010010111001001              1011001111111000101111
00001001010110101011001111111101100100000001011011   10100010001001111110000011
1110010010110101100001010011111111000000011001110101011001101100001111100010110
0000110010100010111110100101001001111001001000010111011110100010110000100101111