0000001111000100100100110111010001100011101110100010100010100001001111000010111
1101111001011110110101011010001111111111001110100110010000101100100001100000101
1010011110011101110111111001011100110110000000111011101011010111011011000101011
0101111000110010011111111100110011111111001000100111010111011101101000001110000
1100011100100101100100000101000110111001111011101010101101111101011101111101110
0010101000111110111100000001111101001010000000010011100100101001000100011010111
1001010011101011011010010001101011011101101001101100110101110001100010101000000
1001001101010000010011000110001110000101001111010100110111111101111010101000001
0100010101001101000000111010100110100000011010011000110001100101100011110110001
1011111100010100011001100101100001011111101110100100001010111001011110110010101
1011101101100010000111001100010100000101110001100010011000100110011001011000011
0001110101110000000111101111011000001101100011000010101000110000000000101001001
1011101000111110110100100010001111110011101000010010001100011011011110011110101
0100001100100010110010000110111110111000000011101101110110101111011000011101001
0000110110110001101000111111011001101011111010011001000101010001100001110001001
1111101001000010011111100101110010100110000010100100101101011101101010111110111
1101101101101101100011101110111110110101101011110010101100010111000101111011100
1110101100010011000100111011111011011110111000010001111110010010000010110111001
011011110000101000110011001     111111  011111001100010111110010100000000111100
111001000111100101000100101      001  00011100110101101100111110011010011110001
1100110100010011011110110001         101010111101101110001110111001010001111000
10110000011010111011110010010           11010001001   0000011001111001011010010
10010101011001001101000111110100         101           101101101011100110001011
1111101011001011100001001011011011                    1111101111000100001111010
101000101100111111010110000010101110                 01110011000100110000010000
101111011011110001011010000100100010001                 01111011100101000100111
11010011100001110001100111110011101001101           001001010011101011110111010
11001111011111111011001011001001101100001011       1101100101111110111110011101
0010010111000100100111110001010000110011111101111011  0010010101011001000011011
0101101100111001111111101011000100111011101001011001010101001110111110000010011
0101110000111111110010011001001001001101110101000000101111101100001111111110000