0011000100001101110000111110010001001110000111000100100001110100010010101010111
0100000100101000000100010010111101111101101101011010010101101001101111111001110
1011101001100001010011010101101001011010101101101000001001101000110010110111010
0000111110110010101101010100010101011010010011001111110111011001010010100011100
0000111110101001011001101100111101111001001010100010110011110010010110101000110
1100110101110001111110000110100100101001111011110111101001000101000011100011110
1000000110000010101110111101001001010001101010010010010000100110101100110100000
0000110101001100111110111001011001101100000111101110010111101101000010000011010
0101011001001000001110110100001010101101111111011011001110111100011111011100000
1101100011101111000110010111111101010011001000011111101101110001000110111101111
1101110001011000001111100101000001011111000010101010011000110000010100111001010
0000000111111001110110100000100000  1111100111100101101101111000011110011100101
01011011111101111111010111100001     010101010110101111110100010010001010001111
1000000001110100101100110011101       1100101 101101000100001010011100000010011
1010010101111101111110111100000         010  1111011111110011000010111001001011
1101011100110111001011011111001                00010001011011100101011100000110
000111010110011000111110010011101               0110001001    00010001101110100
00111101000010101000101110101100110            0010             010001001010001
11011000011101110001100101100101001000                          101000000011011
01010101111100010101011110011000011101100                       110111110010110
101101101011100011101011010111011000111000                       00001011000100
00111010010001101110100100010110011011111000                   0010010011011011
0101101100011101010001011011011010101101001110001             10000111011101011
1010010010010000010101111011111101000100110110110110001         110000111110110
0010111000100111000000100100101111010000111000011110101000110100100010010100111
0110111110011011111011111011000101010011001100101010111001000011101100000010100
1101001001001100010001101101111000000001010100100000001010011010001010001011101
0110010011100000000011100011111100101011000110111011100010000010111101101001001
0100010111110110110011011001010110011010001000100101111011110000011100011010011
0001010110000100000101101000010010111000100110011100101001101111110110101001101
0110110011001101111110000001000110100101001110100001010100110100111000110010100