0011010110000111100001101001010110010011001100010001100000000101001100001111001
0100000000110011010010000111010010101111010110011011001011100011110001100100000
0010101010100000101100010101101010010101001111101011010011010010010110011001111
1100101100110000001110000010100010011001110011001111110010100110101110101000111
0101110001010011101001001100001111100011010101111000111001100000111100011101110
1101101110111001111001111111101001000101000100000000000010110001110100001110101
0010011000111110111110100000110101001111101110100001111111000000011000101001011
1111100110010100111010100011111111011001110010110111100010100000101100100111001
1000110011111110001101000110100000000100100100111101011010001101100111111101101
1100100101000011010101110010001010110111010011111011101100101110100110101111011
1001111110000100010111110110110111010011101001110011101101101100001011101000111
1110101001101000111010110010011010011010111000110101001011100100100101000101111
0101111100000111101101100001010010001100111110111000000110010101101111010001100
0111101001001011111110101100011001001010011110010010110111001000010011001111011
0110001010101010100010001010111100001110111000001100110100100111011001010011011
011011110110000011101111010     01110111000001010110011011001000011010011000111
111110001110100010011011000      000    111001011000110001001000100010110101000
110011010110101010111001101     11  0101011100000100001100110011010110001001001
01111000101101100110000100000       0101111000001001001100000111010000110001011
0010011000011110010000111101101        100110010111    011011111111001101100110
1001010010101111010111010011111            00        11111110101111010001010111
000111001001111010110001111100101   10              000011100100111100101001000
01110011111000010100110010111000010 00             1101111110101001010011101010
011001111111111111001100000000101010                  10010 1001010000000010001
1110000000001100111101101010110111000111         01101      0000010101011111011
1100010001111100110011001011110101010100        0100101100 01001010010101000100
0111100001000011001101011000110101101000       01111111100110011000010100000010
10110000110101010101001001000010110100010      01110001110111000000001111000111
1101000100010110000101111100100001000001010110 01101001001010110100101110010001
0100111010111000000000011001001110010100001101111010010100110011011111001111110
1001111011011110101010111111001100001011111010111000101101110011101100110111011