010110110010111100010111101010001000000000011001110000100110010                
111101100101110010011111010001100100110111011011111101101101101                
101001110110100100001000011011001100000010000010101000001101000                
101011111111101011111011000111101001110111000100011111011001110                
0000100101110111111001101101100111001100101000110110000101111011               
1001000111001100010000111000011111100100001001111001001010110011               
1001010111101101100001111100110011011010100010011100001001010001               
001001100011010000100011010100110111111011111011110100111111001                
000001001101000110110101101101000100110001100101001010100010001                
101110101110001111011011000110011001110100000110010011110100                   
1011010011010001100100010100111000000111101010010011011100                     
111010010110110011110001101011100010 01001110111000001100                      
010011101011000110101011100111000     00001100110101111                        
1111101010111001101111101010011       1101110011101            01              
1000110001100110100000000111010       10101111               0110              
1101101010100001010111111100001        010001              10000               
0101111110100111110001100101110         0110              01001                
10101101011000110100011110111000                         111010                
00101000010101010000101100010101                110    0100000                 
011110110011001101001110100011110              0001 000011100                  
011110111010001010001100111001110                111100010110                  
111010100001101011001111101001001     0             01100110                   
100100011000011000101110111100100    001                0110                   
1000011101011101100110110010001111   1111                                      
11000001010010111110001001111010111001101                                      
110111100000011100101110101010111001011010                                     
111001111100111010011100111001000111010100                                     
001000101000010111011010011100010010000111                                     
111010101010000011010011000001001011011000                                     
011010100101110110010111000110111101111001                                     
1010101100100010100010011000110000110000001     10 01                          