0000000101101110100001100101111000000110000011011101100000110111110111101100011
1011010011100000100111101001011000101110010101111011101101101100011100000010111
1100101111011111001000101101000010100100110101100111101100010010100011001011100
1000111000100010010100000000011111100011100101101000111000110000000111110001101
0001111110111010100101000111011110011101110110101111011011110110101100001100010
0001000110111010000100101110100000011000010000001001011011010011010110111100111
0001001101111111010100001010111011101011110000010100010111011110110101001101011
1011010000010000101110010010100110011001100110111111101000001100110011100000010
0011111010001000100011010110111110011010011010011000110011000110001011110110001
1001001001100110111011010100011101100110110100000110100000001011110101010011111
0010001000110101100011011101010111001010001110011101110101100010001110010100011
1101101101011001010111100011010111001100110110101101001011010010001010001100001
0001001101110010001000111111010100100010000010101000110111101001100001100011010
01110101000111110110000001001      10001001000100110110111110111011010010001001
1110110100100111101101101111       01000110001010100110011100101110011001101000
1111010100110011110001011101       011  010111001100110011000100011011110010000
11011100001011110110011101111          1     0110011011110010110110101011110110
0110000001110000011010101110010       11011001110101000101001001110001001101001
1011110000011010010100101100010         010001101100110110111101110111010111001
10111010110011111010011000100100            00011100001001111010000101001000110
11010110001001111001000110110001                       101001001000010111110011
0011110001010001101110010111100011001                    1111110011110101010000
011000001110100000000010011100101101111                 00000111101110110000000
0010011110110101010011111110010111101101               011010111110101001001111
0010001101110011100001100011100010010100              0011110010011010110000001
1001000000011110001010010111111010110011           10  000 00100100011001001010
0000000111110010110110110110001101000010        100110     00000010011101000111
1101101110110010100010101101000000001010    01111001001000111111001001100011111
1100011001001111100001110110010010110000101100000011111101100100010010011101100
0010010101000110010001000100101011011110111110011011100000100111111010101111001
1100000100011101000001110000010000111111010000110101001001011100110011101111010