                                                                               
                                                                               
                                                                               
                                                                               
                                             1111001001       1                
                          0011001         0010001000001011                     
                          11001110      110101100100011111101                  
                           1001000  0101110111000001000101000010               
                         100001010100101001000111010010    01000011            
                         111010010000111000011001010001          1             
                            011111111110101111101100110110                     
                                11000101010111001110001010000110               
                                    00110110000101011011000111111011           
                                       11101000011011101111010111110           
                                       0001000111100111010000101001111         
                                   0101100000110011000101001101011110010       
                                  100100011  11111000100010000100000001100     
                                  110010011  111110100101000011111100001101    
                                    110101111001110011011100101101011000110    
                                        00101101001100101101111          11    
                                        0010100010110110011    001             
            0                           01001001110101100101  111110000010     
                                        10101110011110011010000000000101111    
                                         1000000001100000000110111111010011    
                                          10101  1001010000111100101001001     
                                         110000   00000101100011100101011111010
      0                    11           000111     0111001000000011011011011100
                                       11001      11110111010100111100111   011
                                      01001    00110000100110011000000101      
10110                               01011   00000101011100100110010110111101100
0111100111100000100101100100      100011101101111100110001001111000111110010010