1110111100111010110111111010001001000110100111010011101011010111010010100111011
1101110011011110011011110111110101110011111011110110101110011100110011010110111
0111001010100110001010000000000100111101000001011000110000101110111101110011110
0100011010001000001110101111111000000000010101111010000010010011111000010000010
1110011111000011011111110011001000011010      000000011111010101110000011010100
11111010110011001010011111111100010010           011000011111111011110011110000
1101111000110111110100010011111010001            010010111000110011110111000011
10010011100001011001001100000011111               11000101111111111100000001011
010110101010011010001000111110000101               0100101110000011010000000111
1110111011110011000010110110010110101               110011100001110001011111101
1001111001101000010001100100110010010011             00000101011001100110001100
00110100010011110001010001011101001101100               10001011111011111011010
00110000101000110101011110011100010001011001              111001100011111110000
00011000011011001100010110000001111111011011               10111000101000001100
11000111000011011000010110010110110000101                   1000111000111110111
0000011110011111100110011000100111000100                      11100000000100010
1101001111011011110100000011      01100                         011111001110000
10110100001110011101110000101 10     00                          11111111100111
1000011110110101001100000111110000       11                       1010001100111
0000000100010001010001010001110010101   0001                      0110101111000
001111100001001000001101111101011101000110010                    11111111100110
011001000001011101110100010100011011111110000          0      11100000100011111
0111111101010010110000101111110001111101010010         000   100011010110010000
0100000010010100001101010111111101001100000001          0    111000101110100000
10110010010111101001110101000100110110111001                  00011110011001011
0111101001010000111000001100010100011110110                  000111010010110111
0101001001101110001111100110111010100011001                  110100011000110011
11010010010000101010010100000101101011111                     01111000100010101
101011110010000010101101110110011011001                        1000001110000110
0101101111100000110001011011100000000                            00100000100000
1110110111101110111001110001001000                                 100000001111