0000100000101000101110111111000000000011011110001111100000101001111101100101011
1100000001010000111110100001100111010001010100100011001100010011001001001111110
0101110101011000111110110100101111001110001010110101011000000100101010001000111
0010001010111101001000010100101100101000011010010001100111101110110110101010111
1011000110010111111011100011110100110111110111101010110111110110110010101001011
0011111001111001111010000000000110100000000101001000001010000000111000110101011
1010110011011011101101101010111100101010010001110110101101110111011111011000000
0001110000101110111110110110111010101100110010010010101101101110001011100101001
1000001111101011001110100000000010000010000111001101000111011100101101011010001
1001101110110010010011010110010101011011011101010000011010011010010110111100111
0111000111100100111100111001100101001010011101010001100001001010011010010000001
1100101000011110110110011010001100001000100010101010100110100101011101111001000
1110111011000000001001111110111001001100001000111101111110001000001001100101010
1110100011100100011010101100100111011011010000000001101111001011100100111110011
1010001010110110100101001101100111110100101000110001110011110110110111110000000
0000100000100000111100000000010  1010101110111001010100110011001110010110100100
0100111110110110010001110001100   100101110100001010101000010110000010110011100
10110010011010010011111101101     000010 00101001110000110100111100101110010010
1101110101110010101001000011             0 100010010010001101111001001100101110
01110110000101110111001011110               000011110     101010010110011011110
011000100111100000111011011010              0000           10001010110000011011
111000001000101111001010100000001                          10100111010011110011
101101101110010100010101101010101110                       00110000110111001001
000100001011110000001100111001010011100                     0101001111010101000
01010011101101011100011011000000111011000                 001000010010011011110
10110001001111101000111010100011110101011011100             1100010011110000100
00010000010011010111010011010010101100101011110110011 1111001000110100110000011
0101001110000110001101001110100101111001100010000001000111100011001101010010101
1111000111100100001010011111000101001110010010011100100010010010000000111010011
1011110110010010010100011110110001010101010001101100000010111011000010000010100
0101101010101110011011011010111110110111101111011100000101010100100101001101101