0111010010010001001011101011001100000100101110011101001100000011010100010100110
0000111001000000010001110010010010000010001101001110000010110011100011011011100
0000011011100011101110001000110001101110001011001100101110000100100111101111100
0000001011100100011101111000000011011000100111000001011101110010111100011111001
0001000111010100010011011000111101111010100001100100001001011100001100111110001
0110111010011011010110011100101101001110000101011101010000100111101000000111011
0010100110100101100010000110010110011101001111111101001100101111100001110001001
0100011010101111111110011001000100000110111100111100010011101111101001101101110
0111101100000100101000001101110010110000110000101011010011000110101100111011011
0011110010000000101110111001100100001110111011010101101011101001011010000111011
0100100011101000001110010001011111111110111011001011100100101010111100110011010
1101011010000011111010010001001101101100001111001111100110001110101101000111100
0010111101111011001001111111011110110011011001001101101011111101111010001010001
1101010100010111001010100101110011011100010001011011111110001110001111101111111
0011110110101100010100110100100101101001001111000110000010111011001111000000110
0010011100101000011100110000   101100010000000111110100111011100001110110010010
110001001000000110001001010      1111   000001100111000001101100101010010101111
110111011010000100010011100       1   00000001000010100000101011001011010011011
1111111000001010001011110011        0100111111001101010110101010110011100000000
0011010001110100001101101101111       000001001111    0111110011010110010001001
1000110011001110010110100110110         001011       00011110000001100101100110
10100000101000110011101101001100    00              010100110010011100110010010
00010101010101010101000000011111110011             0110011100010101111110011100
0111110000101111011101000110000110111                 1101001000100110000111001
0010010110011010110011111001111010101010         11000     10101000000111100011
00011001100100110100011011111010010010110       011110010 101001111011011111010
00010001100010010101100000010110010010001      10100111011001111100001011110010
10000001111001001100010111001000010101010      01111011110011100000001011010011
01001101110011001101001010001011100111010001100  110000011100001111111011001001
1110100100100010001011111100101110011000110110011100100111101001010101000111001
0011101010010011101011011110111000100010101110110101100010101110010000011001000