1001101001000011010101110010001101111010111101111010001111101000100001110100010
1001010101001100000011011001110011001100001001101011110010110100110000011010011
0111100001111001111000011111101001011101111011010011100010011110101010001111100
1111110101000010101011011101011110001111101001111011101010111111100011101011010
0010100001000101110000001110001101011111110100001011000101010001000111001000110
0111101101111010000000000001101111111  1100101011011001001001001111110001110100
01101110000101100001110110001000101     000110011101101000011011101010001101110
0101110110011111100101000101100110      001001100100101111000110100001110010001
110101100010010000110100001000110       001100100100000011011011011011011001111
111000110100010001001001000100110           111    0011000111001110111001100000
0000111101111111010010011111000011                1110000100110110000000001011 
101001101001001101110001100000011011               00011110110110110010011100  
11000001010100000100011111011001101011             1011001010     101000001000 
01011011010000101001010000000010001000100                           111000011  
001000001010101101110101110001110001100100                          00010110   
11100011101010110001100100100011101000110011                        01111010  1
010010110010001010111110010010111010001110111                      111010011110
10011000110001000100100111001101100011100101000                     10010010001
111000110101001101010101111101001100110011000111010              10100110010001
101100110011110001111011111100111110111010001100100000            1011010000100
101001101001000101010001110001111110001000010000110101011      0111000110111001
0100111111111110010111011101100000001110001100110001001011010100110000001001000
0100111010101001101000011000110000010010001100011010000001100110001110000010110
1011001110100011101100101100010000101111010001111111000111111101111100000010100
0001010010101100011101000100100000110100101110100000100111111101110001111000110
0101001101101001110001000001001000110010011100001111001100001011000100101011011
1101110101000110010101110100000100010001000001110110110100001100010011101111110
1101000101101110000110001001101100100101110010110001110001000011111011010101001
0111100101001001111001000011100100111111110100010011011100000100001101010010100
0110010011011111011011011001111001110111110100111101001000011001000011101010110
1110101110010101001100011101001101101011010111111101011111111111101101001010110