0111100001001101110100101101001011000001000011011111001100011000010010110110101
1010000001100010010011011100100110100100110101101000011000101101001001101110100
1010111100010000010010110110010101111010000001111110010100110111111011101101111
01000010110101100011110001110110010100 1101100100011100010110101011011101111101
1110101110110101111110110011101110010   011001010101000011101100011010001111001
0001000001010000011100001101111110       10010000110010000111111011100011010010
1010000110010101110110000010111100      011001000101100011111011111100100001000
011011100111000100111111111000110         001010110100000010011010011110001110 
1001010101000110101111110010101000                 10011111101001001101100000  
10111001001011111110010001000110010             1100011111111001010101100110   
1000010001010101011101010111011100100              110100011110100101001010    
1111001010011000010000110101100101000110           110101         10101111     
000100110011010101001101010100000110000110                          0010       
01110111111011100001110001111010011110010001                        101        
11110011000100110010111110111100101001000010                        10         
1011101011101110111000011110001010011010000111                     11110       
100011000010111011010010110011101111000101011011                  00111        
100000001010010111000111001000011100111001100110000               1010         
01011010000001111001110110010000001101000100111011011           010110         
0011001110111110101101111001110010001010001010010101110          10011011000110
111110111001000001101101101100001000101100111001010100101 001111010101111000110
0111000110011010011001010111001100001011011110111001111010011011000110011101010
0000010100010100011000110100110011000101100011010000001000100110000110001010111
0000001110010100000000100000111001100001100011010100001110011010011001011011011
1011011101100000111101001110001110010100110011001111010000110000101101011001011
1011010011000110111101000101110011010100000100010010111010000110110100000101101
0100100110101100000101111110110110010010000111001011110011001010100010100010010
0111000011011110100001011001111010010011110001110100000000110100110010111000110
0000000110010000000001100011111100010011111000111111000010101001011100011101111
0010101101011000100001101001101101110101000101101101100101011100001010100011111
0010101101111111111101111010010010111001001001001101101011100111010111000111101