                                                                               
                                                                               
                                                                               
                                                                               
                                                                               
                               00           111100          10                 
                               000010    0000100010000                         
                  1             11111  111100100100100000                      
                  0         00011000110111111011000  111101                    
                             1101100101001010110011                            
                                 11000111111000010011001         10            
                                    00110000011010101001010      1             
                                       11111011101001100000                    
                                    11001101010001000010110110                 
                                   011001  001110110010010001011 1             
                                   1110000 1110001000100111010000              
                                       00011100100101100001   10               
                                       10000111101110   0101010                
                                        11110101011110 000011110               
                                        01101010110001011101110                
        0                                0000 10111100011000110                
                                       01111   101111010110001001000100        
                                      1111    10000000010110011111010001011   0
01010110                             1000   01100101011001001100011011101000010
0110111100001001010100110100       10101  0111000000100110101010100010011100011
0101101101110000101100100110111010110001101100000101000011010001001011011000101
      1101010101100101001110001100100110101110101111011101110010101110100000011
      010     01011110              1  0000111110100011110110011011101000110111
                  011100               0001100110111101100010110001000010010001
                     00000             1010111100000101101011001100001101100010
                       10                            01001100000011        0010