01000000011111101000111000001000110001000001000100011111111101                 
1100110110101110011001001101100010111011100010111110001100111                  
1010100100000000000011111000000101111101111100111111101110000                  
1111111111001111100110010100001001111111010100101110001010100                 1
010000110110000101010000101111011000111000010001101001001100                  0
101100011000110110111111110101101100011101110101110010011001                 00
110110011100111010101110100010001100001100000010001111100100                 00
0110100010100011011000000101011110101001111010111100000111000                10
11110000001111011111011011000100100111011100001111011001110010               11
1011101000011001001110011010010100010111000010111011001010101                01
001000001101100011011100011101111101000100011000000011011001                  0
00010110001001011010010001101100110100010101001110111010001                   1
011101111110010110000001000001101    00000111101110011001                     0
01011100011101100010110000110101      10101011000110010                        
1000101101001011111000000100000       010101110001000                          
1100110010100010100011110001100      1011101011011                             
1110000000100100000000011110110        010101              101                 
0111001101100100100101110110000          1               00111                 
11100100010011000110010111111000                       000000                  
01110001111011001000111011000011                      010011                   
0000011010011101011101001011000                     01111101                   
0010011001100011100011101111110                   101011110                    
00010001010110101100101011101100    1011           1001110                     
10111101000001010001110111011001    0001             00101                     
00011101110011111100110010000110   01011               10                      
0001001010100110010001111010001110000000                                       
1100011011011000101001100011000111000000                                       
0000110010010000110011101010011011001011                                       
1101111010010001000110100110000111101100                                       
1001011110001001000100110100001100001101                                       
0000001011101100101101010101111111100110                                       