1110110001000100001001000100010010111001100010111010101101110111000100010011001
1111010100011100100110101101111001100101000011010100001110110101110011101111000
0001010000010001011111011111111011001011101010000010110111111101111101111111011
1100011100010110110101001000000101000      100110000001001111001010101111101001
10101000010001110100011000100101011         01010000101110001101010011110000110
11111101101101000100100001010110100          1011101000101110011110110011110110
001011110011111111000010000111011000          100110011000100011010001001110001
0100001101001010101101000010100100110         001110111011001111101000110100100
111101011100000100110101110100010100010       011011011101000010101101010100110
00111000001110100011000101011001111111          0010111100001111101000011001100
010100000000100001001001011111100                101101010001010011110110000100
10111001000010000111111001101000100011            10010001000011011101011101111
00111010010010001011011100110111010011              000011010011111111111110100
001111000100110101010100010101111001110             101111101010100110100001000
001100011111011010100011000101010110000             110000110101110111011011101
00100100100101110001011101001000101111         01111100010000100100000101011000
1101010110010110010011101111110011110          11101100111010110110111011101010
1010001111010100110100001000111001001           1001001010001011101011100001100
0011000010111011111011000101101000000            010010100011010100010001011000
00011010001100100010110010010010110                1011110000110110110011011011
1101100110111011111110100011000101                  011101110110101001100011101
0011010100001111101010001001001                       0010000001010010111100100
0111010100001000000110101100                            11111010100000000101110
10011001010100100001111100                              00101111111011110000000
101000011000001000111111                                 0000100010011100001010
0110111110001010000100101                                0111101001110000111100
010011111001000101111011001                            000110001011010011000000
01011110111011000000100100011000010                   0100110010100110101110100
110100101111111110000001000110111100   0111010001111  0100000101100100010101010
00010001100011110111100110100100110   10111111000111   101001010001101101100001
011100001100000010010101011101110101100100001000111   1101010000001111110101001