0010010110011111101010010111000000001010010000111111100011011011100110101011110
1000110011000101111111110001011110111110111111110100011000010000011011110110111
1000000100110100011001011111100110111011110110010111011101100000000101101000000
1001010111100000110111001000111011001101111000011001100001110100110011001010101
0101111111001010111110100001000111011101011001000000101101101001001101000000110
0110011001101111100111101111001001    01000110101010110100000111011100100001000
010101101101100111100100110000100       001011000101011011111010100111011011010
10011101001000101000100010011001         01001110001001110110101011110011000010
11101111110000011011110000001000 1       00101110011001110011011001101011011000
00000001111111001100100001101000010      00100100011001101001101111100100100010
1101011101001110101001001111010101        0001010010011011100110010011011110001
011000110101011110111011110100100          100101010001110110001000100011100101
111000010001011001110011100001011          110110001111111000001010111001001101
001111100000100010010001010110011          111000110000011110011000000101100100
101010101110111000000100001101101 11      0010001000011000111101101010001110000
110100100110011101101010010001111 01      0001101110000101001011100110111110010
000101001000101011010010011111111          111001010001110111001011111010001000
00110000001110110101001110111000000         00111101010001011100000110101000011
0101111101011001011100011100001000           0000001111100001111011100111101100
001110000011100001101001111000010              01011111111001010101101010001111
1011100010111000010011011010110                   01100101010010110001101100000
000110001111001100000110011100                     0011101110001001111110110111
11010011111011100110101110101                      0000000101110010110001100000
01101001011000100111000010000                   1100010111100010110001100010010
011101000100100001010011110000001       011101011000101110110111001000001000001
0001101011010100111000001000001000000 10010100110110001011010001111000000000000
0001100111010111001111110110100011010  1101000000111001000100101101111111000110
1100010101011010101110011011010101110   000100000111111111111100111101001011011
111011100011001011111010011101011100   1100111111011110100110010111110110001001
1110101011100100111000001101110011000101101110111101110011001101101011010111000
1100110010101001111111000100100110001011001000010010110101101001100110000011011