1000101001000101111011100110100100100101100011110100010001110101110111100110111
1110000100101100101010100110010111101000101011010111001110111111010101010111010
1111100110111011111111110010100010101110101101011100000111001010000000000110111
1111110011110101101101110110101001000101010110010010111001011111001111000011101
1001101101100000101110011011110100011110110100101100001011011110100011110011100
0101000110010111000100110001100110111001001100001011101100000100110100010000101
1001010111011111011010001111001100010011111101011000101000101011111111000111011
1110111001111010100000001001101100010010011011100010111000011110101101011110101
1111100001101000100110010101011001111101011111101010011000111110111110001000100
1010100001011000010100010101110010010111000101110011111000101010010111101111111
1001001011111001100101010111001100101001101010011110000010100100010100101100011
1101111001111100000100110100100000010010001011011011011100010011000010101011010
011100100110110111011100110110011  00011000110100001000111110011101110010011011
000100111011001011001111010111010   0000011011011110111010100011100000011101000
1011011000011100011111010100101     00011011 1011101011011010110011111010011010
011110101011010110100111000111       00100  00111101100000001010100010100001100
100101110111111100101100001011                010010110010001110011110101100111
0100100110100110100010001101011                1011000111   1001001111110000110
011111101111010000000000011011111             00111           10001010011000001
0100011000101110101001011001011000010                          0000011110001100
100110110001011101101110101011110001100                       01110111100110100
00010010011011111101000001111111100000100                     00111110011101110
1110000001000000010011100000001110011000011                   10010010101110010
010010110101100011001010100010100000001100001111             001011001101011011
001110000010011111010100011001001001001010101000001111      0100110000001000111
0011100010111000110011100010011011001011111111110010100000000100011101011001110
0100001100101000001000110010110011010110101110100000000101000110111001010001100
1110110001111110101101101000000101100101001000101111101101100000010001000110100
0100001111110001100110001011111110110101111111001000100000011000110000110001000
1101100010111010001000110111111000010001100110110010110111100110011110001101111
1101110011100101111111110100100010000000111110110001101111010101111000111100010