1110000111111000011001110101111000010101000110110101000111011110111111110110101
0110100111011101001001100010101110010100000001110111111110101111011101011000100
0001011010100001011000101011110100111100001100011111000011110001101101011001100
111100010110001100100001001111111100111000    010000101011110101110101001000010
010011011000100000010001001101100010000           01010110110001110011101100000
101111000111111011011011001001100110                011001001111001011010101000
001111000101001110010011111001000001                   011000011100000111101011
0110011101000101110001111111011010010                     011011100010010010011
01000110011111001010100010001100011100                      0110101111011010000
001100111111010000110101001001010001110                101100110010110000100111
101110111001010011101001100000010101001                000010011011001000101001
1001100100100011011001101111100110111111                  100100111011100110011
11011110110000010010110111000101111111001010    01          1011011000001101111
1110001001010010000011001101010001010000100     10           100000011110001100
100100011000111100010100100 1001011100101                      0101101001000110
0111111010001111000010011      100110100                        000001100011011
10111001011000010110000111011     0000                            0011110000010
011110110101111011110100001011     000                              01011001111
001010100011100100010101100100110                                    0010101110
1000000010011110111010010000101001     1100                          1111101111
110101100110000011010110111001011010 0100101                         0100001111
01011100000011111100101000100011110110001001                         1101100010
100101001100100111111011101000111011100100111         10          1100101111001
110110101001100010111100010010101000101000011          10    111011111011110010
000111011010100010001001000100010111000000100                 10111001001100011
01010001100111010011111011011101001011111011                  10010000000011101
1100110110011011000000100111010101100111100                    0000001000000010
110110110010111010001001110110001111001100                     0101101001000000
01111100100110011110100011111001101101011                      0101100110001011
0011111001010111001101101100110100001000                       0001001011110111
11110111101100100111101010011000011110                            1000000101110