                                                                               
                                                                               
                                           00          1                       
                                                       10                      
                                                                               
                                                                               
                               10 01     101101100                             
                               001100  00000111110101                          
                              0100011111100100111 110101                       
                                00101100110111110     1                        
                                   101101101010100011                          
                                       1001110100010000                        
                               01   000010100110000000001                      
         1    1                 1  110000 00101001000111001                    
                                     00110111100100111101010                   
                                       101111010011  0  0 1                    
                                       101110110111 111011                     
                                        000000001100110100                     
                         1              011  0001111110110000 10001            
                                       010   0111011000001111011011            
      111111                         0100  100100010000101010011100111011001011
      011100011010101011101011001  00010111100000001111001011111110101011100001
       101000010011011111011111111000000000000010101101011010111010100100001000
             010  0111001000  1001101011100011000110111110111001011011111010101
                        01110          0001111001011101011001000011000111011100
                                        1000     001101011011 01110101001010100
                                                  0011111              00001110
                                                  00  1010                     
                                                                               
                                                                               
                                                                               