100001001111010101111111011111110000  10  1001010110110101001101110101111000010
0011100011100010110101001100100011000     0000111001010010101100101101001011010
10110100000001001100100011000100111000   00100110001110100110001000010100010000
100001011011000000111001101010   10         00100011000010001100011111000010010
110011101000101110011001110010              10101101000010110011000101110000001
0001101010010000010111100110110             01111111001000000101010000000001011
00011101111111111000010001010101           001111010100011101110101001001100011
111111001011110001110101111100101        11000110011100100001101100110010011100
101011100100111001000101011111001       110110101000001101010000011011110001101
100111011111000001001011000000010      0100100010000001011000111000000111111011
11110111011001100001101010111  11     10000010011100000101011010111010001010110
011010110000001001111011011          001111111011110111000110000001010111110001
1000101111000111010111101010         110110001111001100001101101011001100111101
01101010011001011011110000111        111000111101000101110010010011001101010000
01010111010101111100011100111       0100001111010110100110011000100011000101001
010100011110101001000111100001    0 0100101000111110111101001010110001101000010
010100011111111111010111011001      0101110100110010011010010000111010101101010
01011111110010101100111001001      01100011100111011001101001000100111111011001
1011101010111110010101010000101    11111000010010111000000010101100110101011100
0010011100000000001111101111001100 10111001000110000110111100111101011100111110
10010101001101001000010111101100110 0000101011001110100011100001101000101010001
00111001011100001000100111101001111 1001100110010001010101111000011011101000000
1110101010110110011000111011001011010010000101101011110110101000111010011101110
0000101011001000000000110100111010101100100011010111100100111111100001110110001
1000001000011001100111011111111000101101000100100111001101111011000010011010100
0001101111100101000100001100101001111101001111110110101010111011000111010000011
1101011011011110011111001110011001000100001110111011010101011100111011011101100
1010110011000101010101110011110001000111000111001000000011100010100101000101001
1000110100011001110101010001100100100000110011010101110011000100111010110101100
1000001101010100100010111001001100110000010001111011011010011101011101001001011
1110001011110101010110001011011011010111010011110101100001101000110101000001011