1100011001111100000011000011010101110001000100110101111101110010100011111101101
0000000100101100001000100001011001010000110101011110011011000000000001010000010
1000010011010010010101010110010010101100011001101101110011011000011111111010100
0000011011011111000100111100110110000101100010000000100010001101111000111011010
0110001010000011011101101001101101011111111001010001101011101101110010010000010
1000110001000110000010111000010010110101010100000011110010001001110101100000110
0010101000010010010110101100000101011001100100100010110110010111011101111010011
1001100010000101010101110010111110101101110101111011001010010011100000111100001
1010010010110101111001001101011101111101101100100111100011010110000111100011010
01100000010011010110010           101100110010101001101010100100101101011111110
10100101011100110101100011110            11100110011101110111100111010010111000
1101010010001101010010                                1110101011100001100110100
00001110100010010110  01111001                                 0100010110010110
11101100001100111111010111                                               110000
110010101111100001000101   0101    11                                          
00111111000000000100011011101   10011001110110                                 
00101010000101011010010101001 01110001010011010                                
1101001011111010001100010110101111100110010111100                              
01101011111010001111001001111100110011011100100101101101011010                 
0011111000110011100001011010100111101111011001001010110100011010000000         
0101010111100100101110100111111111111101110001000111001101000010101100011000111
0110010110110100001000000101111101011111011010011001100011110110001000000111100
1001100111101001001111001001101001100000011100011010011000100000101001111100111
0110101011011110100100101011101010001010000111110100101001111001101000111000111
1100010001011110100001110010000101001111100010110010011101100000101111101011011
0100110111000011110110001011101001001010111101100010011000110100111010000000100
1001100011110001010011100100111111010101000100000001000011101000011010110010011
1111101111000001010111000000010110011111011010001110010010101011101100011110001
0001001011010011011010001111000100011111100001010010110000010101110110000001101
1101010111101100011110001100110011111000101010001101010111100111100110100100010
0011101111010010001010101011101101011100100101100100111111111010111010010111110