0111001011000111001100010000111000010100110110110111000000100100001101110111   
11111100000001011010011110111011110100001110111001111000111111100111010001111  
0000111010010101100000001100011111101011101001010100100000111000001011101000101
1001000001000000110101011100100100001000010111100111010101100101111001101001010
1101010101000011111010101000111011001001111100011101001001101011001111111001010
1111010000111001111011010010011010100001111111101100101000000111011101000101110
00001100   01111100100110011111101001001110100000011101100001000101001101100000
111010000       001000011001111110100011100011100000111010101001110111100011100
011110001           00001110000000100010000011011111000000010101101111100010100
0000101001110           0110010000110110001100011001010110111100001111010110100
001101000010               0101110001000010100010110001101010100010111100111111
11001101110100000              11   0101010100111000101111011111001001001010100
110000111111100   0101                    000011000000111100010010101110   0001
10001111111100001111100                          01001111011100000010          
0100001111101010110010110111                            0101                   
1100001011110001110110110100000                                                
0111000111010101010011001011110                                                
10111101100111010011011001111011010   1                                        
01000011100100000111001111111011010100110111                                   
001010011010001011101110010110100011001011000011011                       01111
1101011101110001001000111010101111101100000100000010111011011011111111001100110
0001010111110100001110110100100110100001100111110110001100111110110111001111101
1100001011111111101110001101111110111111000111100000000010111101001111001100011
0110010110010000100111100111101010011000100001100101010100000101011000010000010
0100111101111001111101011100010111111010011110011010000010000001010000000111111
1100001100001001011111010001110101111111010010101000011010011110110010000010110
0011000010100000101100111101101001011001011010100110001000100001100110000011111
1000110111100101011101000111000001011101010000011101111010000100000110111100010
0010101101010011010100011000110011000101100110001101011001011110010011111000010
0100100101010110100010001110011110101000111001111111001101000100111010101010111
1110100011101010100111110010000100011110100010010110111011100011000011101111101