11000101110111100101010111110100 10110111                        10011110110101
11110001011100011100011010010         011                 110011001001100001111
0000011110110101101011101100                           100111000101000110010111
100110001111010101111000100                         011110000010100111011011011
1101111100111010011000001101                     100010101110101001011100110101
1010001101000000000100111110                   00100000011011001001000011100110
0001011000010000011010001010                  000111001110100110100010011111101
00110001110110111111011101010                 111010111010010111001001011111000
01110011000010001001111011010                0101010101001011110111101000000110
00000111010110000010001111110               00110011000100000101100011100010100
110100100101111111011010000111            1100010001100011110111000001001001101
011101011100100001000010011000           01001000010011110001110111101001001111
01001100001001000100010010            10110011100101010000000101101100010001101
01011000000111110001011101            01000011001011110010001010010100000101011
01101000111010111110111110             1101111100001001111010000010110011000111
01100001100110111000100100             0100000110100110010111101011110111001001
0101001111100001001011010111       0   1111100011100010100100101011001111100111
101010011001000110011110000001011011   1000000010100000110111111110011111111110
001110111010001011100001111111011001   0111110010000010101000111101011011011100
000011111001101110110001001100110011  01100100101001100110001111111011101110011
111101100111111110010000001011001010  10101001001000000001110000011110010101011
001010110000100001011111001101100110  10000000101011001101011000101100100100001
01101111101010000000101101001110011  100001101100000111100110110010010111110001
0000001101000110111110111110100011  1110111111000100000110101111110101010001000
1111100100111100011110100100000011  1100010000110000000000101111011100101110100
1100001101111000101001000000011011101001111101000111001101101010010010001111110
1100011101111000001011000011100000010110110100001101101111111111011111001111010
1100110001010010111001000110110100011101011111101110101111000000111111000000101
1001011101101101100011000111010110001110011111011011101100110110110101001011010
1100010000010011001101010010000111110011110100010001100000110111101011010101110
0011100011111110110101100011110110000001011001011100101010001111111010000011100