1111111110010110010100111000101100001001111110000111100101101101111110111100001
1011100000011101101100000000100100000100001001100010101001100010011000010010001
0100010101011101000000110010000101101110110110010011101111010111100111010100010
0000000110110111111111001011001110001111000101000110000001000000110001011111001
0011001101010001111110011111110100001100000100111100111111000101101101010111111
11000101001011111011100001111110101110001000000100001100001          1001001011
111010100101010001010010001001111000110010111110010100011               0100100
011110011011011111001100000010001101001100110010101100011                 11000
00001111001111000100110100000000001011101101101000011                     11010
1000110011101110001001011100100001011010011111101101001                   11000
0110100111010110000100001000100110110110110110110001001                  000011
1011101010001101101110001111100010100100011100011010110                  010001
1111011110111110000011011010011010010111101010110010101110                 1011
1101101010100010110001110100 1   110001100010010001000100                   011
101001101001110000011011110         0010011011010011011011                   11
0110101100101100001111101010            100100111111101011111101              0
00110100010111010000111000000110011        100100000100101111010               
0110110111010011000011000001001001110         0001001                          
00010001100000011100010110100101000100111                                      
10101110001110110001011010010101011000000001                                   
1110111111100101000100111010011111011100010100111010011111100                  
0010101100001001101110101010100011100001000000110011010001010                  
1001111001001111011011001110101101001011101011100101010010101                  
1010001000001011011111001110100111101000101010011100001001110                  
1110100011101000011111010001001010100100111010001111100001101                  
100011100101110101111001111011000110100010100000011110011000000                
1001101101100000111000100101010111011001010011010101011100001010               
11001001101000100110001101101100001100101000101100100000100010101              
01000010111011101101111100011010001101111101101010010111110101111              
1000100100010110001010110111011001111101001011011110111111111                  
111100110100100010001011111000010010111111001001011011011010                   