0100001101100110111001100000110011001000000111010110100111001101001101111110111
1110101010001000101101011001001000111001001011000110011011110001110011011101111
0110110111010100111110110010101111100001100100010100000111110001011110110101111
0110010100001111101001000001001011100110111010101010101100011100111010000001111
0101001000110001100110011101110100011000000000001111010001010101101110111000000
0001110011101010010100100000100111001110000100000010100001101100100111100000011
1000111000100001101011101011110100000110000100110101100011111010111011101011000
0011010000100110111111100111001110110110111101000110101101001011001111000110101
0001000101010100111111111110111111010011000001111011011111110001100001010101000
10100100110000101110010100    0010001100011000111001111010111001111101100011101
000011100010101001111010000001        01110011111111000001101011011011011001111
11011101010110111101010001111011000           110000010111100111101011101101100
1110101011101010111101001                                  01111011110001001100
100011101000110001001111110010111                                00001010101101
00100110110000010010111111000    010                                     111010
0111000101111011000010100000  10000  101100                                   1
111011100011011010011011101000100  1100111000110110                            
1001000101000110111100110000100110110001000100011110                           
100000100101101101011101110010100101011011000110000010                         
00101010110111111111100101111011110001000000001000111100010111010              
001010111111000111000000000101011101100111110101111000000000101001000111       
0001111101111100101101000011010011100000001001010010111000001110010010111011110
0111110011010001110111110100011000000110011110101110110110010010110101011101100
0010010110110000100100100111010010010100010001100000110111010100111001110110001
0010010000110111011000100100010000000011110001110010100100101000101000011011111
1111110111011001110100011011010101111111110001100110110111110001000000001100001
1011110001001000101110100111011010111100010010001011101010010110111000001100011
0010000011111011101111111001111111101111000000111001111100001010110111000111000
1011100111111101101011101000110101000011000011001101100111000010110100100011000
1001011000101100101011010101100111100110010010100111100010011100110000000110011
0000000001110001001011101001111011101001000101100011010100111011001001000011000