110100011101111001101010110011110                110000011101010011000110011110
00101001001111101111001110001010                   1010100010100010001001010101
110010100010010100010001001111101                  1011001010001101001010110101
1001111111000111100010100001010001                 1110010000101111100001101111
0101000111111011001001001001100000               100011011000101100110111001001
11110100100100110010100101011110101            00101010001001011111010001101011
0110111001000110001111011100111010          00001110101010011001101010001110000
1110110010011110111010000101000011         101010100101101011110001010010101110
01101100111001100001011010110101110      00010100111101011000010101110010011101
000100010100111001110000011             010011100010111010111000100001110001010
010000101101000111110111001            0000101111100010011110100011011100001111
1110000100111100100100010101           1010111110101001111110111010011101001101
00111111001010100111100011001          1001011000001101100010110010000001111101
10001010101101100001000110100         00111101010101101000101000111110111010100
0010110001100000011110111111011      100110001011001000010011110000101011100010
0010001110101111001111001011111     0110011100110001010101101100100010111111011
00001111101010011100011110100       1011001000100011010110010010010111101000010
10011100110000110101001001001        101000001011010001110010001101010001000011
011011001011100100100010010100111010 010011101100110101011000010111111110101110
010111010000011000001110111010000111 011111110100011000011101000000010101101011
010100011101000110110010011000010000 000110001000110010001010011101011111001110
000101101011001110001110111001111000 001011000011101111010110100001100111111100
000111000000101110001000001101100101 000101110110111111000110010001000000011010
1000111011111111100111111111000011101000001110110100110001110001000111010000110
1110111010011001011101100011100110111001101111010000111000101111100000101100011
0101100111010101111000100011111010011111110011000010000101100001100000110101101
1100010101100101101100100101101101100101100110001010111011110100000011001010100
1111101000000011100100111011100101100011111101111010000101100010101001011101110
1111001011110111110110000110011001001110111110101100100100011101100001101001011
0010101011011011101111011111001000100010010100101101111101100111110010001000011
0000000000111010110000101101101100101000011100101011010110001010100111001001110