10101000001000000100111110000000111  010010111110011101000100101011111010101010
1110000110110101001010111000110111  0100100110110010011010110100101100110111001
100001000011100011111000000101010   0101000110010001001100010100111010101100001
0000101100010111111011111111101001  0100101011101000110110100111100111100010101
11011111100010010010111010000001011 1100001010010101011101101101110000111101110
11100101110111111110111101011010000       1011010000111000111110110001100011011
01111110100000101011110101011              000010010100101000111101100101011110
00001111010101111101000110101              101011100011011101111010001000100110
101000010000101000101100011111            1110000010111101010001111110010010111
00001011001011010101111111101100        110010101010011010111011000101001001001
01100000101100010110100111001000        100100000011011101110010111110101110101
000001110011001001110100101110100      0101110111010010101100011111001010100101
010111010111110101100001111111100      1000101110111101011000101110110110101010
11011110110100100011101001000         01110000000101101011110101101010100010111
1101011011001000111110000111         011111001110001110111100001100110101001111
01110010001001101110100111101         00011111001011011111000010011000111110111
100111110101011111010101010110        11110001100000111110100111001101001001101
1011101101110011000111111001001      000110110000011011011101100011000101101010
00101010011101101101110100110001     110101010000111101000110111100001001101011
011110010100111111010110111001110     10000011011001000110000101110001000111001
110001000011100000110011110110010     00111001000011001100010010001100110010101
0111100110110010101001100110111101   111011001010101010111000100111111100100010
1101111010000010010000001000100011 00010110010010000001001000100111101000101101
0101000110101001100110000110001111 01001000010000010111111100111011111100010001
1000010110111100110111101011001010 11101111001101100001011110110010010000000011
0111100011110011001111100100101000001010011010001000011000001101111011111110101
0010011101111111111111110111010001111101010110110110101111000110000110000001011
0010101101110110110111001011011111101100100000110011000110001010000011000111110
0001101101101110011001000101101011001010100111011100001100110101010110101111011
0100000111011101000001101011011101101011000111000001101111010000000111010001111
0010110001010101110101000000111000101111100110001010100010100001001101011011110