01111101100011001001100010000001111   00100110111010110001110011101100100010001
10010011010110110001110001110110010    0101110001101100010101000001011011110110
101000010010100001000000111011            0001110101100011111011110010111110001
01010110100101110011111100110              010100110110111011001101000101010000
101111100101010010001111100010            1000000000011001100100111001101110101
10111110010010011101110111001110         10111010010110111101011111111000011011
11110001111000000010101010010000       1010101000100111101000010000101000110101
10101100010000001000111011110110       0011100001001001101100000001111001011011
011011010000101001100000000111001     00100010101100110100100010101100010010101
0000000100000100101010011011         011001000000011010100011101101101111010000
1011000010111111011000011101         101011100110100010001011001101101111010010
10110001111001110011000010011       0110000001011110101100100110011011111011100
01001110101111000100100000010       1001110111110111010000100011011000011111011
0111000000010111011010000111001    10010000111011000000010001111001011011110011
1110110000110010011100010001111    00000110100101110101010000001110111010101100
100000111101100111100111100001      0100000001000001000110011000100101100101010
0010001010001001000011110000000    00101100001010111100011111110000100010111010
010111111001100011100111000001111 011101011100000101001011101001110010001110110
0101000010001111001010010011010000101011110101011000001000011101011110000011010
1011111011111000110010110000111110111011101001010100111011001001010100010000011
1101011000111000100101110000100001011001010101111100000001100010010111010011000
1011111100010100000011010011011100100111110001001010000010010010101011100000010
0111111101110101010000110011000101111000010101001111010110010110010010100110100
0001100111000101101111100010111111101010101100110010111000101001101011001110001
0001101011101100110010010011100100111010111000100011111010101011101010011010110
0001101111010100100001011010100110011000110011100100101000011101101011001100001
1110111111010111011011110001100001010000111101000101000100101011010010101100110
1101001111001000101100100110010100110010000111011001000001100110111110000110000
1011111111100111110001001010111110010100001110111010111110010000110011110101111
1001101110000011010101011111100001011011001101000110111111101110110111011000000
1101100001011101001111011101101000010111110011001101110110011011111110010100000