0011000000101111011101000101110110011011000001111000110001100000011001101101   
0011000010101011101111110110 00000001110110010101011101010001111111101111010   
000100111000110010101010111110   01111001011111000001101100101100011001100011  
1100110000111101110011001111  1     101000110011111011111111101000110010000011 
1101011101111001111101101010          10101000100000110010001110111111111001101
010100111111010101011010011011          010110110000000111010110101111110111000
00111101100000101010110001101110          0000101011111000101110010011100111110
011101110001110110110110100110011100            1000001010110101101100101000101
10101001101101110110110001001111011000              111111111100111101001111101
01110110110111001001101001001000000000000                0001110110011101100110
001101001111001010101100001111001111000000                     11000011111   01
000101000000010000101001000010000101010101110                                  
10010000100111110111100111010000010010000111101110                             
0100000010100100000101100010010010011000010111001000000                        
11110010010100101101000100001000100011110010100100010000011  1                 
01110100000001101001000000001010000011001000001110010110100110          001    
0011110101111011110111110111001000010111100100011000010111011           1110111
100010001110011011001011100001100101001100011011000001001000                100
00001100010100010000010000100011000110110011101101001110110                    
00001010111000101000000100111000010001100110110110101110011                    
00011101100111011110001001110110111001111000000010111011011000                 
1011110000000111011011101100000111011011000011011001110001101100110110         
1010010100000110111011011101111110011011001110010111010101101010001110         
1101010110000001001111110100110000111010010111010101010010011000101111111100111
1111110011110001100101111101010100110110001101101011000011101001001111111101110
1010011001100110110111100010100011000101100010111000000010101010110100100001111
0101100010101010101000111000110000100001101101001101101111111101011010011010000
0101110111000000011101001001101111110010001011101000001100111110101001010101110
1001011100111011001000111110001001001110110100100111001000111011110110010011010
0110110000000111110110110101011011110110010100100100110000000011110001101111111
1000110011011000110011001011100000110001100011001010000010011000110011010100010