1010011001000000010000111000011011001000111011101000000111010001010000101001100
0101001010100011001010010011000100001001111100101100011101011101100101100010011
1010000011001100010011001001010111001100101110011001011000001100011100101101110
010100001011110011100010100110010101101100000100110001000000000000    110011010
11100111100000011011101111100101010010001011110110011000001001              111
0000100110110000010101011001001011101000011001010100110000101                11
100011000000011110001101001111101101111101010010001110001010                   
111111010000011100011001111111000001000110101010001001111                      
01011010010110000110000011000111110011111000111000100101000                   1
00100010100101010101010101101000010000001101110111001000011                   0
11100011110001011000110011111000000111010010101111111010010                   0
1100011110111001001100100011000000100001111001001101100001100                  
11111101110100010100010010011101010 0110010110110111001101110                  
010111100111111101110100100101        1111100000111000101100000                
0101110010110001101100111011010           10000010011000100111001010           
010000000110011100100101110010001110          101101000110100000100            
001111010001110110001001101010111100111          01110110       10             
1001100001111100101101110100101011101011001                                    
1110011011011001010111000010101101001010110011                                 
0011000100111000010011011000011001011000110000101011100010010011               
0001101100011110100101111000101110111110111011000001001110100001               
1001010001010101110110011100000111101011111000010101110000011101               
10001110110100100101110010010111010110001000100100000001101001011              
01101010001101101010111011101111000001101010100111100110010010110              
010101111010001101100110110101001100010101010111011110111010011100             
11111011100011001001101010000100101110000110101000010101111101011110           
111111011110110100111010000001010010110100010010100110011011011000001          
110100011110100000000110000000011000110111011000100010011000110011100          
11111111101100001111100010111111111110110011000110110110100001110011110        
01000110110010001000001111100011111100010001000010001011110100000010001        
0101100000010001110100110110110010011100010011001000000101001001100010         