00101110111011001100001011111000110      10010110010000000110110111101111001101
00101010000101101010100101010             1000111000011110000100010111101110101
00110100101111011101010010111              101100110011011100011001101100011010
10100110011000010101110110000             0100100100111001010001001111011110010
0110000001010101001101110111010          00001001011110011100011110011101101111
01111000101100100001010000010110        001000001000100111110111011001111101010
00100001100101101101001011101010       0010000011011101111111100101001011010111
110011011100000101010010100010100      1110110100010010101100001000000111100011
00011000110010001100011000100         11110010010111100111110001111011010000100
0010100101010111010011110110         101000001100001111110011011100000011100001
10000111101011010100100000001        101100010110101100001010100010110010110100
01111010110011001011000001101        010101101000101001111010001000001110010100
100011001010111101011100100001       011000111001011010100111111010110001101101
100001101011010111111100000101010   1100011101101101011101001100010011010110111
101101010100100100100000101100011   0100100010111011101011000011111100111001101
00010111010110110110110101101001     111111000011011001001001011010011101100011
111111010001000001001110100111011   1100000010101110011001100111101011011001011
110110011101101011110000110101010 010110100000111110100010011000010101100100100
101101011001010101001001000011011  01011001111011101000110001111101110111011011
1110101100000111001010100011010100 11100000111011011001111001001011111000111100
0101111000110000101110100011010011010001100110100001001101010110111001000001001
1000100000101100111011101010010111000111001010011100110000010010000010101101011
0111111101000001011110010000010010011101001010000010110000001101111001011000011
0100111011010010011010011110000000110000111101000100011110101111100110011010110
0110111001110100000010111110011111001001101010010011001010111000010010001000100
0000101101111100001101011010110111000111111111001100111010011110111000101011110
1111110010111111110111011010111000100011110101001011111101000001110111101111011
0001000100011101011100001101000100001101011101110100010010001100100100000011000
1100100111011100101110010011010011000110101111000011111110001010111110100100101
0010000101010110101110001001001101111101100001101011011010111011001100101011010
1111001011100111010010011010011111010001000100011010000110101011111001010010100