1101010100001100001000010011010100000111101001100010001011001110111110000101011
0010011100111001110010110010100101101110110001101101001100000011011110010011001
1110001110110100010001110011110010000011111011011100010000110010000000000000110
1110010001010010100100111001111100110011001000000111110011001000111100100110100
1001000011011101111010001110111011101011010001011000110111101000110010100000110
0101101101111001010000101110011110110010100000100010000001000010110100101010100
1000101011110011000101001001011100000100011110110110100000001101011110100010011
1011011101011001010000111000001111000011000101101100101000010100001110000100101
1001110100110000111111010000010011000011010101011101001110110100000110011010101
1101001110111010001101000111001110100101001101100101101011010001101101101011110
0111011010001010101111010110010101101011011111010110011111000001110110100001111
0101100000000010110100101010101000000010001000001001001111001111110010101111000
0010010101100110101110010000110110001110000110110011110110110010001010011010100
1001001000001011001001111100101110101011110101010100001011011101011010011101110
1000101110010100001010101010001111000101010001100110101100000000001010101111101
1111000011100010101001001100110010110011010101110011100010101100111011000111101
1010001100101011111110010010011001110101110010010000011010011010010101110001001
0101110001001010001100000011110110000100110111010010011001000100110101111100001
0101101101111101100111000010011010011001000011100100010101001000100000111001000
1010010011010000001101101001100101001100010111001101101101011011100000010011011
0010010011110000010010111100011001000010101101000011011100011100011100100110001
0011001101011010001100011011001101010011110111010101011011100100110110101101011
1101010101011001100101011101011110001010010000100110000010101110011101001010110
0000010001011110110111011111010100001010000011011100011100001110001000000101000
00010001101010100001001111111111010001   11001100001001011001100001111000010000
110101011011001001000000100111001011100     11100001001000100110011001111101101
00011011011001000011000110011000000   0011    110101111001100011100111110001111
011001010111011001110110110111110000001   1      011001001010100010010111011000
1010011001111100110111111000101100010100           1100011001101110101000000111
0010111111111000011111010010110001    01              0111111100110010101101010
10101001010001001000001111011010011101100               01011111001101100000101