010111100011110110011100001001010010001001   0110000011001000000001000100000011
11001111001100000000001000101111              110100010111001101001100011100000
1001100101110110011100100111101                  110010011110110101001010100000
00011010000010001010001101010111                 001000101110000110000111000001
000111001001100111000101111001000               0111000111101111101011000110000
1111110001101110001001111011001001             10111111110001101000100000100111
1111101001110001011000111010101101          11011001100010111011000000010001110
0111000010111001100001011111000010        1000100010000111000010111111011111100
1000001110011100111001000000001000       11001001011100011001111111001001010010
1010111011101110001010110000    11      010111000111110111011000000000111001011
100000110100100101001010111           10110101011001101111011000001010000100000
101101110101110011101101011           10111001011110110101111110011101010000111
0010001000010011010100101111          10101110100100011010110101001001101011111
10001011111000010010110011100         11000110010101000010011001001101110110101
011011001001010101110101111110       010110000111001010100110100001100110101100
1011110111110011011001111010001     0010111010111101000110100000111001100110000
00100101100001000111011001111       0000011010111011100001010100010001001011011
01111000101101110100011001101       0110010100111011110100111010011111000010111
100011001111001110010101001111   10  010111110111100111010000001111001111010100
100101100010010110001100010011000000 111010000010110001001001101100010100001100
000000010111111100011001111000001100 100000010101111001000100011001001100011010
011101101101011110000010011111000011 000100000111101011010000110100011101111110
1001101101110010000000001010010101000010011010111101011011000101111000000111111
0011111011000011001101000101010111110011010010011111011010100100100011011011001
0001011111000101001100011011100001011011010010011111001101101110111101001001100
1011011111101011010101000111110000100011110001111001101011100000001010101011111
0101000011001111001000010010100110000101000100010110101110011011000100110100110
0011101110000000111011111011101010100011101111101101111010010101101101101100111
1110111100010110000111001011110001111100110111001101110001011110100011101001111
0010010101110011110011010111111011111001001110000100101111110010011001010101110
1011111111010111111010101000100110010000100101000010101110111101110000101101010