1000101010101100010100010100001101100011011101000100010101000011010100110111101
1111111111010000010110101000101110101011001010000000011001010010111011011001010
1100010110010101010010011110001111101110001100111101101111110011010011000011101
0111001110101000101111110010011101110000001110010010010000111010000010110100010
0111000101101011110011001001000010001000010000010110101100011111011011100010100
1110111001111100011100110001011110111000000001000001101011101010011010000110010
1011101001000010100101011100101110111111100000100110010011100001010110101000101
1110011000010111101000101000011111111101000110001111011101110101000101111011111
01101001101011011110111101011110111111111           011101010101101110101000111
1110101011110110011011111001010100100001              1111111111111101110010100
00101001110101011111110110001111000101                 100001100000010111000011
010100100010011011011001111110100001000               0110011110111100010111101
01010000110100010010  00000001111000111               0001111111101010111110100
00101101110011011011    0000100010011100              0100111001010110100111100
01111110101001010001010   010111110000111               11100011000001110001000
101110010000110110111101    10110011110100                000000011000001001101
11100011010100011110001101    0100101110100111               101000000111101111
110010111001011000110110100     010101011011101                0110111010011111
00111110000101010010111100010     10111                        1000001010100001
0010100000000011010011111110001                                  11111000100011
110000110110110110100111000110100         100                     1010111000111
101011010111100101100100110101110011111101011                       11101101110
00100011000110010100000101011000001011001001                         1111111000
00101100100100011011001001101011001011110111                           00110000
011010111010111110010000111101010001000101110                           0011101
0101000100100100110011001001011010   010100001                          1011011
0010110111001100001010010001110111                                     10000110
1111111101111110101001000100010011                                   1101111001
01000010111000101010101110110010000 1                        001001110010000101
1000101101001011000111010000110001011000001010111            111111111000000011
011010101011100101001011010011011001010110010110                010000111010110