0111110111011001110010011111100011111111100011001111100011001110011110110111010
0011001101100100111010100110111000000100011010110111110100101110010111110010110
1101001111111000011111001000001110010111101110001100010010001000001101101111000
0111101110110101001110101010001011110010011010001100100010000110000110010101100
1110100011010000011011010010110111100011110101011110110001010100110100111001011
0010101000110001011010001110110100111110010011111010111001110000100011100011000
1110110110101011010000010101000011110001100001111101001011001010100100111100100
0000100010011001011101010111001001010101011010001100101001000001100101110010100
11001010100101101001       1000010001001000000010110011000001011011101010000001
0110000011000010000111000001       00011101101010011110001001011010011010001111
101110010011110011000001010000             001111110010001001110101111010011001
010101010011101110111                                   10011111100100111110000
100011111001110100100001011101                                     011001100101
1110100011011110100101010    101                                              1
10110100001110001001100  010011  1111                                          
1100110111101011110100110101  10000011100010101                                
0111011110110111101000000010 100100011001011110                                
1100101001111000000111100000010010001010000110101001011                        
010000001000101111111000101111010111011111110000111110100101111110             
00000011010111101101011111011001010111000100111011100111110011111011110011     
1000010101001011001110001100101001111011000101011101000101010110111100000111101
0101110101001011110010110001001000100010111011101100010011011001011101001101010
0100101011001100110001011011001011011011011101100101000001101010111110001111001
1011110010011100100011010111110110101111011111111111010100100100101010110000110
0001101011001010000001010010111011010111111000010000001100010100010000001101101
1010000011011000110110011011010001111011110000110110010110010110001011011011001
1100100101101110111000011000001011001100010100010010011000011111110101111000000
1010011001111110001001000010001001111011011100001010011010011111000011100010110
1101000001000000011100110110010001010101101000101101000001001000011101001101100
0001110101000101000010001101110110111010111111111001001110001010011001110101010
1111111111011011011110011011101111111100001010010101000101000110101000001011000