1111010111001011001000011110111001011001001010001000100001100100010010110100000
0100000001111001011001110001101001000011101101001010000001100000100100101000001
1110000100111011000011000100000001110100010100010111010111101110010000000010011
1010011000001100101001110001110110101110111011110101100101100101010010000101000
0101111111010000101011010011110000011110100001101100010110111101010101100001001
1010110001010100011110001001111001100100010010100000001111010111111110111001010
1110011011110101111100011111001000000011010110100101100110011011000110011010010
0001100010111011011000000011101000101101110110001110101111001000110011100011100
1000001010001011110110110100000111000111001110000100000101110010101111110011011
0111000101111111000110101111000110010011101001100101001110100101100001010001001
1001010011101011110101001001010011001101111110100010110111110110100100011111010
111101001110000101        01111010101101101110000110100001101100011111111000010
00011100111101111111111          0101100000000011110111110100000001000101010101
0011010110101010000                   10001100101110001010111110101101000101101
111000101001000011001111111                 101     011100110101001011101001001
1011100100000001010010    000                                            000010
1011010010000100101101101001   1                                               
101011001111110100111010111 00011010                                           
01101011011110001100100010001011111000110001                                   
011001111111111111000010101001000000101101100                                  
100010001110010000010001110000010100011011110001110100100                      
10101111101000111001011010100000111011010111101011011100011100101111111        
1000000010011000111000110011011111110011001110101101000011001111111110110000011
1111111111010000110100010011000001111000010110100000001011111000000011100010011
0101001000010011100001011110101010110011001100011110110111010101101011010101011
0110100110100100011111010110000011011111010001011011100100010110000001011111010
1011000111001101111101100110100011000101100010000011101001001101110001000001110
0001101010100010101010110110101111101110010100111011001100111011110101000100111
1011001111110001110010100001110111110000010100011000111010000010101000111001011
0011101010000011010001101011010111001101111101010000111101110100011010110110110
1010001001001101000100001010010111010100011000000000101110100000101011111010110