111111010111110111000111001011001010000110111011001010011001000101100000001    
1110001000100111111011100110101011011100100000000100101011111101000010111010   
00011101111010110000100011101100100011000110000001000001000101100010110001011  
0110011001011101101000111110000000000101000100000110001110101011011011110101000
100001100    011000011000011010001000001100000001101111001111011000110010110110
11001010000      00100111100111100110011010101111110010110011101000001111011010
1011010001           1010010000111000001111101000000010100111100110100110111001
10111010010101          0101111000110010110110010111000000110110110001101000101
101101000000               0101011001110111101000001001101101101110100010000011
0000110101011110               000 01100100000000001111101001111011110101000100
111101110000100  00001                 0011001101100111001101101101110110001000
101011100100010011101000                   1110001111101001100010001111        
0010111001110011101100011110                    110110100010111011             
111110010100011110001101011111                        111010                   
010000100100010110010001111011                                                 
01011001000100001010110010101001100                                            
01010101111010101111111000010101000001000                                      
011111100101010011110011100101010101110010111                               000
11010111111100101101101111011011001010110101011001                1111001111101
1100011010111010110011000101000101100101101100000111111111001000001010100011111
0010010011100011101110101001011000100110001111010110010001110011011100111011101
1101111010100100111001101011110010101101001100000011100011011010101011111111110
0101010000001001010000100110100011110010001000010100100011100101000100101011100
0110100100110101110101111000111101110100110101001011011011010100100101100000101
101000011100000000000010110001100011100001100100010000011        00011010011100
00011001110010111001010001011001001001000011011010111               11000101111
00101000001000100101011010101110000101100011000011011                 011001001
1111010001010111000001000000111001011011111111100010                    00     
10010011101111011101111111111100100010110001111010001                          
01101001000111010001010001100001011011010111010001101                          
0000011010001000000100001110000100001000100010010010                           