0001111100000000101001010011001000111010100111111011110111111111010110011001101
1101000100010110011110001011110111001011100110011100111111101010100001111001011
0000000110000101110110010111100010010001001110101111010101111001000001111110011
0111111110010110110001110100001101001101110001011101000000010011011100001111111
0010110011011100011110110000011110011011011001100000101100001100010000000001111
1110111111110000110100010010001010101100111001100100010100110111011111100100111
0110101101000011000001010111010011011101000000110000110010011000010111011110011
0010101110011111010010110001100100100001110110000101110001000100010111111011010
0001100100000010101110001110100101110010110110000100101010100001011111001110000
1111011101001000100010111000111010101010100011001001011000000100110010100001011
0001001001111010100110101111111010100000011001001111100000000011000011000110011
0010101111110        0100001111000100110100000110001101111100001010000101101000
011000101110100001        11001011101110011000010000100001010000110011101000100
0001000010100 0011             111100110110110010110010101100000111001011111010
0110110111101010001                01111000111000100110110001011000011011100101
0001101101010100  0011                         10 01 00010111000100000010000001
110010001101011100011   0001                                  0110110101101010 
11100111110100100001  000100011                                                
0010110111001100000100100001101110000                                          
10010001000011010110001011110011010001                                         
00000011000110111011110111011111010010                                         
111110110001100111111000101111111011011101010001001100                         
0001111011100000111101111000101001111111100100101100101010001011   1         0 
0100011110010010011000111001000100110010101011111001111001100001101010011000011
0011100110000101111010001011010011000111101000010100000101101100110011011011101
1001011010001100100110100000111101000010000100110010101100011101010100110011110
0100111011001000001100100100101010001111101000001110000100101100010101001000010
0100010101111001000100000110011001110011001010111110011000000010000011000101011
1101000101011111111001111111000010010000000011011000111010110101010100100011011
1010011111100000100110010110000110110110011000101111000010110101101100000110101
0001011101111110110001001011100010001110110011110100100011111111010111100111011