1001101100110001111110110011110100001101100111011110011000011101100001000001101
0000010001110111000011100011001011001000101111001111000011010010011010101110001
0011101100100110001100000100010011101001100001101001101010111001001101110001001
1100011000101101010111000010111110000111110100000001000011100110011011011000110
0011100101100000110011000010110010011001001101100010110101000101101010010111101
0110101001011110011010010010100011011110110111010     1110101101101100101111001
1101011010010001110010100111001011110100010110            010011101010001001111
1000101111110000110111110110000010010000111011              0100110000111000001
0010110001011001001110000101101110010101100                  101001010100111111
10011011101001000000000000111001010000001111                 010000100001001110
00100111000110011000001011110101010101000100                  00001111101100001
111101010100100011100 011001010101111111011110                  101100101000101
10000001110111011       0101100010100110000011                    0000001011011
0011110000010110101 1       0000101100100110110                0100000010111000
0101111101000010110101001        011100110001000                 01111100001110
0001110000101011101110001001           010000 001100               000000111001
01101011111011111111001010101100                 011                   01111000
1111001111000011110111001110100110001                                   1111000
1111110011000111111101000111111100111101111111                            10101
11111100110001001000100110000011000000101101011001                         1000
01011001011101101000111010010111010001101110000010                           10
11010011001011000110000001011000100001000110000011                            0
110011110000111011011101110010110000111000000001101                           1
110101100000000011111110110111110001010001111011000                           0
110111100111010011110011011010101      0                                    100
110001001011111100001000001111111                                         01011
011000001111001100001000011111101                                 1011110100110
0100111111111010000010110010010110101100011100011110010           1010100100110
011010011110111001101010110010111100000100100101000101               1010110110
110011101111010111010011001110110011010011000100100111                 11000100
110010010010101001101000001111001000011101000101100101                  0010000