                                                  1   1001000001111110101100110
                                                 10  01010011101000110000000001
                                                10  001100110000110011000100010
                                                1  0110010010111100111001111101
                                                 111110101001100000110000110110
                                                1111101000110000011110000010011
                                               01110110010111001001011100110000
                                              100010000010011010010100100000111
                                              101000011001001011011010000100011
                                             1011011010001011110011000100010101
                                             0010011100100100010111001100010100
                                                     11000011111110100000000001
                                                     10100110100011101101011110
                                                   1001010011000110110100011010
                                                  00100000101010111101110100100
                                                    010010001010100100111100011
                                                        10101011011111001101110
                                                           11101110001100101001
                                                             100110100011010101
                                                              00000000001000010
                                                               1111000001011010
                                                                111010100110110
                                                                 10011111000000
                                                                 11101101101011
                                                                 11001000100010
                                                                 11011111111110
                                                                 01001110111111
                                                                 00010011010111
                                                                    00000010010
                                                                       01100101
                                                                         100110