                                      000                                      
                                      001                            10        
                       1                        1010                 00        
                   101010001101101110          001                             
                110000111111110001011110    10                                 
               001111001100101110001100011  01                                 
             010010101101111100000011001010                        1           
            1110001011010100110000010100100                      100           
           01011011101000110110010111110111                                    
          010000110111001100111100101110000                                    
          11101001100110001110011101000011                                     
         1000100010011010011110011100010                                       
         111100011111111100010011111111                                        
          1000110100111101000000110               1                            
           10111100100110100100100                01                           
            00101110001010010010   110                                         
                 1001101011101000                                              
                  010110000 01001                           11          101    
                 1001101100 10                              11          111    
  00              0100110110                               1                   
  00              00010101100                    01        00                  
                 001001111011                    01                            
               11101010110001                                                  
             0010100100101101                                10                
           111010110101010010                       01        10               
        101000111110000110111                       10                         
      10010010011100111101010                                                  
     111000101001100110011111                                                  
     000010110010110110011011                    000          00               
     111011101001100000010001                                 001              
      010101001110000001111110                                                 