           1     00                                 01                         
          100  1000    100010                       01                         
           00          01 010                       10                         
             01                                  00                            
                                                1100                           
                              000                                              
                              101                  001                         
                                                  1101                         
                 1                                                             
    000         001           1100                                             
     00                        010                              0              
                                                                10             
                                                                               
                                                                              1
                                                                               
                                  01                                   1       
 1                          011   11                                 110       
 01                         0011      01                             0         
00011                          0      01                                       
0110   10                    10011    10                        101            
11                  10          10                             0000            
                    101                     010              1                 
                 000  001                                    01                
                  1  1101                                    11              10
                                        001                 000              1 
                                  1     11                 010                 
                                                           110                 
         0010             1                                    01000           
       0010101          1100                                   11001           
                                   11                                          
                      01           10     011                                  