101111100001010000111010000001000010 101000010001001100000111010011101100101001
01111111011010011101000001001011011   10010001100010000011100101011011101001011
10100001111111110000111011111000111   11000111100000100100010110000110110001010
1101110000110111010010110010011011    01001001001010010110100100111001010001010
1011011011110100111111011100101010    01100001100111110001011110110110010100000
0000100001010110101000101010110000    01101011000010010111111011010101110101100
1101111000101001110011010111101001    10101000110011101111000001100100001011110
010111011001001101111000100100000     11000010000010001000011101000011111000010
010000001101100111101100010110010      0001011101001110101110010100000010111010
111001101011001101011110100110000      0100110010111111011011111111111010110001
000011110010111101010101000001100      0011111110110000000100010111111001010100
100111000011100001000111101010101      1010001010011011111111110000100001001110
000101110111011111110110010111010       000101001010101100011100000011101111111
011011101010101111101101101100010       001 01100111110010001001010000111000111
010110111110010100011010 000             0  11100000101110000110101010000011010
10111000101011001101001                     0 0  011101001001100110101011011001
1011100100000001000010                              011100000000111010101101001
101011110011011011                                     110001010111000110110110
                                                                               
                                   001 10                                      
                                 00101100                                      
                                10000                                          
                                01001                                          
                                  0101                                         
                               1100010                                         
                               10010000110111                                  
                              101111011000000                                  
                              011011011001010                                  
                               001111011010                                    
                                0010100110                                     
                                101101001                                      