                                                                               
                                 00                                            
                                       10                                      
                                       10                                      
                   00                                                          
                   01                                                          
                         0 00 11        10                                     
                          01  01  0 00                                         
                         01     101        10   00                             
                      1    1    10         10   1                              
                     01  00  10              0                                 
                          0  10        01   100                                
                         110 1                                                 
                         01 01          01           00                        
                               01      111   00 1110 00                        
                        111    00 101        10 00                             
                                  0010           11                            
                             01       1001   011  10                           
                             1101     0111   11                                
                               10  00 01           01                          
                                   11 10  11       1                           
                                        1  1                                   
                                11 1010 01    11                               
                                10 0111    00 00                               
                                      11   0     1                             
                                  01   011  00   11                            
                                  00   010 101                                 
                                       11 010                                  
                                                                               
                                  11  00   01                                  
                                  01001000 1                                   