                                                                               
  1                                                                            
  0                                                                            
                                            1                                  
                                           1                       1           
                                                                           0   
                                  10111    10                                  
    0                            011000101011011110                            
    0                          1 1110010100001  0101                           
                                   00110011111100                              
                                      011101101101111                          
                                    01100010010100011100                       
                                    0001 00010101001  0                        
                  0                    110100000  01                           
                                       001010010 10010                         
                                        00010000101001011110                   
                                       100 10001110001110111    1110 0         
              111010100011            01  000000101111001010001001110001       
              0110001100101101110001000100111110010110010010110110101110111    
1                  111101101011101101100010010011110001101000011101101111010   
                            1110       1001011001100101001001101011110001001   
                                               01111     0010101001011111001   
                                               001001              11101       
  10                                                                           
  00                                                                           
                                                                               
                                                                               
                                                                               
                                                                               
                                                                               
                                                                               