          00                                                                   
                      1                                                        
       1            100    1                                                   
      11                 11                                                    
               111                                     11                      
             10000                    001           1                          
              10                       1            10     11                  
        0                                                  11                  
 100    0    10                  1001                                          
010           1    10         0110101                                          
00                 01          0001        10                  10              
                                      0000 01                  01              
                                 001   11    10                          0    1
                                 10          00   1110                 001    0
                                                   100                 0       
                    101                                                        
1                    01   0000                 1           001   1             
10                    1    11         00       11          001   00            
00                    0110           110                     11  11      01  10
               10    10110 1  1   01                     0               011100
              110        001100   00                     01     011            
   01                    00011                 11                00            
 1100                                           000                            
 001                                            000       01                   
           0                  11               01001      10                   
          010                 01            10 0  1                        00  
           0                                01                             010 
      001                              000     10                            1 
      010                              010                                     
       1                                     00                      11        
            11                               01                                