00000011101101011010    11                     10     0011101101011010011010001
10111101010111001001    10                            1000001011011110101011010
00111101111011000001                                 01111010111001100011100100
010100110        11                                  11100           1001111000
0                                                    10                1010    
                                                                               
                                                                               
                                                                               
                                          11                                   
                                          10                                   
                                   11                                          
                                    1                                          
                                                                               
                                        00                                     
                                  10 00100                                     
                                    1111                                       
                                   11   10                                     
                                                                               
                                01      01                                     
                                01 00   01 11                                  
                                011101  01                                     
                                11101101000                                    
                                  01                                           
                                      0                                        
                                   0110                                        
                                   01                                          
                                                                               
                                                                               
                                                                               
                                                                               
                                                                               