         011   111    001 001                        101                       
          01    1     101 100                      11                          
             0   11                               1101                         
            01  010                               111                          
                                0                                              
                              011                    01                        
                              0                    1010                        
                                                   01                          
   1            10             00                                              
   101          00            011                                              
    00                                                           0             
                                                                 1             
                                                                               
                                                                               
                                                                               
                                 00                                    10      
1                           0001 01   00                             0110      
0                           0011      11                             10        
0      1                         0    10                           0           
1     01                     11 01    01                        10110          
                   1           00                               00             
                 0001           1           011               01               
                011 1 101                    1                11               
                      001                                     11              1
                                       01                  1111               1
                                 00    11                  1110                
                                                            10                 
        0011                                                    1100           
       011111           011                                     0100           
         0              110         01                                         
                     010            01    00                                   