001101110000110110100111111101111       011111010001011010111110010101110100000
010001111110001010001011111011101       110100101111101000110111100101101000111
100010011110101111101010101000111         1010010011110011100110100100001000110
10010000011110100001010100101 010         010 111100011000100101001010000100111
000101001001110010001 0101  0 11          100 101110010101011011001101101101001
110010100000001111100 01010   00             0011000010100000001100110101000101
1111101100011110000100 0001                  00 0010101010001000100011000001101
11000001110011101011 1  000                  0      010111111111011011100100001
00100111101111001  1                               001 011010000011101001001000
0110000010001                                             110000011111001101110
100001                                                            0001000110001
                                                                               
                                         00                                    
                                         11                                    
                                    01                                         
                                    0001101                                    
                                  10 000                                       
                                10 00                                          
                                   1101 1                                      
                                 01     00                                     
                                 01                                            
                                    0000                                       
                                    1011                                       
                                                                               
                                                                               
                                                                               
                                   10                                          
                                  1101                                         
                                111010                                         
                                00100                                          
                                  0111                                         