                   11                                                          
            11    101                                                          
            111  111   0000101                     10                          
                  011      011                     11                          
                                               0   0                           
                                               001                             
                               111             110                             
                              100                  00                          
                                                  1001                         
      010        10            010                                             
      110        00           0011                                             
                                                               100             
                                                               10              
                                                                              1
                                                                             01
                                                                               
                                   10                                101       
   1                         0011      0                            110        
  1101101                      11     011                                      
00000110011                   00101    000                                     
10000    0           011         11                            100             
                     1011                     01             0100              
                 111                           1             11                
                  00 0111                                    00             10 
                     110           1     111                10              10 
                                  11      11               11                  
           0                                               110                 
           010      10    0                                     0100           
         111000      1   01010                                  000            
           0                                                                   
                       01         00       00                                  