                       011110  00  0                                           
                                 1111                                          
     000                          11                                           
    0110                                1                                      
                                     1000            10                        
               111    100            01              11                        
               00     11                          000                          
 01                                 110           001 1 10                     
 1       01                         10                                         
       1001                                                                    
       00                                                        0             
    00     0                                                     1             
    11   100            10101            01                                    
          1     01   0110110          1 11                                    0
               100  101001          000                                111     
                             011    101  10    001                    01       
                             110         00    1001                            
                                                1011                           
                    100                            0         11000             
                    10    010                01               1 11             
                 000     100        111      110             11 00         00 0
                 10                 0                                      10 1
                   11100         000                      111    01            
                  011101     1 10 1                       01     001           
            111       10   100 00              0                               
           011      1011   00                  0011                            
           10       001          0              100        01                  
                                000            01 000      01                  
                                 10            01 11                           
                                           11                                  
        00                                 111   1                             