                                01                       1100                  
                                            0            0                     
                                           110                                 
                                                                               
                   1001010111      00                                          
              0011111110000101011  00                                          
            101001110001101101000011                                           
          001110001010111110111010100                   1                      
         0101101010010111001001101101                                          
        11110111111111010011001001011                                          
       101000101100010111101110011111                                          
      101101010011011000001110010000                                           
      001010111000001100000010011011                                           
      10110001001001011111010001110     00                                     
      10011101000011011011110010        11                                     
       111110011011101000111110                                                
        100000101110000000101                                                  
          00100001000010011001                                 0001            
                01100011001                        0           011             
                111111100                          100                         
                0000101110                                     111             
               100110101000                           10       10              
       0     10010001110011                                                    
            000010001010101                                                  1 
         111110010010111010                          0                       1 
 00  1111110000111011110111                   1      11                        
    01000100001010101011111                  10                                
   0011111001010100011010110                                                   
   1111100010111100011010110                                                   
      0110000011101000110001                      100                          
       101010000011010110000 1                    010                          