                                     001                                       
                                     110         11                0011        
                                               1100                  10        
                    101111100110111           010                              
                10111010100001110100111    01                                  
              001111011000000010000110010  01                                  
             00111100110011100100011111101                      01             
           0101110011010000010111100111000                     100             
          00000000100011011100010101101101                                     
          01110000000000011001001100110010                                     
         00010011000010010111011010000101                                      
         1010000110101100111000011001111                                       
         001111011011101011010001100101                                        
         00111001010100110101101010              00                            
          111011110010100011101010               00                            
           110000011100110000001 00                                            
                 1000110011110100                                              
                  111101110101010                         01           10      
                  100110100 01                            01           11      
 10               0111111101                             11                  11
                 11010110110                    01       01                  10
                1011011101010                                                  
               10111001110111                                                  
             1001110110101110                       00                         
          0111101101001000010                       01                         
        001100100100011000111                                                  
      01001000100111101101101                                                  
     110000101001010100010011                    11                            
     110100000100110111011111                    10         111                
     001110001101000001100001                                00                
       1001000101111010111001                                                  