   000    11                                                     1             
    01                                                     011                 
 100                                           0          0110                 
                                                01        01                   
     011                                                                       
     00                        10                                              
01                    010      01        110               0                   
1             11       00    01          1010       01     001 0               
               1          11 00                0010 11      10 11              
        0       10                             0000            1               
       11        1           11000    00              0      11                
                              0010    10   0          110    00                
                                          001 00 11                            
         11      10                           0101110   011                    
1       000    1001                            00  01   111                    
                1                                01                        01  
                                            01   01                 01    01   
                                           1000    01               10         
                          11            10 1110    00          011    10       
                                          01             00    11     100      
                                    10           0          111           1    
                                    01           11          00000       111   
                                                              0 1        1     
                                                              101              
                                            10     100        000              
                                            11     100                         
                                                                1011           
                                                                100            
                                                                          100  
                                                                   110        1
                                                  010                         1