                                               01                              
   00                       1   0 0                                            
   0                    0100100000101                                          
                    01110000110110100                                          
             10  1101011111000001000                                           
              000011110101110111010                 0                  0       
               110110100011000010                                      11      
    1        0011101111101000000111                                    0     0 
  101       010110011011100100011011        0110                             0 
   1       0011000001000010000101100        0010                               
           01110111001110011110010    01                  010              0   
          1100000101001110110111 11   01                       00       0  10  
          10101011110011   1111001                             00       11     
          10010000111      01000011                                            
          10010000101      1010001011                                          
          0110100         1110000111010   110             00                   
           01100          111110110100000  011    00      11                   
            00  00     11 00111011100010101100                                 
  00                   00 10110001001001                                       
                           1100001111                                          
                           1010000100      01              1    11             
    0001                 100011101111                      11   00             
   11100               01110110000100                                          
   1   1              1000010000010111                                         
         10         011010100001110110                                         
     010000     1010001101100110101111                                         
     100    01010000011111000011100110                                         
           010010011110110100111100110                       1                 
         011001000010111010001100100011                      10                
          10011111111000001101101001110           0                            
                11000100000110011110101           01                           