                                                                               
                               00     0           11                           
                           01100110001001        111     10                    
             1          01101000001010111                10       01           
             0       001000011001111001                                        
        00         01110100010110000001            00         10              1
       000   1    0010110101111100101              01         01               
                 1100010101011110111010         01                             
                00001010010101110001100         01                             
               110101101100111011000101     00                                 
              10100001010101001000100 10    110          1                     
              1001010111001100000111  01                 01                    
         0    0100101100010100110101                                           
         0    01111000001     11100101                                         
 1           11101101010    010010001110       10                              
 1            1111010       10101011010000   1111                              
               0111          0100101011  1001  10                              
                             11010011010100010101                              
       11                    11011000010100  00                                
      001                      010000010                                       
                             00011001101                 01                    
                           1001001001001                                       
                          11111110011011               0                       
                      0000000000001011101              000                     
                1001011101100011101111001               0                  00  
             1011111101100011110111001110       11                         11  
            01010101111011010011010001111       111                            
           10110000000010100101111100011                                       
           1 1101001111111010010001000000                                      
            11  1010110101110110110110100                                      
           001      110101101110101011110             011                      