                                                                               
                  0      1 000011000                                           
                   1 01111011111101100100   0                                  
                  01001111011101111011101101                                   
                11011110111100101110111001101             11                   
               111101000101001011100001110011             1                    
             100011001001101010111110110100  0                         1       
            0010100110110011100001001100000                            01      
           1101011110100010010000001001100                                     
           0000011011010110010001001010                                        
           1100000000011010100101010110                                        
          100100000011111110011111                                             
          11111110010011110111101                                              
           01010101111101000110 11                                             
           10110110111011110100  10  01                                        
              1101  001100011010  10000                           001          
                     1110010000  100011                                        
                    001110010100001000     01           11              1      
                    001010000011110       011           00                  1  
     0               0101100110                                             0  
    0110            11011100000                                                
      01          00011111111110                                               
                0000100010100001                                               
            11010110000110010000                                               
       110100000011001111001111                                                
     10110100011001000001000100                                                
    1100111001110000111101100010                                               
   00010010001100111000111110010                                  0            
   00001000110010110000000011011                                               
      11101010100101101010010000                       00                      
             0110001011011011101       000         01                          