                                                                               
                                                                               
                                                                               
                                                                          0    
                                                                               
                         00                                                    
                                                                               
                                   1010 010001                                 
                                    10001010111                                
                                      01010100                                 
                          00         010001001101                              
                                       01001111                                
                                       111010111                               
                        00             11 00001011000000010                    
                        11010110010001001001011011110001010110                 
                           01000100010100010010011001010100111                 
                         1        1         101   11100100111                  
        0               01                  0             0                    
        0                                                                      
                                                                               
                                            01        10                       
          0             0         1             0                              
         00                                                                    
                                                                               
                                                                               
                                                                               
                                                                     1         
                                                                               
                                                                               
                                                                               
                                                                               