                                                                               
                            1     1                                            
                      11000010110100001    10                                10
                   101011001100000111111111                                  00
                11110101101001010110011111111    01    1                       
               0000100101110100111110111000001  11                             
              01001100001100110001110111101001                          11     
             000001011001000010001001011010001                          0      
            000100110010100000100111100010101                                  
            01011100101001011101101101100000                                   
           00100000110000100110100100110101                                    
           11101101100011111100011010011                                       
           0001010110100000101001010110                                        
           10101010100110010101010          00                                 
             001101111101100111101                                             
               101 000100001001  010                     00                    
                   11110010010101011   1                                       
                  101010011100111000   00                        111           
                   0010000010 11                                    11        0
         11         000110111                                       10        0
         11        00101100000                                                 
                 0011000011011                                                 
                11000011100001                      00                         
              0100011110011001                      01                         
           1100101010000010011                                                 
        0010100111001100011011                                                 
     1011111011010110110111101                                   110           
     1110011101001110101100110                                    00           
    01000100101001010111110100                      001                        
    11001111101001011101000010                      110                  001   
    10011000010101010011000100                        01                  010  