                                           1    10                             
  00                               0011101111010110                            
 011                          1010001100110001100001100        111             
  10                        00010110101010011011101110011      011             
  00                      010110100011011100100000110010000        11          
                 11     011101111101110101000101111100110101       010         
 0                0  1001100001001111000111100000011011010                     
 1                    11110110011001100101100010110010                         
                      0111000111000010101001 011                               
                         11 010001010001                                       
    1                       1101000011   10                                    
           0            0   101010010    10                                    
          01           00      100010    11                    101             
                              1011110010  10                   01              
                               0100110000 11                                   
                               1000000101 00                                   
                               1000011011 11                                   
                              001111011110101  00                              
                               1 101110111010 111                              
                                 10100001   0010                      1        
                              01111111101                             0        
                    1       0000100101100              00                      
                         1000000101111100              011                     
     0              110101000101010001010                                      
    001       0111011000111101011001011100                         0           
      1      01000101011100100011111011101                         10          
   00      1100001110110110100000101011001                                     
   00      011010010110010011100011111110                                      
               010000111111111101101000011                                     
      00        1  01010000110101000000111                                     
      01            1111100011100001110011                                     