                                                                               
                              0 1101010110101        11                        
                           110001100110111000111            01                 
    100                 111010100000111111111100             10          01    
    100               0110010101111011111011100                          01    
        1           101010000010010110110010  0      00                        
                   0101001010010010100110            1                    01   
     0            0001001011100001010010                                  0    
    00     1     00000010001111110011011 00                                    
             0   00100010111101101001100  0         1                          
                1000100100010010101010              00                         
               111010111011 101001010                                          
               1110011011     00010101                                         
                00010     00  0001101000   1                                   
                         11   10101101010  01                          100     
                              101110111010                                     
                         111 10101011100 000  111                              
                             00100001101111101 00                              
 01                           0010110101010110100                              
                                010100100                                      
                              0001101110                                       
                            1110110010110                                     1
                          010111001010010      01                00          10
                    010001110010000111111      01                101           
               10001110000100110110000111                                0     
        01   0110010001001011101010100001                                00    
         0 010110010110001110011010011001                                      
           010010001000111010110100011001                                      
       11      11100110101011000100110011      0                               
      111         101100010111110100101011    101                              
                    0100101011010110011010                                     