                                                                               
                                 10001011 1           100                      
                    0      1011010110101000011        010     00               
                        011011001101011101010                 11               
     011             001001110000111001111                                  10 
      1             1001111010010111001100    000       01                0    
                   00011001100000000101        111      01                1 1  
                 1001001111000000110111                                     0  
     01    11   111000110101000110011000  10                                   
     0      0   101001111011010101000101  10                                   
               00111111010110010111110               10                        
0             1101111111011101100010                 00                        
               01000001101    0011110                                          
              1011110010      000101110                                        
               100010     10  01000011001   11                            10   
                10            001011111010    1                           01   
                             10000110011 000  010                              
                    0       111010011100100011000                              
   00              10         101100000011011100                               
                               001100101                                       
                              1110111110                                       
                            001011101110                                       
                          010010001100110         01                           
                     11111001010001111110         01                110        
               01011111110101000101111111                           10         
         01  1100111001111011110010101011  00                               1  
          0010011111111101110011110100101 110                               1  
           001101101000011000111101101100                                      
              001010011111101110100011111                                      
        10      01101011100110011000101100      0011                           
                    0000001000101111111001       100                           