                             1           111 01                                
              00            11                                                 
                          11                             0                     
                          1110             00111111  1                         
                             0       10011010011111011100                      
           11                     00100001111101001000011101                   
           01                    11010001101001101000010111001                 
                                0011000111111100111000011100011                
                               0001010101000010000111101111101001              
                              010011101001011000010100110111010001             
                            011111011001101111101000111100011011000            
                            110110111001111011000101010001011100111      1     
                               01001000011100101010101110011110010       11    
                               0101010101011011101110000100010110     0  10    
                               00011011001   110011000011101010       01       
                                0111011111   01    110  111                    
                                000010010   11                                 
              11                110101000  01   11                    11       
                                 010000001111   10                    01       
                                  01101010001                                  
11     0                        100110000 01  11             00                
1                              10000010001 00100                               
                             10100011110100                                    
                            000110010110110                                    
                         110001100001010101                                    
       0           001100001000010000010101                                    
          10      10001010111001110011010011                                   
           0     001100110101110100110011000                                   
                01000111101010010010101010011                                  
      1           100101111001100111101011101                                  
                    00111100101011010111000111                               11