                                                                               
                       1 0001110011 0                                          
              11    11010001101100110001                                       
               01010011010000001111101100              111                     
               10010001001000101110010001                                      
             011101010010100011010111100     001                               
            10100000001011101101100010       110                               
          011110000101010110011010000                           1              
          11111001101101110101110       10                                     
         101100100111111001010100                                              
        01111011001011101011100                                                
        110111000000101101100                                                  
        10110100010110001001100                             111                
        0101001000010010001111011                           100                
         001110010     10001001100       010                                   
         1001 010     00110100100100 011                           0           
                     01001111111 0101000                           010         
1                    0100111011110100001                                       
10                   01001011010111                                            
10                    1010010011                                               
                      10101001111                                              
                    1111011100010                                              
                 1001001110010000                                              
              0111101010001011110                                             1
       10111101110111011100001001                                              
      101010011101100101100110010                           00                 
     1000100011001101000001100110                           01                 
     11011011110111011000011101101                11                           
     1100100110110100010101010110101          11                               
     0001011110110110000011111101100          01                               
               0011100110101010111  110                            11          