                                                                               
          0                         00                                         
  001                                 10                                       
   00                                 01                                       
                                                                               
                                                                               
                                   011    1000                                 
                                    1  011010101                               
                                      10101111111          11                  
                                   11101100110001                              
                                   111000000100                                
                                    001010100                                  
                                      01010111                                 
                                     0011001101                    0           
                                      1010000111                    010        
                                       010000000                               
                          01       0  100101100                                
                          11        10000110001                                
                                       11111110000                             
                                      00100101111100011                        
                                     01011101100001011110                      
                   11              101111100010 0001101011011                  
     1             11             00001110010000        10000100               
     0                          0010000101010100    0     010101111            
                             0001110010010100100    10        1001001          
                            10000000101100110001                   00100       
                          0011011101111101000011                      0001     
                        1011001110010011100101011   10                         
                       00111100010110111110111000   01           0             
                       10101101010001011110111111                0        11   
                         000111000110000010010000                              