                                                10                             
1                               0 0   1              11                        
                           1000010000011                                       
              10       001000011110111100                 011      10          
              0010   001011010111101000                    1                   
                00010110101110110010001                          00            
1        10  10   001101111101101010                10           00            
11       11     1100110001001001001111              0                          
 1         0   101101000011111011010011           1                            
          011  111101001100100111001000       11  1                            
              00011100010001110001010         11                               
             11010111011111011110011                      01                   
              01011000001011 1111010                      10                   
  1           0011000110      10011010                                         
  1           1111011101      0000100001                                       
  1          01101110        0011000100011   001 01                            
              10100          0111011000  0100 011                              
               10            11011000100010010111                              
                             11011100110110  00                                
        111                    100001001                                       
         0                   11011101000                                       
                           1010011101011                  0                    
                          00101100010110                 1                     
                      000000111111101111                 11                    
                010110111001011010010100                                      0
             100010000111110101010000010          010                         1
             011100110110011001011110011           100                         
           11010001110100001101111010111                                       
           101110101100010100110000011110                                      
              000001100001000101110101001                                      
              00     11101101111100011001                011                   