          11                                                                   
          11                                                                   
     1                                  11                                     
    100                                 11                                     
                             0                                                 
                            10                                                 
                                     01  11000                                 
                                     10010110111             01                
                                      11101000001            11                
                                   11110100011111                              
                                   001100010100                                
                                    001010011                                  
                                      10000010                                 
                                     0101101000                     1          
                                      1010111101                               
                                      1100101110                               
               11           10      00111011010                                
                           000     000100101000                                
                                       0010110011                              
                                      1100001100000010                         
                                     0001001110001001101                       
                                   001100011111 0010110000000                  
                     11           10001100011000        00100000               
                      0         0001101110111100           10000100            
                               10010000001011111      11       01111110        
                            01110100011010001010      11            001110     
                          1111110101110110110001                       1101    
                        1011110000000111000010111                              
                       01110101001100101000001001    10                        
                       11001100011111111001011001                          010 
                         010010101101111101100100                           00 