                                                                               
                       1 010011001                                             
            100    111111111100010100000              01                       
              11010101001011111010000111              010                      
              1000001110010011000110110                                        
             1010101000101001110110001     01                                  
           0110011111000100000010011       0                 0                 
          10010100010101100101110100                                           
         1011110010100111101101011    10                                       
        1101110010100010111000111                                              
        01010100100001110110110                                                
        001100101001100100110                                                  
        0000100010110101011000             0                                   
        11101000101010 011111100        000                                    
        111010011      11101101110                                             
        1001 01       11001001011001 110                          00           
                     0111110110001001 10                                       
                     1010000000010110001                                       
                     10101000100000                                            
                       110000010                                               
                      11010000111                                              
                    1001101001010              11                              
                  100000000011110                                              
               0101011100011101101                                         1   
         0100000101100101101001000                          1                  
       01001110101011100110110100                          101                 
      0010000010011110011000100011               0         1                   
      1010110011011101001100010100               10                            
      0010000100010100011000110000          01                               10
      0101111010100110110010101101 0        10                     00        10
               00010111101100011010101                             1           