                                          00   0                               
101                                0 01100101011100 1                          
                                101110000001011000101110    00                 
 1                           01001111000010111011111110110  000                
 0               00        010101101111001000101001100010110      11           
0                 1       111110101000001011011001110010111110    10           
0                       10001101010001010101100100110011010010                 
                        00000000010011110101000101111011101011                 
                           1001000011100111110111101 011                       
                             00001001100  00                                   
                            0110111100    00                                   
         0          1 01    011100000      1                 10                
        00            11       010101      1                 01                
             11               0010110001   11                                  
             00                0001101010  01                                  
                                0111101101 10                                  
                                1110101000110                                  
                               10011011111110 0                                
                                0011011000010 011                              
                                 10110101  010101                  10          
                               1110011000   00                     01          
                  1         0101101000100          111                         
                          101001001010111          1110                        
    1                000100000001000111100                                     
   10          010010011000100000011000010                       0             
              0100111000011011010001011001                       01            
           0011110011001101001100100000110                                     
            011000010010010001100011010111                                     
               000011000001111001011011111                                     
    1             001010110001011111110101                                     
    1               0010000001100110110000                                     