                                                                            0  
                                                                            1  
               01                                                              
        1      11                                                              
       10                                                                      
                                                                               
                                          0101110                              
                                        0100101001       000                   
                                        01110100000111111 0                    
            10                        111000010011100111                       
     10      1                        001110100111111                          
              01                       10100101010                             
              11                         010101                                
  0110                                   10000000                              
  1 00                                   1011011001                            
                                         1011111010                            
                                       0010111001                             1
                                       1110011111                              
                                         01110011                              
                                         000111010                             
                              00       10110011001                             
                                     0000001010000                             
                       00          0010101010110000                            
                                1001110110001100000                            
                            01111101101001111010000                            
               01        11010110010000000110101000                            
               11       111110100001010110110101111                            
                       1101001010111001111111001111                            
                          0010001101011010110001000                            
                            00110110010000111101010                            
                             1100001111100100010001                            