                                                                               
      00       1                                10                             
                                         00     00                             
           1                                                                   
          001                                01                                
            1                                                                  
                                         10000                                 
                                       001101001  00                           
                                     010110101101 10                           
                                   10111000001111                              
1                                  11001001111                                 
1                                  110100111                                   
                                     01110101                                  
                                     1110010110                          1     
                                     10001101101                         1     
                                      0101001000                           0   
                                      100111011                                
                  1                000010010001                                
                 10             11     101110100                               
                                01    001111110100100                          
                                    1000010100011010100                        
                                   00000110110  1011011100001                  
              11                 00001100100111        1010101000              
             001                1000001011101110           0000101101          
                             1011011010011110100                011111100      
                          0001001110110101000000            10        11101    
                        1000010110110111000100010                         1    
                       10100001001001001111100111                              
                      010010010110100101001110100                              
                       01111110100001010001101110          11                  
                         110100001010100010110011          10           10     