                                                                               
                                                                               
                                                                               
                                                                               
                                                                               
                                                                          0    
                                                                         001   
                                                                               
                                                                               
                                                                               
                                                                               
                                                                  1            
                                                                               
                                                                               
                                                                               
                                                                               
                     11110 1010111011001100000110010111000100           01 0001
      0     1111001001011010110111011010100100110111011010100001011001110011001
0010111000110101011111110000100101011111100100111111111010011010000100111101000
1110011111010000100011010110111100001001101000101101001101000111001100101101001
0101111011011000101001010100000001111101010111011111010011001001001100010010100
                001110010001110010110111010011011010000010101100111111101110010
                                011111011001011111011111                     10
                                                                               
                                                                               
                                                                               
                                                                               
                                                                               
                                                                               
                                                                               
                                                                               