                                10110000101110011100001101111100011110101101011
                               001110111010101111001010111101001001001011110111
                               001110111100110101000100000011000110110101100000
                               000100001000101000101   010111001101111101101000
                                 0000010  110110110     00000000000110001110111
                                          011100101     110010011      10100011
                                          111111110     100110100        000011
                                          101010011     101101111        001000
                                          01001011      011001000         11110
                                         110000101      111000101         11111
                                        1010110000      000100010          1011
                                        001101100      101011000           1000
                                       000101101       011100000            111
                                      110001101        00111100             100
                                     1001101100       111000010             100
                                    1100001010       0011011101              01
                                  01010111111        00111010000             00
                                 100111101011       100111110101             10
                                  11000111100        0100110010             100
                                 10011100011        0010110100             0000
                 110010110000011001110001011001000001101110001             0111
      01110010011000001010000001101010000001111010111111110001011         11001
1011110010111110111001100101110011110100001110100111100010101111110101    00001
1110000011000011100                                  10001001010111011010100101
11011100                                                         11111100101101
1                                                                     011110100
                                                                         101100
                                                                         111100
                                                                          00100
                                                                          11110
                                                                          11100