                                         10101111001001               001100010
                                        01011111111111              00101001100
                                      1110011000101001             001111101010
                                     0111110100100010             1101001000111
                                    1001010000100011            101001011101111
                                   1100100000000011            1011001101011111
                                  001000100111000             11011000010100101
                                1111110001000110             110011111010001011
                               0011001110111001               11001001011100010
                             11111011100010101              0111101101100010110
                           010110011110101011             010110110010101001100
                         0110010101000011001             00100100001110001     
                        0100010000111111001            0100001011101101000     
                       1010000100000101100            00100    10110101000     
                         1001000101110101             100      1010110100      
                         1100111001001011                      1010011100      
                       10011100110111111                      1000111111       
                      11001101010001110                      00001101111       
                      011101111010                           011111000         
                     0111111001001                          00011001           
                   0011001010111000010011101111110010100100010000              
100001000010010110000110101101111101111000010010011111001001010100000          
001011000001111111011101101000000010011000010010100101110110111001011101001001 
1111001010001001011000011010111111000000000001101001010001100001110111010001110
1000100110001010000011111110000110011111000001101100100000001000010101011101011
                  011  10001000  0001010001111001001011011000111100111100011111
                 0110  0011100                           0000000001001110000111
                  11    001                                                    
                   0                                                           
                                                                               
                                                                               