                                                                               
                                                                               
                                                                               
                                                                               
                                                                               
                                                                               
                                                                               
                                                                  111          
                                                                  01           
                                                                               
                                                                               
                                                             11                
                                                             1                 
                                                                               
                                                                         010   
                      100001011001100101010101000                  011111001010
       000 1 1100101011101001100110000000111110000010101 0 0 111011010110000000
1111000011110000011100011111110101000110011010011111101100111010011001000011000
1000101000110110011000001010011011100101111011000100001100101101010100110010110
0110010101111000011000001011100101010001001100010011000110101111000110000100101
            01110110001011110110011100111000111011110100101101101110101010101  
                           0111001111110111000010                  001100101011
                                                                         110 01
                                                                0              
                             0                                                 
                            00                                                 
                                                                               
                                                                               
                                                                               
                                                                               
                                                                               