                                                011000101000000100011111       
                                                110110111000111000010111       
                                                     1000010010000001111       
                                                     0000001111001111011       
                                                    1000111001011011111        
                                                   11001000000110001100        
                                                 00011111010101001001111       
                                                 101101111011010010010000      
                                                 011001101010011000111101      
                                                 10011011101111010100101101    
                                                 00010000001010000110001011    
                                                 11110011111001100010110101    
                                                  0000001100010010101111111    
                                                  1001101110001101011100111    
                                                  10011 100000111101 0000000   
                   10011001110                    10111 011100001100  001001   
            1001100111011111001000110110          1000  101110110101 0111101   
         010011000000110111101010000011011101 1  11000 100110001010101100010   
011001100010100                   10011001010111000001101111001101101010110    
11000011101                                010011011100011000001011001111      
111010                                         0111111000010100111001010       
011110                                         11111101010000110000010101      
010011                                            100101001001011011010000     
111010                                              00011011001011010000011    
0111110                                            11001101110010001111100100  
0000011                                            101011100000110010101000110 
01001111                                          10110110011110110111010101101
10001100                                          01110101010101000111011111111
00001100                                          10001001111100100110101010010
001110111                                        001001100111110010011111110000
000110001                                        100000011001010000100001000101