                                        1010000000000010000111000              
                                              01010001100110011100100          
                                                1100011001001001001101         
                                             0101101101011100100100011         
                                           0110001000001010010111011011        
                                           11110011011101001011011000110       
                                            1111011001101101011100100100       
                                               0110010101000111100111111       
                                               111001000110000100000101        
                                                101110 0001010110010000        
                                                101101  0000100010000001       
                                                0111010    11101001100010      
                                                 000000     101010011100011    
                                                010100      11011011000101100  
                                               0001100     0000010101111101111 
                                               011111      11100000010001001100
                                              110111       00010111010010111010
                                1            1100100      101111011110010001111
                 1001100110110110001010011100011010       101001111110101010110
          1100000100110010101100101100111010001011101111  000100001011011011111
       000000110111111                  110110000000111011111100101011100100010
     01001011                                        11000101001011010010001100
 01001100                                                 010100000001000010000
1110001                                                   011011001011100100101
10100                                                    0101000010010100001010
000                                                      0001011011010101101010
100                                                      1111111100111000101100
0000                                                     1100001000011111111011
01011                                                    1110001101001011000100
101001                                                  01001100010110101111110
1100001                                                 10001000110110110101100