                                                                               
                                                                               
                     0                 0                                       
                                      0                                        
                                                                               
                                                                               
                                                                               
  1                                 010 110101                                 
  0                                 0100101010                                 
            0                         10001100                                 
                                     001111100110                              
                                       010000110                               
                                       101100000                               
                        00110         10 110011000011101001                    
                        0000101110101010111101110111101101000                  
                            0 11101  0001001111101110111111101                 
                                 10         110    0000111001                  
                                                                               
                                                                               
                                                                               
                                                                               
                                                                               
                                                                               
                                                                               
                                                                               
                                                                               
                                                                               
                                                                               
                                                                               
                                                                               
                                                                               