                                                                               
                                                                               
                                                                               
                                                                               
                                                                               
                          1                                                    
                         10            00110000                                
                                     11010101101                               
                                     10101111001                               
                                     11010011110                               
                                     10110111010                               
                                      11100101                         1       
                                011100001000010                   1            
                            00  10000000110111010                 1            
                            01     1101100101100001                            
                                       001100111100                            
                                     0101 01000010                             
                                     0101 01001010                11           
  11       10                       10011 011101100               00           
  10        0                        100   10100110                            
                                     001 10101101100                           
                                       1001101010110                           
    1                                 10011010110111                           
    0                               1001001001111101                           
                                 10001100010000011010                          
            01                 1001111001100010100111                          
 1           1               110110101000111011110000                          
                           00110100101000010010111110                          
                           11001111111101111000100000                          
                         0100001110010010110011111110                          
                         1    10110101010110010110001                          