                                                                               
                                                                               
                                                                               
                                                                               
                                                                               
                                                                               
                                                                               
                                                                               
                                                                               
                                                     11                        
                                                     11                        
                                                    11                         
                                                   110                         
                                                                  0010010011011
                                                              00000110011001110
           0000000010010101100101110100            0011001111101011000011011001
1011001110011100101001001101110010010010001110111110011101000111010000100110110
1110011101100001111100101101001101110110010000100110001110110010110100011101010
101010000110010110111101111010010001010100110111011001100010111000011000101    
        00110011001111110101101111000001111000010110010110     0100    011000  
                         0011000000                00111111                101 
                                                          0     00         1111
                                                                11        0010 
                    101                                           10100000011  
                    10                                            1001001111   
                                                                               
                                                                               
                                                                               
                                                                               
                                                                               
                                                                               