                                                          100100               
                                                           11                  
                                                                               
                                                                               
                                                                             1 
                                                                             00
                                                                               
                                                                               
                                                                               
                                                                               
                                                                               
                                                                               
                                                                               
                                                                               
                                                                               
                                                                               
                              10 1 1 100010101001011111101 0 0                 
                     010101010000011011111110010101111101001101111111    001101
 1    1100110110111011000010010111110010101111100011011100100001010000100001010
1101000010100010011100010010010110001101001111101011011110001000010101101100000
0101000111100011010111100111011000000100110011010101110000010110000011110100111
           00000111111111111110010110011110101100011001111110111011101001000001
                          000010111101001010101000001110111000111            00
                                                                               
                                                                               
                                                                               
                                                                               
                                                                               
                                                                               
                                                                               
                                                                               