                                   010     01101000000100100110010000          
                                            11101011110110110110000000         
                                        1000000100011110101100000000001        
                                       0010011000100000010011111010001000      
                                       10011011000001011111011110001011110     
                                        1111110001101111111100011110001100     
                                              10101111011010110101101110010    
                                              1010001  0110010100000100100010  
                                              0001110    1000100011111101101011
                                              1010001         00000000110110101
                                              0101111          0011110101100100
                                              1001101         01000011101001001
                                             11010101        000111000010011111
                                             1111001        1001110101011001011
                                            0110000       101110100110011011010
                                           0110101      01011011111001011101101
                                          01100001     000010110010101101001000
                                         11001001       10001000101100011010010
                                         0100101       011001100001110111000100
                                 1110001010010111001010001101001001100110111011
                     1000011010001001001001000100100010010110010110111101101100
              10110000101001100100110111110101101010001001110100101011011011111
         10110010111111000                                     1010011011000100
     111011001101                                             01100101001100111
  0100110011                                                  01001000010110011
1100111                                                       11011101111101000
0110                                                          10001110011111101
01                                                            01110011110111100
                                                             000011100010011101
                                                             001110010111011000
                                                             110000110100100010