                                                                               
                                            01                               00
                                       0                                       
                                                                               
                                                                               
                                                   01110110                    
                                                110001101010                   
                                               101111110100110                 
                                              11110011011110111                
                                              00101110100011011                
                                              10100001010100100                
                                                0001001110011001               
                                                  001011001000 11              
                                                    1001010111      111        
                    100100001100000101101111110011  0011110110      01         
111        00010110111100000001111001001011100001101010011001011               
100101100100010011011010010110001011100110011101100110000000001011             
1100111101001011001110100                   00101000100101100011100            
1000100011100001   1    110                        01001011010000111           
              1         100                        00100001001111111           
                   0101111                           101111110110000           
                   000010                            0100011001011010          
                                                      00000011001010011        
                                                     101111101011011011100     
                 01                                 010000101101111 001101000  
                1 1                                    1111001001000  11111000 
                1     11                               0001111000100     101110
                      111                             1000010101100100      001
                                                    1000001100000001010      10
                                                   00101010111111010110      00
                                                  1101011000111001000110     0 