                                                                               
                                                                               
                    10                                                         
                                      0                                        
                                                                               
                                                                               
                                                                               
                                    110 010011                                 
                                    1011010101                                 
            1                         10110011                                 
                                     001011110111                              
                                       110010111                               
                                       000100101                               
                        11000         00 010100001100111011                    
                        0101111100100110110000011011100110101                  
                            1 1100   0001101011100000111100001                 
                                  0         100    1101000001                  
                                                                               
                                                                               
                                                                               
                                                                               
                                                                               
                                                                               
                                                                               
                                                                               
                        1                                                      
                                                                               
                                                                               
                                                                               
                                                                               
                                                                               