                                                                               
                                                                               
                                                                               
                                                                               
                                                                               
                                                                           01  
                                                                           0   
                                                                               
                                                                               
                                                                               
                                                                               
                                                                  0 0          
                                                                               
                                                                               
                                                                               
                                                                               
                         01000 1100001010000000110000000100010             0000
                 00100000110011010100101010111011000011100100010010011101101010
 111101010001111111111001010010011111110010011001010111111001111010010110001010
0111110001101011000001011001110011011110000111101110100110001100110011101010101
0011000100111001000000111100011100010100010000111110101010011110001110000100111
              00110100101000110010001111010110011101111001011000001010101110001
                            010001010011100111110110100001011                00
                                                                               
                                                                               
                                                                               
                                                                               
                                                                               
                                                                               
                                                                               
                                                                               