                                                                               
                                                                               
                                                                               
                                                                               
                                                                               
                                                                               
                                                               0001011      110
                                                            100001111011     00
                                                           000001101000000     
                                                          1111100011101100    0
                                                          01110000010001101    
                                                           0011001000001100    
                                                             101100101100100   
                    110                                       1001001010110    
                     1              001100111100101              0101011011    
        11000000             1  010101010010111100001101010001010010110010     
0110001110110100101011110111111110100000100101011110101000001111000010000111   
000111011010101000100101010010001101111 1101011111010110101100100110001101100  
    11010001011011110101000111  00011011                       1100010101110001
                            00        11                       0011101100111011
                                 011110                         001101100101101
                                 11110                           11010010010010
                                             1                   10111000010100
                                             11                  01110010000100
                                                111             111000101111010
                                                 10               010101111001 
    0                                                             0101101011111
   110                                                           11010110011110
                                                                001110100011011
                                                               0111010110011110
                                                              10100010101010111