                                                                               
                          11111011      110                                    
                       010001100111100110000                                   
                     00110100001000001101010                                   
                   1010000100101000000011                                      
                   10100111110011100100011                                     
                   100111111110001010110100                                    
                    00110001100000001111111                                    
                   0011000101111110100101                                      
                 011110000100101001001100                                      
                11011001101110111110001011                                     
0110110000011        100001101110011001111                                     
11111011111101010011101010100110101100100                                      
101110011011010010000110110001001010101                                        
         0     011011100100001100100111                                        
                   1010010010011111011                                         
                    0010100100000110101101                                     
                      11001010100111000101010100                               
                         01101101001101011000101101                            
                         10001111110010001101010101000                         
                          100001101000011011110101001110                       
                          011000010111110111111001011100110                    
                          11110111101110010001111011110000011                  
                          01111011100101010100111111   1010101010              
                            0101011000100111111000001    001001100             
                             01110000110000111010111000110101011010            
                             0111101001100111100101001101110101010000          
                             0010101110011111111011000001010101 1001111        
                             101000011111011111101000100001101    111001       
                              00011111010000          0101010       101101     
                              00001000101000                          01101    