                                                                               
                           1001101      100                                    
                       000011101101101000111                                   
                     10101111011011010010011                                   
                   1011100000101111110110                                      
                   1001001000000110100101                                      
                   100000010000001110011000                                    
                    10011100111000101000101                                    
                   0110110010011111101010                                      
                 111100101000101000011110                                      
                11110100000110101000000100                                     
100101110011110      010110101100000110011                                     
00001000111110100011001110011010101011100                                      
100011101000111001011001011110010010110                                        
           1    00011010011011010100000                                        
                   10011101100011101111                                        
                    01011011010001101010001                                    
                      10111011110110011000010000                               
                         10100001101010100101001011                            
                         00011010101011101100011001011                         
                          11000111011010110 010010101000                       
                          101100011011110110110110111001010                    
                          10101101110101101101110010001110101                  
                          01010011000000011010001110   1101010010              
                            1010101001110110001100100    101000110             
                             11110001111100011011001100110011111001            
                             1111110100110011100100100100110110101111          
                             1011111111110011110101011000111101 1011110        
                             011010001010010010100101111000101    010000       
                              10000100100110          1101000       010001     
                              01100010111101                         000001    