                                                                               
                            001110        11                                   
                         110001010011 1001100                                  
                      11110001010110100010001                                  
                    1110101000110111000001                                     
                    1100000011100011000000                                     
                    110111001011110000101000                                   
                     11111100010000100100000                                   
                    10111001000101001001001                                    
                  111001011101111100011001                                     
                 01110010010000010000000010                                    
                     001010100010110001101                                     
10101011110000110  0100111001011101100111                                      
01100011011110110010101111001111111010000                                      
1111001111111111111010111000111110100101                                       
              001 010010010110111100011                                        
                    10100010001011110111                                       
                      1100000111010000110110                                   
                         1010101110001000000011010                             
                         0101011001000101101001001100                          
                         011000001011000111011011111010                        
                           1111111010000111001010101011100                     
                           110011111011000110111000001110001                   
                           1001101011010101101000101  10000010000              
                           00100001001110100000100101     110000111            
                             100110100001110111111101  00 100101111            
                             0111101101010110011100001010100110010001          
                             011001110100110100000000110000011111000011        
                              111001011011010100101111001100100    101001      
                              001101011001100        111101001      100111     
                              01110000111001                          001010   