                                                                               
                                                                               
                                                                               
                                        00001101  001                          
                                     01011011100010111                         
                                     10101001011011                            
                                     001000000010001                           
                                    1010101010001110                           
                                   1111101011011101                            
    00                  100001101000111010000011000                            
  1001            00011000001110010110101110000010                             
  101000111110100101000            00101001101001                              
     10101010100010                  01110010011010001                         
     1000000101                         11000000000110111                      
     101001110                         01001111000111011101                    
     001111110                          110001111101011110001101               
     110111011                          1111101011011110   1010000             
     011111110                          1011100110110100  110011000            
     110101111                          1010110111000110011010100000           
     100001001                          00101001110010010101101  10110         
     000100100                          1010110011111111011010     0101        
     100011101                          0010110111                  0110       
      00010100                          1100111010                    100      
      01010111                        011100100000                     1100    
      001100000                      01110100111010                     0100   
       10101001                     011010000100101                      10010 
       01011011                    1101001101001010                       00011
        11011100                   1001010011111000                         010
         0110000                  11110110111100110                           0
         10100001                 001011101010111100                           
           1110101               1001000001110001001                           