                                                                               
                                                                               
                                                                               
                                       00                                      
                                  0110111011 110                               
                                1110100110011110                               
                                10100101101101                                 
                                010101111011111                                
                              00110100101110110                                
                              1101001110110101                                 
                      1011110  010000100010001                                 
01              1111001101101101011010110001                                   
0001001000100011111011       010100100001000                                   
1111011011011101                010111011010100101                             
 1010001101                        001010101110110001                          
 010111001                         011111110000010111000                       
 111000001                          101010011111111110001001                   
 111011101                          0110010011101011   010110                  
 110101010                          101010111011011 11100101111                
 000010101                          11011001101110110100110 00001              
 001001011                           110001000010001101110    00100            
 011001100                           0110101010011              0011           
 101111101                           100010111                   0100          
  001110100                        11011010001                     011         
  111110111                       1101011101011                     010        
  011010101                      01000111011111                      1001      
   00001001                     101001110100101                       101100   
   011100010                   1001010000110000                        011001  
    11010001                   0101010111110100                          0010  
    000011000                 10000111011110011                                
      1101000                0111001001100101010                               