                                                                               
                                                                               
                                                                               
                                      01110                                    
                                  101110101111111                              
                                 0000001101101000                              
                                 00100010101110                                
                                1111011011001100                               
                              10110000101011001                                
                                10010011000010                                 
 11                010100111010001011011110000                                 
000           0000110011011011100000001011101                                  
1001101000000111001            111100100100001                                 
1111011000010001                    1000100010000101                           
  011100010                        0011011001000010101                         
 1101011010                         01101011000000111111111                    
 0110000010                         11100100001101001 0000110                  
 0001010100                         1101101101101011    001100                 
 1011001000                          110101011001101110000101110               
  100101000                          0001110000010111101110  01011             
  101000001                          0010010101111100011001    00011           
  010001101                          101010010                   0110          
  001000001                          110101110                    1100         
  001011110                         00010110010                    1000        
   01111110                       1011110101010                      100       
   001110000                     00101011100010                       11111    
    00100111                    1100011010000110                       110011  
    00010000                    1110101111000111                        10111  
     00011000                  10100111101000101                           10  
     00010110                 101110110110110010                               
       1111011                001101011100010010                               