                                                                               
                                                                               
                                                                               
                                                                               
                                                           001111011011 1      
                                                          10000111001100110    
  010                                                01  111000111111000101    
11101                                                001010110010001100010 00  
0110010011                                             0011000010100011100011  
 01001111011110111101001000000101                     101111111111101000       
  1011101101100000110000010100000000111              0110101110110111011       
 01011000100011000010        10110110100100          10010000100010111         
 100001111111                       1101011011       0001000011101110101       
 11110111111                            0111101110   00001000101111000010      
001110111001                                10011101010100110011110111011      
00001001001                                    000101110100110110000000        
11010011000                                      1001100110111001000011        
10001001100                                      11110000100110000011110       
0000100000                                       011011000010111110000110      
1110110100                                      01001110001110111100111000     
1101000001                                     1001011001100001111  1100001    
111001100                                     011001100110101101001100010000   
000001101                                    01110111001110100100111100111100  
110010000                                    100011 1000100001 0011001001001   
001100110                                          000101110001 10001010       
00000011                                          0001110000001      0001      
01100000                                        1001101100000010      0110     
110010000                                      011000100010100100      1010    
 10101101                                     01001110010011110101      011    
 11001101                                    11010101100111010000       1100   
  11100100                                  0000010011010101110011       011   