                                                                               
                          10010111      111                                    
                       111101010110111111011                                   
                     10001110111111000100101                                   
                   1011000111101110011100                                      
                   0011000000000011001101                                      
                   110011110111110101000101                                    
                    11011100111110010000111                                    
                   10011000000000000110001                                     
                 110111001110010101010000                                      
                11101110001101000001011001                                     
  001111110          110110011111000001000                                     
11100010110010110111001100001110101000111                                      
0101011100111011111110000101010000001111                                       
           1 01110100111000101010011111                                        
                   1111011100001101101                                         
                    0111000100011011111010                                     
                      10111101001000110100011 10                               
                         01111110010101001001101001                            
                         1111100100011100010001010000                          
                          111100000110001110100010011100                       
                          111111001100110010110001010010001                    
                          01000000001000110100001011111110110                  
                           1000011110111100101001001   0000110101              
                            1110001001010101011011001    001111111             
                             00100001100001011010011111000000011010            
                             0101110000001001110001101111000100011010          
                             1001101001010100100011101110110100 1110101        
                             101101110111111100011001001001010    100001       
                              11100100110001          1101011       110111     
                              01111111001000                          11001    