                                                                               
                            000011       1100                                  
                        101011110001101110111                                  
                     11101001110001001000000                                   
                    0010001100000001011010                                     
                   1100111000111010111000                                      
                    101111111000011011000000                                   
                     11001101110111011011101                                   
                    1101011011001000111110                                     
                  01100111010101000100010                                      
                011001101011111110001110100                                    
                     010000111001110100001                                     
11100100110000100001001010010101010000110                                      
1001100101101110000100110110111101101000                                       
1110110011100011011101000111011011101000                                       
                  01101100001000010011                                         
                    1001100011101100000111                                     
                      00001010011100001111010 1                                
                          0111100000110000111001101                            
                         0100000110100110101100101010                          
                         1101000010010000001010100000011                       
                           11101100000100111001000001000000                    
                          01111000000000001011011101000111000                  
                           0010000101001011000100100  11011010001              
                            1000011101011110101110111    000101111             
                             01101100111100011111001  0110010001111            
                             1011000111111110000101110000101110111011          
                             010001010110101100001111110100000001101001        
                             110000001000110011001100001110011    1000101      
                              101111001001001         1111011       000010     
                              10010000110111                          010100   