                                                                               
                           1010001       11                                    
                       000110001010111001010                                   
                     01111100100100010001101                                   
                   0101001101000001001110                                      
                   0111011110000000100011                                      
                   101101001010100000111000                                    
                    00101101100010110011010                                    
                   00001011011111100010110                                     
                 1000111111001100100110001                                     
                10111100111100001100101011                                     
0110001101110010     101110101011101110000                                     
11100101011111100010010111010001000010011                                      
1011000001100111010101000010000000101001                                       
                 0011011111100001110110                                        
                   00000001100110011001                                        
                    01010100010000111101011                                    
                      01101101100010001101100110                               
                         01011011011011010110100011                            
                         00111110111011011011001100100                         
                          10110000010001010 011001101000                       
                           11111010011000110011101000001111                    
                          1010101110001011010011111101101110                   
                           1011100001011010101001111  10000100110              
                            1000000100101001101011000    100100001             
                             11000000101110111101110  0011011110010            
                             0111100000110101111111110101001111100011          
                             1101110000111010001000110010100010 111011         
                             110000111001101000101110100101010    101000       
                              111111100010111        11011111       11010      
                              00111110001100                         001000    