                                                                               
                                                                               
                     11                                                        
                                                                               
                                                                               
                                                      11                       
                                      00111           00                       
                                 01001011011                                   
             1                   101101101011                                  
             1                       0111110010                                
                                      11101 111                                
                                      100001101                                
                                     10  01111110  011010                      
                      00101001101111110011001100111001110000                   
                          01101001010000001110100111100111101                  
                                       0  0101  100110111001                   
                                            0           1                      
          0                                                                    
                                                                               
                                                                               
                                                                               
                                                                               
           0                                                                   
                                                                               
                         1                                                     
                        11                                                     
                                                                               
                                                                               
                                                                               
                                                                               
                                                                               