                                                                               
                                                                               
                                                                               
                                                                               
                                                                               
                                                                               
                                                         1101011010            
   10111                                               1001011100100           
   000100                                             011000111010111          
   1010101110011100 0110001011010010              11001001111010010101100      
     1101000010011010111110101111101010101          100010101001101011 10      
     100000011110101001           101101001010      010010001011110111         
    10111100111                         101010001001000011000101001010         
    10111110010                             1111100000011001010100             
    1001101011                                 100000111110010011110           
   10010111011                                     101111010000101001          
   10000100011                                     00111110011100000           
   0111100010                                     0011110110010011             
   1000110011                                    1100111010001101101           
   1111101110                                   100110010000000011000          
   1110010010                                   0011110110001001111111         
   110100100                                   0001000110001100111010001       
   000001010                                  0000001000100001011111111101     
   110011001                                  1010111011100011010100000011     
   110111100                                  1100 11100101101    1   01111    
   111100011                                       0001011100           1010   
   010000111                                       0001000001            0011  
    00000011                                     0100101010001            1010 
    11011110                                    10010010011100             0011
     0100000                                   0011110010100110             000
      1010100                                1011100100010000000            110