                                                                               
                              00111                                            
                          11101010001   100001                                 
                       1110001010001010101110                                  
                     0011010100010001101100                                    
                    0100001101000010101010                                     
                    0011100001000000100011010                                  
                     100101111011010110010101                                  
                      00111001001111110110100                                  
                    11110101101101011001011                                    
                  10100100100001111001001100                                   
1101000111000011100110001011000101100010111                                    
0101000000000010011011100111101100011111101                                    
00      0010001110111111101100011000111100                                     
                0  0110000001100000111111                                      
                    00100011011010110011                                       
                     101010101110110010011                                     
                      010001000001111110111011                                 
                          1000000101101011100110110                            
                          0000000100001000000100110101                         
                          101110000100000111 00100100010                       
                            0001100001101111 110111101001                      
                            01000011101111000111110101111100                   
                            1100001000100000010101101 010000001                
                             0100100100111001101101111  1110111001             
                             011101110011001011111010     101110010            
                             011100011000000010101000010010110101011           
                              0000101010010011010101000000100001100101         
                              1010111101001001010001110001001101 111011        
                              10110110000110101110101001001001     101010      
                              11010000001010            11001       011011     