                                                                               
                             1 0010                                            
                           00111110111   11001                                 
                       01010110001111110111101                                 
                      0110100001010111001010                                   
                     1101001000100011001001                                    
                     000101010101010001010101                                  
                      01001000001001111100101                                  
                     011000010100000000011101                                  
                   100011101101010001101000                                    
                  10000010010111101110011101                                   
                      001011011011101100001                                    
   0110110000       1001001101000110100100                                     
00001110100101110110010000100000011110011                                      
10100010000111100000000101100001011000000                                      
101 00110000011 101011100101111111111000                                       
                     0001111100101011001                                       
                        11110100001101110110                                   
                           01101110011000000100111                             
                          1101010101110001010010101110                         
                          001111011101110111101101101111                       
                            1000111110000010100111101010101                    
                           0000111001100011011100111011111001                  
                            111100001001110111011110  11110010000              
                             100101110001101010010010     111010010            
                             0001100111010001111000011011 1011011011           
                              1110100000111010111001011011100001111010         
                              0101001010110111011101101111001011 000001        
                              111100011111010100111000000011100    111011      
                              100000010100011         01101111       110100    
                              10111100010101                           11101   