101001101111101000                                                             
010000111010101001                                                             
00100110010011111                                                              
11101101010001011                                                              
1001110110101010                                                               
1010000001000100                                                               
0011011111101101                                                               
0100100100101111                                                               
100111000100011                                                                
110110111100101                                                                
011001111110001                                                                
110001100100001                                                                
111101010111111                                                                
110011000110101                                                                
110011111010010                                                                
011111101011100                                                                
001101110100100                                                                
 10000001100000                                                                
 01101000001011                                                                
  0110001000110                                                                
  10011001011001                                                               
   1011001110101                                                               
    111010101011                                                               
    111000101100                                                               
     101101100000                                                              
      10011001101                                                              
       00011011011                                                             
        1101001110                                                             
         1000110110                                                            
          000111001                                                            
           010011101                                                           