                                                                               
                                                                               
                                                                               
                                                                            1  
                                                                               
                                                                               
                                      01010                                    
    1                            00011001111                            1      
    0                             01010001101                                  
                                    11001100110                                
                                     110001 10                                 
                                      11011101                                 
                                     00 01000101000101001                      
                      0010110101001010000001011001111111101                    
                          1111010011001010100111101100111110                   
                                      1   0000  11 000110111                   
                                          0             1                      
                                                                               
                                                                               
                                                                               
                                              11        1                      
                        101         01            1                            
                                     0                                         
                                                                               
                                                                               
                                                                               
                                                                       0       
                                                                               
                                                                               
                                                                               
                                                                               