   000101101001101100                                                          
   011101010000000100                                                          
    01110011101101000                                                          
    10001000100110001                                                          
    00000011000011111                                                          
     0111010110111010                                                          
     0101110000100011                                                          
     0111101000111100                                                          
      100111101111111                                                          
      011010101111000                                                          
       01010000111010                                                          
       11001011111101                                                          
        0110110111000                                                          
         1101100010101                                                         
         0111110001001                                                         
          110001111100                                                         
           10101010000                                                         
           000101110110                                                        
            10010001011                                                        
             0000101001                                                        
              0000111100                                                       
               000001010                                                       
                 11101010                                                      
                  10111111                                                     
                   0110111                                                     
                     001101                                                    
                       10000                                                   
                          011                                                  
                                                                               
                                                                               
                                                                               