         10111000011011100                                                     
         00001010011111111                                                     
          1000101100010011                                                     
          1101110010010110                                                     
           011011000100100                                                     
           111110010011100                                                     
            11101101111000                                                     
            11010101111101                                                     
             1000000010010                                                     
             00111111010001                                                    
              1111001001110                                                    
               101111100110                                                    
               000100100000                                                    
                111100000001                                                   
                 10101101110                                                   
                  0000011011                                                   
                   1100100011                                                  
                    000111011                                                  
                     111010101                                                 
                       10011110                                                
                        0101000                                                
                          000011                                               
                            10111                                              
                              011                                              
                                                                               
                                                                               
                                                                               
                                                                               
                                                                               
                                                                               
                                                                               