010111101011011110                                                             
000001100011101100                                                             
00100100111011110                                                              
01100001111111000                                                              
1010111010101011                                                               
0101001010100101                                                               
0110110010001000                                                               
000010010111111                                                                
111100111010110                                                                
000101001100100                                                                
000011111010110                                                                
000011011101101                                                                
11110110001101                                                                 
01010001001001                                                                 
11100110101100                                                                 
11101111010000                                                                 
00111101110011                                                                 
11101101100001                                                                 
000111011011001                                                                
 10100111101010                                                                
 11000111000001                                                                
  1001101010101                                                                
  1011010001011                                                                
   0001110111100                                                               
    110110000111                                                               
    100100001100                                                               
     010101010100                                                              
      00101001111                                                              
       0110111001                                                              
        1001010000                                                             
         0010100110                                                            