                                         01010010011                           
                                     10001101001001010                         
                                    10110000001100110010   111                 
                                   0010101111011001011011000111                
                                   000001101001101111100101100                 
                                11001100111101101011100111                     
                             0000100101010001100100000001                      
                             010000010010000001101010100010                    
                                0001101110001111111001111000                   
        01011010101            10011001010001001010111100                      
010001110010010001101111001110010110111011111010111111                         
0000010001110010010101011110010110111000000110100000111                        
0011101              01100000010010100010010100000011                          
01                          1011111010010111100110010                          
                                 0011101010111001101                           
                                     01110010110110                            
                                    110101100111110011                         
                                    100100010111110001001 0                    
                                   101111011010100101001100111                 
                                    01010111111010010110111000011              
                                    01101010000111111  10011101111             
                                    001100011111001100 011101110100            
                                    010111110011000010110100000111111          
                                    11101001011100000111010110101111110        
                                    0010100100110111101010001110 0111110000    
                                    0011001011111100100001001000    111010000  
                                     0111101000101001001010000100100001011011  
                                     100100000010101000010111010001100000110001
                                     101110000001100111000010001101011010111111
                                     00010111010011101101011010010100001   1011
                                     11100001111110010         01111111      00