01100101011100110111    01010000001011011100110    0010001010101101011011110001
1101010100110011011101000110100011101011011100000101010000001101011111111011100
1110110100010101000001011001111011010110010111101001111011100111000111000100000
0011010111001110001010110110              0100001100111111101011000100001101100
10101110011100 00110000                          100011110110011100110101001101
1010010010010                                      0010010000100111111000100010
1110101100100                                      0001000110111000011010111000
001011011001                                         01111001011110001011001101
011101001100                                          1110100000100011000000111
11110111111                                              0000100001111101010110
00100011110                                               000000111001001100111
1001000100                                               1101001111011000110110
0011011111                                               1000110011100010110101
0001010011                                              01100001001010010110110
010100101                                                0010011110100111000011
010001010                                                 000101011110010000000
111010100                                                 111000011100010100101
01111000                                                  110011011101010101100
11001010                                                  111100101110101011101
00111011                                                  010001100011111000101
0111001                                                   010001110011111001100
0101101                                                   011011101110011011110
1001101                                                   001110101011101111101
001011                                                    011110101000010101101
001000                                                    000011110100101110101
001000                                                     10011000000000100111
101011                                                    001000100101100101100
00101                                                     100101101110000100101
11001                                                    0101010010010111101000
01010                                                   01011000100000100001   
01000                                                 10100101000010000101110  