                                                                               
                                    0 0000101101                               
                                 00000010001111010                             
                                0011001100011100101     11                     
                                011100100100100010011110000                    
                               10110100111100110010100110                      
                             1001011111000101101001000                         
                          1100010000010000110000001011                         
                          00101110100100001100010110110                        
                             1010111010000000011000111                         
  01011100001001011        10000010001111100010010001                          
111011011100110101001011101100000011001110000000101                            
11010011100011111001111101011010111000000000101010                             
1                   10010111011011000000000110010                              
                          00110011100100101101100                              
                              0011011011011110111                              
                                 01011011011011                                
                                1110100111010001010                            
                                100100100100011001000100                       
                                10100110111110011011110001                     
                               111111100010101101001101101110                  
                                 01100100010110010001101110011                 
                                 0110010111010110110110100011010               
                                 011011000010001001111110000101101             
                                 1111011001111001110001000  000100001          
                                 01010011011011111011110101   0100100000       
                                 0000001001010000101011000     1011001100      
                                 1000001101000000111000011000111001000111      
                                 111100011111101110111000101011101111100101    
                                 00010101101011111101111001101111101  110001   
                                 011111010000001011      0111111001     001110 