0110110001100110010                                                     1001001
000100100011011110                                                       011011
110110001011110010                                                           00
00010101000110000                                                             0
11100100000101100                                                            11
0110111001100110                                                             11
1111110001101111                                                            110
110001000110010                                                             101
010111100001010                                                             01 
10100001010100                                                                 
01000011001110                                                                 
1100111011010                                                                  
0000010100011                                                                  
0111111001100                                                                  
011011010110                                                                   
011110110000                                                                   
011101110111                                                                   
110110101110                                                                   
001110110001                                                                   
10000000101                                                                    
10101011101                                                                    
11110100110                                                                    
01010111111                                                                    
00110011011                                                                    
010111011011                                                                  1
010100100101                                                                000
011110001010                                                               0000
001110000011                                                              00011
000000001100                                                             110000
0010101101000                                                           0001000
 110100111001                                                          01000100