                                                                               
                                                                               
                                                                               
                                                                            1  
                                                                               
                           00                                                  
                                      11110                                    
 1                               01101011010                                   
                                  01001110000                                  
        0                           00101110010                                
        0                   10       100110 10                                 
                                      10100011                                 
                                     10 01101011011001010                      
                      0011000101011001101111101000000100110                    
                          0101100011010110101101001111111101                   
                                          0001  110010011001                   
                           1              1             1                      
                          01                                                   
                                                                               
                                                                      1        
                                                                               
                         10         1                                          
                                                                               
                                                                               
                                                                               
                                                                               
                                                                       0       
                                                                       1       
                                                                               
                                                                               
                                                                               