                                                                               
                                                                               
                                        10                                     
                                        01                                     
                                                                               
                                                                               
                                      00000                                    
                                 1100001100                                    
                                  10011100110                                  
              1                     011011011111                               
                                    11000000011                                
                                      00011100                                 
                                     01 1001010111  01110                      
                      0000010001100100001010101011101000110                    
                        010010000010000010000010110010111010                   
                                      01  0101  101111000000                   
                                           10          0                       
                                                                               
                                                                               
                                                                               
                                                                               
                                                                               
                                                                               
                                                                               
                                                                               
                                                                               
                                                                               
                                                                               
                                                                               
                                                                               
                                                                               