                                                                               
                                                                               
                                                                               
                                                                               
                                                                               
                                                                               
                                                                               
                                                                               
                                                                               
                                                                               
                                                                               
                                                                               
                                                                               
                                                                               
                                                                               
                                      0                                        
                                 1110010101101                                 
                                 0001111101000                                 
                                  00110110111                                  
                                  00101001101                                  
                                011001110010001                                
                                 010010001110                                  
                                                                               
                                                                               
                                                                               
                                                                               
                                                                               
                                                                               
                                                                               
                                                                               
                                                                               