                                                                               
                                                                               
                                                                               
                                                                               
                                                                               
                                                                               
                                                                               
                                 0000 10001                              0     
     1                           10010110101                                   
                                   1110001100                                  
                                   011101101110                                
                                    0110010110                                 
                                     011101111                                 
                                     1  1111010011 101101                      
                      00111110000000000100101111101000111011                   
                         01001010001011111111100010110000001                   
                                1     1   100   101011011111                   
                                           0           1                       
                                                                               
                                                                               
                                               10        1                     
                        1 11         11            01                          
                           0         0                                         
                                                                               
                                                                               
                                                                               
                                                                        1      
                                                                               
                                                                               
                                                                               
                                                                               