                                                                               
                                                                               
                                                                               
                                                                               
                                                                               
                                                                               
                                                                               
                                                                               
                                                                               
                                                                               
                                                                               
                                                                               
                                                                               
                                                                               
                                   1011011111                                  
                                 1110000101010                                 
                                   100111101                                   
                                   111010011                                   
                                   101101001                                   
                                   0111100001                                  
                                   1010110110                                  
                                  01010100101                                  
                                 1011100010001                                 
                                 11110111101110                                
                                 11010100000011                                
                                 10111001100011                                
                                 0100100101010                                 
                                111101000011110                                
                                101001100001000                                
                               11110011011111000                               
                               00000100000100110                               