                                                                               
                                                                               
                                                                               
                                                                               
                                                                               
                                                                               
                                                                               
                                                                               
                                                                               
                                                                               
                                                                               
                                                                               
                                                                               
                                        10                                     
                                   1 11 00 11 00                               
                              1111001000111001000                              
                              0111001000100100101                              
                               1000100111110010                                
                                000100000100100                                
                             11101001111010001100                              
                           010110011010111011110010                            
                           0010111001111010110111100                           
                            10101101110111001111111                            
                              1001001010001111111                              
                                     01000                                     
                                                                               
                                                                               
                                                                               
                                                                               
                                                                               
                                                                               