                                                                               
                                                                               
                                                                               
                                                                               
                                                                               
                                                                               
                                                                               
                                                                               
                                                                               
                                                                               
                                                                               
                                                                               
                                                                               
                                                                               
                                                                               
                                                                               
                                                                               
                                                                               
                                                                               
                                                                               
                                                                               
                                                                               
                                   1101100                                     
                                  000101111                                    
                             00110000011110010001                              
                        0000101100101110010111110000011                        
                    1010101111      000100       111000100                     
                  01100010         11011110         101100100                  
                 01111001          011001000          11011100                 
                10001010            1010000           11110001                 
                0001011101                           011111101                 