                                                                               
                                                                               
                                                                               
                                                                             01
             1                                                               1 
                            11                                                 
                             0                                                 
  0                              010 0111101                                   
                                 0101111101                                    
        10                    1     10000010010                                
         1                   10    110101101100                                
                                     011000 0                                  
                                     111001010011                              
                      0111111       01 110111001001001000                      
                      10111010101100010001000111111011000111                   
                             010     00010100 01000001100100                   
                                          011     1000110 1                    
           1                                                                   
           0           1                                                       
                                                                               
                                                                               
                                                                               
                                                                               
                                                                               
                                                                               
                         10                                                    
                                                                               
                                                                        1      
                                                                               
                                                                               
                                                                               