                                                                               
                                                                               
                                                                               
                                                                               
                                                                               
                                                                               
                                                                               
                                                                               
                                                                               
                                                                               
                                                                               
                                                                               
                                                                               
                                                                               
                                                                               
                                                                               
                                                                               
                                                                               
                        0       1010      0100      01                         
                       001      0101      1000      101       00               
              0100     101                          011      1011              
              1100                                           010               
        001                                                         0111       
        011                                                         101        
         01                        110010100                       1    110    
    0111                     11100101011110111110                    01 011    
    1010                   0011101101110000110110011                    101    
    01                    11011001101     0000001101                           
   11 010                  1011111111010001011010010                  100110   
  1110001                    011000001111011010000                    1011000  
  10 11                           11111001111                 00        00 10  