                                                                               
                                                                               
                                                                               
                                                                               
                                                                               
                                                                               
                                                                               
                                                                               
                                                                               
                                                                               
                                                                               
                                                                               
                                                                               
                                    11101000                                   
                                 1111011101000                                 
                                 01111011111                                   
                                   101001010                                   
                                   001100001                                   
                                   1110010100                                  
                                   0010101011                                  
                                  11101000011                                  
                                  110111000000                                 
                                 11101100000110                                
                                 01000010001000                                
                                 10001011000111                                
                                 1000110111101                                 
                                01000001111001                                 
                                110011000110001                                
                               10111001111101011                               
                               10011010101011100                               
                              1110000111100001110                              