                                                                               
                                                                               
                      10                                                       
                                                                               
                                                                               
                                                       01                      
                                  00   1110            01                      
                                 0110100101                                    
                                 110001110110                                  
              0                     01101001110                                
                                   10101010011                                 
                                     110011101                                 
                                     11 0001100100                             
                      0101000111011110 00010100000010111011                    
                       0010000111001100101000001010111001100                   
                                      000 001  1001110100101                   
                                          0100       0010                      
                                                                               
           1                                                                   
                                                                               
                                                                               
                                                                               
            1                                                                  
                                                                               
                                                                               
                         11                                                    
                                                                               
                                                                               
                                                                               
                                                                               
                                                                               