                                                                               
                                                                               
                                                                               
                                                                               
                                                                               
                                                                               
                                                                               
                                                                               
                                                                               
                                                                               
                                                                               
                                                                               
                                                                               
                                                                               
                                                                               
                                0110      111      0000                        
                       0111      011      0101     1011    101                 
               0111    0001                         1      1011                
          01    011                                               1100         
         0100                                                     001          
          11                 11000 1 1 1   011111                     101      
      1110            01010010101000011 1 111111000111001             100      
      1110        00100000                         1 00010000         011      
         010  1100001                                     111011    0010       
        011110000                                             01010 0111       
         111101   1             10110110100000              100 00101          
         1001   0011           1110001100111011            01010  1010         
       00000   11110          1100001001010100110          01110  00010        
       11111    001          01100 11110110  10101           10    11010       
       001100               011101           11111                110011       
        001011                                                   110010        