                                                                               
                                                                               
                                                                               
                                                                               
                                                                               
                                                                               
                                                                               
                                                                               
                                                                               
                                                                               
                                                                               
                                                                               
                                                                               
                                                                               
                                                                               
                                                                               
                                                                               
                                                                               
                                                                               
                                                                               
                                                                               
                                                                               
                                                                               
                                                                               
                                110011100011010                                
                          00011100111010011100010010                           
                        0101100111          01001001001                        
                      101101101     10001       000100101                      
                     000100110      000000      101111011                      
                      0101100101              11110000011                      
                       00011110010100111110101111101100                        