                                                                               
                                                                               
                                                                               
                                                                               
                                                                               
                                                                               
                                                                               
                                                                               
                                                                               
                                                                               
                                                                               
                                                                               
                                                                               
                                  1     11                                     
                                 10  11010 10                                  
                             001010011100011001111                             
                              1010010110000101110                              
                               00100010111000000                               
                               11011011011000000                               
                            1110111111111011000000                             
                          00101001111001111100001110                           
                         0100111001100111110000010110                          
                          100100011010000111011101010                          
                           000000000001101010010111                            
                              100010111110000011                               
                                                                               
                                                                               
                                                                               
                                                                               
                                                                               
                                                                               