                                    1101100                                    
                                    0100000                                    
                                                                               
                                                                               
                                                                               
                                         000000    10010111100                 
                                   00     011110 001100110111010               
                                   10     10110100110111101100110              
                                   001   01000000011010001010111               
                                   010   101 0011110111101110011               
                                   000        1011110001100101010              
                                          10 11101101010100101011              
                                          0 11000101010000000100               
                                            000101100001011010                 
                                   101   0100011111100000111100                
                                   1000 0100101000111000111110010              
                                   010010011 1100010010111110010110            
                                   010111100 101100010101011011101010          
                                   010100101101111010100100010101000010        
                                   0011111010101101011011011010011111100       
                                   1011100101110011000000000000011000111       
                                   11110100010100111111111000000001011110      
                                   0001111000100111100010011000101110010       
                                   11000010111110001101110010110110011100010   
                                   10100110010011011100111001100110101011111   
                                   11001010000011010101101011000101000010101   
                                   00111101011001010010000010100111110111101   
                                   00010110111000101000111100110101110110110   
                                   1010100010101111100011000001101101001001    
                                   1000011010111011110101010111011010110010    
                                   0111011110010110000001110111011101010100    