                                                                               
                                                                               
                                                                               
                                                                               
                                                                               
                                                                               
                                                                               
                                                                               
                                                                               
                                                                               
                                01000100111011                                 
                                10110111110010                                 
                                 011011101110                                  
                                   011010000                                   
                                   111100101                                   
                                  0000001101                                   
                                  1000011010                                   
                                  01111101001                                  
                                 110101010111                                  
                                 0001000011100                                 
                                00010010001110                                 
                                011111010001100                                
                               10110110100000100                               
                              010111000001100000                               
                              1110000010000011110                              
                                110110011101110                                
                               1011101101110001                                
                               10100011011001010                               
                              010010100011110110                               
                              0101100011101100111                              
                             00100010101100100001                              