                                                                               
                                                                               
                                                                               
                                                                               
                                                                               
                                                                               
                                                                               
                                                                               
                                                                               
                                                                               
                                                                               
                                                                               
                                  11011000001                                  
                                 001111111001                                  
                                   001001100                                   
                                   111001100                                   
                                   000010101                                   
                                   1001110011                                  
                                  10011111111                                  
                                  00111011000                                  
                                 0110011110101                                 
                                 00001100001011                                
                                 11100111010011                                
                                 00111111010001                                
                                 1010001000010                                 
                                00001000100010                                 
                                001000111110110                                
                               00000011110110101                               
                               10001101000101111                               
                              0111110101000001001                              
                              1001101110111100100                              