                                                                               
                                                                               
                                                                               
                                                                               
                                                                               
                                                                               
                                    01                                         
                      11100     01010101101                                    
                      0100001001000100000011                                   
                       1111010100011101110101                                  
                        111010000110100111101                                  
                         1000110101101011001                                   
                           01001101011101011                                   
                           01000111001101000                                   
                          0110111101100011                                     
                          10000101111100111                                    
                            001101111000011001                                 
                            00011101101111000110                               
                            110101000101100110110                              
                            1111111101001011000011                             
                            0100011101000110110011                             
                            1000101000111101100101                             
                           00101011101010010010011                             
                          00100011000001011101010111                           
                         101111111101110000110110001                           
                        0101101011011000010110000111                           
                       00111011111101010111011101010                           
                      101100111001011101011001001111                           
                    000010001011000101000111101111110                          
                   010110010101110010000000110010010                           
                 01011010001000101101011000011010000                           