                                    0101110                                    
                                    1001110                                    
                                                                               
                                                                               
                                                                               
                                      11011       01111011                     
                                   11  11111   1011001010100                   
                                   01  01011101100110001001010                 
                                   000  110100110010010100111                  
                                   010   00110100011101010111                  
                                    11     010010001100010111                  
                                   1      00011111001111111100                 
                                          11001011011000001101                 
                                         100011011110100111                    
                                   111   1010001001010011010                   
                                   0001 1111000001011011001100                 
                                   01010111000101111100000111010               
                                   0110001111000111011100100000100             
                                   11001110111111000001111010101010            
                                   0110001101001100101000011011000000          
                                   1010010111101110111010100111111101          
                                   0111010010011101010100010110101000          
                                   0100000100101110010001101010001011          
                                   00011110110011110101111101011110011001      
                                   11000111010011000000010111110110100000      
                                   10000011010001000000000001010111001101      
                                   00101010000111111100111100111001100100      
                                  01101011100001010110101111010110101010       
                                  11001011010000000010110110001101001110       
                                   1001101010000000001000011100101100011       
                                  01101101110101011011000110110011110101       