                                                                               
                                                                               
                                                                               
                                                                               
                                                                               
                                                                               
                                                                               
                                                                               
                                 0111011110010                                 
                              1101101001100110                                 
                              101000110101101                                  
                               0110110100001                                   
                                 10110101110                                   
                                10011001001                                    
                                01111010100                                    
                               011010001110                                    
                              011011010111001                                  
                               00011000011010                                  
                               01111010010000                                  
                               10010011100100                                  
                              00000011101010010                                
                             11010000010001110101                              
                           001111101100100101101101                            
                          100101011011011001011001100                          
                       0110000111010011111001110111010                         
                       1111000111011110100111010    1                          
                        01 111 0100111111100101                                
                               1011010101011001                                
                              101111111100011101                               
                             00110001100010111010                              
                            001110111101100111111                              