                                                                               
                                                                               
                                                                               
                                                                               
                                                                               
                                                                               
                                                                               
                                                                               
                                                                               
                                                                               
                                10110101110010                                 
                                10010000011110                                 
                                 111110110001                                  
                                   100001011                                   
                                   111000001                                   
                                  1010101110                                   
                                  01011100111                                  
                                  01111010111                                  
                                 011110000101                                  
                                 1101100011111                                 
                                00111011111100                                 
                                111110100111100                                
                               01000001010110111                               
                              1110110011101001110                              
                             11001010100000100111                              
                              1110110101001111                                 
                                000100000000110                                
                               00111110110010101                               
                              000110010101001011                               
                              1101101000101110100                              
                             01001001101010101000                              