                                                                               
                                                                               
                                                                               
                                                                               
                                                                               
                                                                               
                                    1101                                       
                       10001    0101000011111                                  
                       11000010010101111000011                                 
                        0111111010001101000101                                 
                         111111010111100101001                                 
                          0100110001100110111                                  
                            01110100100000100                                  
                            10000100101010110                                  
                           0101101000001011                                    
                          1011000000110110011                                  
                             110010010001001101                                
                             10000011110000010001                              
                             001001100100000001011                             
                             0110110100010001101011                            
                             10100100110010110111000                           
                             00101111100101101010000                           
                            10010110000000111100110                            
                           000100110001101101010111011                         
                          1010010000101111000001110010                         
                         11011111010000001111111101010                         
                        111011110001100111101010111011                         
                       0110101110100110001111111101101                         
                      11000101100110011110110100001001                         
                     010111010010000011001011100101010                         
                   00110011100011000101111011111110100                         