                                                                               
                                                                               
                                                                               
                                                                               
                                                                               
                                                                               
                                                                               
                                       001                                     
                         111101001011100010                                    
                         101010010101000001                                    
                          00101101101110100                                    
                           1101100100100010                                    
                            10011100111001                                     
                            000010001001                                       
                             001100111010                                      
                            010000010010000                                    
                            1011110011010001                                   
                          0010110100110101111                                  
                        0001110010001110100101                                 
                         1100101100001111011110                                
                          0111111 00101000000111                               
                        00110000  1111000000110100                             
                       111111011 1111010110100100001                           
                     1111011101   11010100010011000                            
                   01011111000  1110000100001100 1110                          
                  1001111100   0110011001011100    10                          
               1111010001      100010010111001                                 
                 10100        10110011011111001                                
               00101         010100101000000001                                
                10           0011001001001101010                               
                            10101001001011010001                               