                                                                               
                                                                               
                                                                               
                                                                               
                                                                               
                                                                               
                                                                               
                     11011    0001011110                                       
                     110101001001010011100                                     
                      011010000101000101010                                    
                       10101011011111100000                                    
                        000011101000011101                                     
                          0110010011100111                                     
                          0011110111010001                                     
                         100101110101110                                       
                          010100110011100                                      
                           100011001110011100                                  
                           1101000110101111010                                 
                           0000100010111110110                                 
                          000111100001001010111                                
                          110000000111001001011                                
                         1100001001011101000001                                
                        001011010110101100011111                               
                       011000100010101011111101000                             
                      111100100011101111110001000110                           
                     0000101100101101100101100000100                           
                   11011111010101111100000101100000                            
                  1100011100100110111101100000101100                           
                100100001001110001101001011100101                              
               1101101011001101 11000110010100000                              
             00000111110111    0010011011111110010                             