                                                                               
                                                                               
                                                                               
                                                                               
                                                                               
                                                                               
                                                                               
                      0111     0110101010                                      
                      1100001010111000111                                      
                      10011100110000001001                                     
                       00001001010110011011                                    
                        001101011000101000                                     
                          1001101010000111                                     
                          10000010001000                                       
                         000010011010000                                       
                            00110011001010                                     
                           11101010000011111                                   
                           010000110100010100                                  
                          01001101111001001010                                 
                          00001010100001100010                                 
                         1000110111000111100011                                
                        10111100010001000110110                                
                       11100101101110011101110000                              
                      00011111110101110000001111000                            
                     010100010110  01001000000101010                           
                   0101000001110  01001101000101010                            
                  01011011111   100111100011110  000                           
                001010001110   1110101111011010   1                            
               101110100011    00111001000010011                               
            1111110011110     011000100010101100                               
            00110001111       1100100100111100111                              