                                                                               
                                                                               
                                                                               
                                                                               
                                                                               
                                                                               
                                                                               
                       011      011111011                                      
                      0010111101111001110                                      
                       0101010010100100110                                     
                        111011001101101000                                     
                         11111001010111100                                     
                          1011000011010111                                     
                          10111111000111                                       
                         110110001110100                                       
                           110100100011110                                     
                           00010101000110000                                   
                           000010000110011000                                  
                          01010110001101111000                                 
                         110101001101111010111                                 
                       011011100001000110010000                                
                      10100010111110001001000101                               
                      0010001101000001110100010101                             
                      01010010010 101100101001101010                           
                     001101001    001111011010011110                           
                   1010010100    1001000100001101110                           
                 10101111111    100110100110100  1011                          
                11100010111    0101001011011100                                
             110100111101     101100011000101010                               
              010001011       000101100011101100                               
             00100001        0000001000100010110                               