                                                                               
                                                                               
                                                                               
                                                                               
                                                                               
                                                                               
                                                                               
                                        10                                     
                         100110101100011110                                    
                         001101000001100001                                    
                          11100111011001010                                    
                           1010001000011000                                    
                             1101010001011                                     
                             001010001110                                      
                             111101001111                                      
                            010111111000010                                    
                            1110110010001010                                   
                          1010000011010101100                                  
                        1111000100100100111000                                 
                          010010001111100111001                                
                          1010110 10000001001010                               
                        001111101 1010000101100010                             
                       000111111  111010111100110001                           
                     0001110101  1111111111101000111                           
                   10000010110  1111000001101100 0011                          
                 01100011100   10110111100110001   10                          
                 01010010      000111100101110                                 
                 11101        10001101001000000                                
                0100         001111000001111000                                
                             0111100111000001100                               
                            01001011011011011011                               