                                                                               
                                                                               
                                                                               
                                                                               
                                                                               
                                                                               
                                                                               
                                                                               
                                                                               
                                      10 11100                                 
                               111001010000000                                 
                                11011111010110                                 
                                 10111001100                                   
                                  0101010100                                   
                                  1010111010                                   
                                  1010000101                                   
                                 111101010011                                  
                                 101001101010                                  
                                 101100110000                                  
                                0100000101101                                  
                                10011011001001                                 
                               1011010101010110                                
                              010010000111101101                               
                             100010010001100011010                             
                            010010011100010001 001                             
                            111001110111111110                                 
                                111111101010000                                
                               00110001111000101                               
                              101110001001011100                               
                             10111100010011101101                              
                             00010101110101101111                              