                                                                               
                                                                               
                                                                               
                                                                               
                                                                               
                                                                               
                                                                               
                                                                               
                                                                               
                                                                               
                                                                               
                                 0010010101010                                 
                                 1110100110111                                 
                                   111011110                                   
                                   011010100                                   
                                   010100110                                   
                                   010010000                                   
                                  11010101110                                  
                                  00011011100                                  
                                 1001010100001                                 
                                 1001000010001                                 
                                111010010100101                                
                                100011000101100                                
                               1100110110010110                                
                               1010001101101000                                
                                 0001111010100                                 
                                111110001010001                                
                               11000100101011001                               
                               10011101111100011                               
                              0001000001110111100                              
                             11100100100101010101                              