                                                                               
                                                                               
                                                                               
                                                                               
                                                                               
                                                                               
                                                                               
                      0111      101000101                                      
                      0110110000100110100                                      
                      10011100111100001010                                     
                       1000000011011011000                                     
                        100110100111010110                                     
                          1100101010100100                                     
                          00100110010100                                       
                         001101101011000                                       
                            11010111011001                                     
                           00101101101100110                                   
                           101000100010111010                                  
                          00001010100100111000                                 
                          01010101011101100011                                 
                        00011011011000100001110                                
                       011100000100110101010111                                
                       10100100100110101001101011                              
                      00011111110111110111111010100                            
                     00101011000  101001000110011010                           
                   01001100001   111000011011100001                            
                  0110111000    111001011001010  1000                          
                10100000100    1001101001111000                                
              111000010000     00010111001000011                               
            111101010001      000100000110101100                               
              10111011       0100101100110001110                               