                                  10101101110                                  
                                  01 00100 01                                  
                                                                               
                                                                               
                                               001110        11110             
                                  11       10  1101001  01011010001110         
                                  011     011   01101111000101110010010        
                                  110     000    1110110011001100001001        
                                  1001   0001     10110110111001011100         
                                  1101   1101      00111100111000011110        
                                   101    10       101111101100010010011       
                                  01      001     0101110011100001000000       
                                  00       00     0010010001001110001          
                                                101110010000000010001          
                                  1011   0111  00000100110001110011000         
                                  11000 10110     0000000000000010110011       
                                  11100000010    1111011111101110111001000     
                                  10111000110    100101010101001111011001001   
                                  10010001000    00000111000100101100100010001 
                                  01101101101   1110111100111010000000011000110
                                  00110101111  11100010000001010001001111000011
                                  10110111110 001110011011010011100011101001101
                                  001100111000111011011111111111000110110101101
                                  001001100000110100111011010000111101101001010
                                  000011000101011100000111100101111001111011111
                                  000101011011001111001010111011110110101111011
                                  010110010011011001111100100011001001011000110
                                  000011101001101100110011001101110001000111000
                                  000100001000110000110000001011111101001101101
                                  100000011011110101010100110101001011011100001
                                  101010010011010001101001011110010111010001100