11111100110 1                                                 01010111010111110
10100001011101                                                00000100011110001
10000110111011                                                11001101100110000
00011101110000                                                10010010010100001
11101111001111     1                                          01001111100000011
101010111001      00                                          00111100011010111
111001100110      001                                     10  11110100110100011
101100110000       1                                      01 100111111100001110
010000110010                                              0  110001010001011011
110001000001                 001                         11 1111111100010011010
00010111110                0001                          00 1010000011110100000
00000111100               1010                                01111001011100011
01101101000              100                                 001011000101111001
000100000000                                                0000100011111000010
101101110000                                                   0000010001010010
00111101101                                                       1101010110110
11001111011                                                         10001001010
1100010010                                                            001000000
100000000                                                              01110111
10101000                                                               10110011
100010                                                                 00111010
11101                                                                   0111110
1011                                                                    0001110
0000                                                                    0010000
10                                                                      1101011
1                                                                        000100
1                                                                        101111
                                                                               
                                                                               
                                                                               
                                                                               