                              0010100110011010010                              
                              011000 11100 001110                      111100  
                              0100           1101                      00010011
                              100             001                      00100101
                              0000           0101                       1110001
                              111101        00000                       1011011
                              1101111      001001                       0111110
                              0011001     0101000                      01000011
                              01000111   10100001                       0110110
                              01101101   10001011                       0111100
                               0011000    111111                        0001110
                               101111     100100                      110000010
                              11010         10001                    1000010011
                              1011           1011                      11111011
                              10110110   00010000                      00100100
                              011101101 011101011                     110100011
                              1010010100100101011                    0011010110
                              0110101100010101000                   00011011100
                              0011101110011001001                 1110101111011
                              0110110010111100100               110101111001100
                              1000101101010111011             10010110111100 00
                              1010000011000100010           011100111000111 101
                              1111110000100010100         1001000101110010 1100
                              1111101110101110111        110001100011111  11110
                              0000111101101010101       110111001001100  001110
                              0101010001010110000      101001111100010 00011111
                              1000000010000101101      0100011110011  011101100
                              0010001010110010110      010011000010  1011110111
                              1101010101011000100      1001100001   11000011111
                              1000011100101110011     1100110100   111011110111
                              0010101001111100100    011110001     111101001001