1011110001101111100100101110101001                      10101011101111010110   
01000010101000001111111111001000011                     00110100001100101110   
01111011011110100111110011000010001                    001110101101110011011   
01001111010100111101111110010011110                    001100101111111100110   
111000110000101010000011011000010111                  0001011100011100001011   
100000110111110101101100001011101111                 00011000100010111101110   
010111010111001011100101110000111010                       10001010111110011   
1011111010011010011010010100100100001                      10111000001101010   
100000001011010010100011111111111000                      111111111110111101   
001111011101010100101010110001110010                      111101011000110010   
0010100001101000111111001101101001      1010             1000100001001001100   
01100001111001001000001101001111      0010000           111101111  001001010   
1110100001110011000111110100011      10111110           00101111  0000010111   
000101100001001110101101010010      0101100                0000   0100001001   
11110111000011101100100101110      11000100                       1011100110   
111011100010111010010110111      10101010                          000110100   
111011001101110011010000100    010110000                           010000001   
100001000011111010010100001    100101000                          1010001101   
10011010011101010101011000     10101001                          10111010111   
11110011110100100001000000    111010010          011010      001001101011110   
11111010011100110011110100    111011011     01110001100011101110010100100110   
1100101110000011010011001     0000011100  1000101111101100101111101000110000   
0100001001110000101000110    11000001011110001001111110000011010110101100001   
111111101001010010100100    010010111110100001101111110100101010101101111111   
11110000110100110111010  0 1110001001000110101111010110010111110000000110010   
1111011110011001001010001101110010010101011011110110001000000111011001111001   
0100110000111011111110010110110001011110010101011101101101001110010010110001   
0111111010100100111000101110101100000101000110011100000000110110110010000000   
0110001101011000010111101010110010010010100011001001000010001001101001010111   
0100110111000111101011010101100000001010111110010110111000101010000111100011   
1001000111111110111100010011111000010101001101111010010111110001100100101100   