0101101110110110000101                   011101001111100110111101100           
11010101101101100110010                   11111100001110011001101000           
01111100111000100111110                   11111101110100001101011111           
11111010000110111011100                  111101100011110001000111100           
000000100001001001101001                0001101101010011011110110010           
111001000100011000100110               01011000011101111010000010100           
011001011001101000000010                  11101011010100110111000100           
111101011101100001100010                   1101001010101111101110011           
100111101010001101110000                   1001111101000011100100111           
011100111100111110000000                   1110000100111001110000000           
001000100010101100011100   01             1100  01010010010001111111           
10110010111001110001010   110            1010  001110011000011010101           
0010000110101110101100    11               1   001001101101001001101           
011100101011011100110                          100010100011101110010           
11011011111000100100    10                      01011011100111000001           
1101110011101001011    001                    1100100101110000010000           
0010011000011010110    011         111 010 0010111101100011100110100           
1000000100101000010   1000      110001100011101010011111110110000111           
111010100001101110    101101 001101111111010100110101000010000100100           
100100100111110000   10110100010100010111001101011001000011111101001           
0101001000111101010  00011010011111111001101011100001101101110011100           
0100011100001010100   1011101001001110100111010100101100001001100101           
1000100010000100110  1 010101101101110001010010010010011001011010100           
10000101010110011110110101000001100101011000111000000011010100011000           
01101010101100010011110110101000000000000010011010110111111010110111           
11011010001001000101010000010101001001101101001110110010011001100101           
11000001001000010000100110011001111111111111100111100010001110001011           
10110001000000010100000111000010010101001111000001111111101011000100           
10010110101011100101011001111101001111011101001100001000011100101000           
01001010110010100000001111101000100000100100111101100101010011110000           
00100000100100001001101001110000010111000110000011111010110001010100           