                                                                               
                                                                               
                                                                               
                                                                               
                                                                               
                             01                                                
                                                                               
                                                                          1    
                                  111 011101                                   
                                 001101111 00                                  
                              10    01010110                                   
                                   010 10101110                                
                                     110011 10                                 
                                     0010010011                                
                      1011           00100000101000011010                      
                      10100111110011000010101001110111010100                   
                          0 01010  0111111000001100111001100                   
                                          100    0001010111                    
                                                                               
                                                                               
                                                                               
                           01         1                                        
                                                                               
                                                                               
                                                                               
                                                                               
                                                                         0     
                                                                               
                                                                               
                                                                               
                                                                               