               100010011011100101                 11110000000011               
               0101011001101111000              1000011011101111               
               00111010110100110111            01011011001101001               
               100001101110100000110         0110101101101111010               
               101111011001010010010        01001110011101010100               
               0001111110010011111001      011000100100111011100               
               10101101011011001100000    0101000101101100010001               
               10000111111101111011001    1111110001011110101110               
               00111010101000001001101       0011101010100101010               
               00100000111000111011101        101100100110101000               
               101100100000                            100000010               
               00111000111 11001111011       0001001110 01010110               
               00100101011111010000100      10110000000100010000               
               100011110110001110               1001111011111111               
               100100010111110010111        11001101011110100100               
               01010010100011111001010    0101111111111011110000               
               011111100000011111110101   0100001111000101101110               
               1010000011011001010100001 00100001001100111000000               
               1101110010100110000111110001011110101011010100111               
               0011010101110011011111010111111000110000000011010               
               0011001110110001011101010010110101011101011001011               
               1100010010111011110110001000000100110000001110010               
               0111101000111001110100110110001000011001001010100               
               0000101010010101101100001110001000110011110111111               
               1010000100000011101110111010011111110000011011111               
               1010101110100000111110000000011101110111000001110               
               1111001011111010001111101011101011011110011001010               
               0000010110011101010101011010111110111100011110110               
               0111100010100100011101000100001100000011000111101               
               0011000110010101011010001110110011000001010001001               
               1110001001101010011110111110000011111101101101011               