101110101           000111000001101010111111111110011                          
101100011          0000100010001000000000010100110110                          
010011001         01100000100000101100011110100001011                          
1100101101        11000110010111011111000011110000101                          
0001101111     1   1100000101001001011000000101000000                          
010010  01    01     10011110011111101001000000011100                          
01101         01     10011101001011111000011000001101                          
00100  10             1011100101111110100100011100100                          
011100 1001          00001011111111011010100011111010                          
0001100001110       000100000110111110010000000110100                          
0010100001001      1001100101011110010010111100111001                          
11111              0110000100101000100100100110101001                          
011101           00 111110100110010000110010100100100                          
1101100101      0011110100101111110011011101000000110                          
00101110100     1110011010010011101010010001010011100                          
100100001100    0101010101110000011100110001100101101                          
10110011001011101111111001100101000110110101111010001                          
10110000011110110011111000111001111000001100101101111                          
00001001101111111000001001100011101110110010010111001                          
01001101110000000000000010011010010111011110100100000                          
01011110010110110101100010010111111100111110100001100                 100110   
10011001010100000011000110101101111010001011110000001                 011010000
01000111101110000000010001111001100110101000011110000                 010011101
00110011110000000011101000110110110010000100000001111                1011000011
01000110100000111010011110010101000001000001010010110                 11101111 
00011001011001010010010010100101001000110011111111010                1001010101
10001101001101010010001010111100000111001110000100000               10110111001
00000110100001110001111100110100000011000000100000110               10000100111
01110000001101101100110001111011010100011101010101101              101000111101
00000010001001011101110011010100111101100010000110100               00101001010
10010011000111111011100110001100100011001110101010011              001000110001