  111000110101000111001111101011010            100001010101010100011100000001  
  0001110110101011000001010100101011          1101100101111110001100111000111  
  1001101010010010100101010001000111         00010110111011100011010111100000  
  1100000010000100111110000011111110       10100 1010111100010111001110101100  
  00101000111010100001011100001101010     00010 100       1100010011111011100  
  00111100101100001011110111110110011     010            00010111100110100101  
  11100011011101011011110110101011110                    10010111010101011010  
  01010111010010101110000010110110011                  1100110111110110011101  
  0010111110001110011101000000110001                  10011011111101100000110  
  01001001110110110011110110101111111               1111011010011000011111011  
  11000010011001010111110000101110001             011010110111011101101001001  
  000100000011100110110000000110110               011000001110011000100101101  
  00101011111100110000111011010010    011             10011100011001001001010  
  101101100011111010000100   100    1000              11001001111001001011100  
  010011000010100010100010        1110             01001010101000000011101001  
  1101011101010100010101101011110011            01100010111011010100111000010  
  0011010011010111010111010101110               11011110100001111110000001100  
  100011000100000111011001111011                00  1010010101010111110110010  
  001011000000000000111001111110110110100         011001101010111100101001000  
  00000111101010101011101100111100101110110       100101110001101100111101110  
  101100010001100000001000001010101010111011101110111101101100001011000001111  
  000110011110111111100000001011111000000100011111010110010001101100000100000  
  101010001110101011111000010100010100101100001110111110010011011011000001000  
  110111010010100101111000000101011111101100000011100111110010000101010111001  
  011011011111001100010111101101101011011000001010011110101101010000011010001  
  010101000010010000001010000100010101010111010101001011100101001110011010000  
  100110101001001100001011110001001101011111011100100100010101101110110000010  
  110001011100001111101111111000100001101110110110001111110001110100010000100  
  110001000001001000000001011111000001000111101000011010011011101001111111011  
  001001010011110110011000110110011010101111101101001111110111111010011100111  
  010000011010000100101000001111001110111011011100001100000101001001100101010  