00110101011            100111100000011111001110100000110101                    
10010101011            000111000000100011111010110010011110                    
110101101100            11110010000010001011110100000011110                    
1011001101001       1    1000110000011110001001010011110100                    
1010000001101             001100101001011101000101010001000                    
0000111111000            1100111010000011010000000101000010                    
1010000001111            1011111000110010001111010110110010                    
1100011101001           01001100011001101111110110000111001                    
00110100100             00111000110001001110111111110110100                    
10111011      101            110000110001101101011011110100                    
110111    0001100           1011001111001011110100100110111                    
1000110   0111            010001000011001111111110011000111                    
10001011   1             0100100010111110100100000011000111                    
10100010                 0  0101111010100001101101110101010                    
011110011                   1001101100011100111111110110000                    
11001101000110110010       00010110011101101011101011111101                    
10110101100101101010011110001100111010000100101000000011010                    
00100000001000000010001001010001001010011001011101000000111                    
10000000111101010011010010101001011010101111000010111010110                    
11110101000011110000110101000111111110100101100111000010010                    
10101101100110100101011110101001010001110010100010110001101                    
10100011100111101110100100001010100110101100010100100010101                    
10010100110000111001011101110001100100000100010101111110001              11    
01100110110000001101111111000100100011100010001001101001010              010011
10110010000111111100100001000111010101110100111010011111001               10000
10000110000110011111110011110111010000010000010000111000100               11111
10111011010101100110110011010010001010001011111001001000100               10101
00001011111000100100010010100110110110101111111010111000100               10000
01010110110001110111111101100111111001010011001000001011111                0000
01100001110110011000101000001111011000111111011111011100101               01101
11000001111111011000110001100101111011010101111110001101001              110000