0010101001000110000001100100111110         111            101000100010111101011
1000000101000001010101011100000100        001            0010101000011000110101
00111100010110011100100101101110101        0             1000111101101101011011
10000011010100000000101011001011010                     10011001010010111011101
11100011101001100100111010000001101                     11100111100001011100100
10111000110001101101010011011100000                   0101100011101000001100111
10011101000001101001101011010100001                  01001010111001110101110111
110110011001010011111011000111011101                111101111110111111100001001
111001100011001100000100010110010011                1011 1010011000000000000001
1101001001100010100011100101010111010               10     00100001001111101011
0000000110100110011101100001101100                       1110110100000100011001
10001100110101111100111011001111       1100             11010000101011110011001
110010001111001011001001111101       000000            101100111010001101101110
0110000110111001011011110111       001001             1100001100110110010001010
11010001101011010010111101      111110111             1100100 00111010101101011
01110010100100100011100001    010111010011              010  101110110000001011
1011110001010101011110111    10110001100                     101011111010100111
0101101110000110001100000    1100010101                      111111111010100010
111010001100111111011011    101110111                        100110011001101101
01000111000111100000111     100011101                       0010010001101110101
00110001101000011000100    011011000    0101110000001 0100101110000111000001000
0100000100010001110010  1111110001101100101000011111111011100010101001001001101
011100011001010011     10101101111011100101101010101101100101001001110101110101
00011000110010010000 0000011111010011100111000000011110101101100010110110001010
1111101010011100100000010100010001011001110110111010111000110100000101100011110
0110101000101110111000100000011010110111101000000011001101010001110111001011100
1110010111111111000011001001000111011010000110001100110011011001011110010111100
1101011010011111001000011000010100010111111101011100011011101100010100001001011
0011101100100110011001010110000000000011101100011010000011001100011011001001001
1110100011000001011110111111111000001010010101100100010000000101100110110001100
0011101100111101100010000000101001111101001000011100000011100110100001100111000