110010           00110111010101110001100                                       
010110           01101000110100111010110                                       
011001         0011000001001000001011000                                       
010100        00011001011001101110011111                                       
000011      0111001011010011101100010011                                       
0010000    10110100111010100011001001001                                       
0101101     1011000000000010001001110010                                       
00001           100100010100011111101101                                       
0000 1          011011001000001001100010                                       
10010000     111101010010001101101111111                                       
01111011     000000010011111100100101001                                       
000001      1110110101101011111011000011                                       
0110        0000010001111000010100101111                                       
001100111   0100011010111100100001011100                                       
0100011010010001001011110100111101101011                                       
1101101010001001010010001011010001111001                                       
0001101010011110100100000111100010100001                                       
0011111010011000010100001010100100011110                                       
0100010111100111111000001010101011101011                             0111      
0001101111011101100001011111101111101011                            001010     
0001101100100101101111010100101110111100                           0100100     
0100011111000011001000110101011100100100                         1100011       
1111100101011101101011101010100101010001                       00001110011     
1111000010001110001100010000000101101010                       10111011101 01  
1110010111100111000000010010011000011000                       00001000000011  
0001100000100101001001011001110001001001                       10010000110011  
0111100001011110011011111010000101110110                        000 11000011   
0010001010101100110111011010011110100010                            001101     
1101101100001101111010011001010101111111                           1000100     
1011000011111101111000001110011101111101                           11001010    
1110100100011010011100101011100011111010                          100111000    