010110            10001110100011111110101                                      
101111           111000010011011100111100                                      
111110         01110001011110101011101011                                      
101010        101000010011111100111010110                                      
1111100     00101101101100100100110110111                                      
1011100     01000001001011111101011111100                                      
0011101     110  100001001110001001101011                                      
01101     0000   011110101000110000101010                                      
11110     10    0100001010010000110010100                                      
10011101      110110100001110101110100011                                      
101101110     111110011111010111111110001                                      
101            11110111111111011000000111                                      
001001     011110101010111010101111101001                                      
0000110     00110100000011000000001111011                                      
11111000011100010111101110111110100110000                                      
00000111000101101011001111000111100010010                                      
01010010000010010000111000110111011010010                                      
00110111010000110010100111000001100111111                                      
11110110101010011000010111111000101010100                             0001     
10001001111110001011111110001100100010011                           000001     
10101010011100000000110110110111111100011                          1010001     
10011100010100001010110010100110110001000                         0010111      
10010001011001011010110001011111101110110                        110111101     
10000011100000110011100001100001011011101                       11100101111 11 
00100110110011001101100010110111111110101                       10111101000111 
00000101100111001111101101111010000101000                      010100001100010 
00010000101000110001001100101000100101110                       0011001101101  
11110000101001011000100000010101001111000                           110100     
10000101001011110110110011010111111111001                           110010     
10010100000001000111110101101000111110000                          01011010    
10101111011011111111110001100100001000010                          001111000   