             101110110101000100100               01100101011000011             
             1010001100101111000000             100101000110010110             
             0101110011011001001110           10111001010110000111             
             00101110101100000011010         100100100010101111011             
             011011000000001010011001       1010111000111011110011             
             100111010000010100110101      10111000101000110011011             
             1010011100001111110101101    100 01010101010100010000             
             0010000101100111101011001         1101101111001110100             
             1011001110011101011111000         0111000000001111000             
             0111001010111011101011010         10000001 0110100100             
             0110000000000                            1  111110011             
             001101000000  110001101110       0001110000  10011110             
             01110010111111001100111001      101001001111011000010             
             10010101111001000001                00001101011100101             
             0011011111101111110011          101000101001100101001             
             1110100100101000111000001     01100001100000111000010             
             11110001000111111001000010    11101101000100100101101             
             111110110110001000001000110   00001101000001101110101             
             01111001110001100101011001111001110111001100110101011             
             00011111111000011101100101100010110001000111011111001             
             11110110011110010101111110110010100010110010000100100             
             11100110101110001100111110001111101100101000110111001             
             01101110000100111110001111010000000011000100110010110             
             00000001100001100010000111010111111110111000100110010             
             10001100001111000110000011110111010011011011010000010             
             11100001010000100110111010011001111001001010001111101             
             11001100101111110100011011101000000100011000001100111             
             11110010011000011111101111110010110011100010010010110             
             10101001010110111010111111111000010110000101011001011             
             00111110101110011111100110111011111111001111001011111             
             10000100110001110010010011110101010100100010000000111             