           010000001010000000001010             10011010011110010000           
           100010101010111010001011            100100111000111101100           
           1001101010101100011011100          1110100110000011111111           
           1011101011011000000000001         10110111110100000101100           
           00100101111101010101010101       101101101110010011111100           
           100001001101010110101001001     1101011100111000101011110           
           001101100111111101010001010     00    0100011100111011010           
           111111100111001001010111101           1100011100001100001           
           00101111111101101011101001            1111111001001000001           
           00111010011011011100010001                     0101011101           
           101110110111000                       0001111  0101101110           
           00101110011011  011110100100        0000100010 1110110100           
           1010100111011111010110111010       1110000000010101101110           
           1111100100101101100010    1             01000011110001100           
           111011100010100010110              0 11000101100111001010           
           000001000000110111110110 1        11111011111000101000101           
           0110000011011101110110010011     101000011011100110001011           
           01100001100111110001001011111    111011111100101110000111           
           1010101101011101111011000001100 0000101011000010001111001           
           000100010100011000101011011101001111001011011011110111011           
           001011101000000111010111101101001000010100101110010000110           
           110001110000000100001011111100000010100101001111111000110           
           001010111010001001100010111001101111001011010000001110011           
           110110110110101100100011000101011110001110111111000101011           
           000001001011000100101100011000101011101110000111111111111           
           110101111011100000110001001101001001000011100111101010011           
           001111001001111111000100011000011000011110100111011001110           
           001010011011010010010000111001110110011100111000110000001           
           110011100100010011100011001101100111011011000110101101011           
           011001010110000011110111110100001000011111101000110100110           
           011110100110000111001110010000110111011010101110011100111           