                     11011101001011         01110100000110                     
                     010100100111              01001111100                     
                     001001100111              11011000100                     
                     1001111011011            011110010100                     
                     10000110111001          1000001000111                     
                     101101011110111       011101011100010                     
                     1000001110001100      001001110111001                     
                     01100111010100100    1110101001001010                     
                     00000000001100001   11100000011000011                     
                     11010000001000010     000110100000000                     
                     01010010011000011     101011111111101                     
                     1011001     11111     001      011000                     
                     11000101001000000     100111000011100                     
                     0001101010000            011001111001                     
                     10000110011101100   10000110101011110                     
                     10110011111110110   01101110111100011                     
                     010000101110110011 101100010000011000                     
                     0001000110000011000010010011110010000                     
                     1100010000100101110111101101010010101                     
                     0101101111000001100111010110100100110                     
                     0000010111001011100111011011000111111                     
                     1100101000011110101101110100011000010                     
                     0110010111011011101100010001110110010                     
                     0000011101101110110010000111110101001                     
                     1010111000010000111000001010011101001                     
                     1110101001101100001011001111011011101                     
                     1010101010010110010010101010110100001                     
                     1110101110101101100011010111011000111                     
                     0101001100010101111010011100000100111                     
                     1010001100001011011111001111001111110                     
                     0110011111011110011100111101110011101                     