                                                                               
                                                                               
                         0                10                                   
                                          01                                   
                                                                               
                                                                               
                                                                               
                                   00                                          
                                  10110111011                                  
                                  100011110                                    
                                    10110110000                                
                                   0100110000011                               
                                     101100110                                 
                                      100100111100                             
                      01101000      110 000110111111010101                     
                      10100001010011101110001010110000101111                   
                              10     101101101 00010111001001                  
                                          1110     101001100                   
                                                                               
                                                                               
                                                                               
                                                                               
                                                                               
                                                                               
                                                                               
                                                                               
                                                                               
                                                                               
                                                                               
                                                                               
                                                                               