                                                                               
                                                                               
                        11                                                     
                                                                               
                                                                               
                                                         11                    
                                                         01                    
                                   01                                          
                                  000000000111                                 
                1                  0100111110                                  
                                     10101111000                               
                                    101011100110                               
                                      00101101                                 
                                      01011001001                              
                      1010110010110  101000001001101001110                     
                        0000011001100100100001110101110100100                  
                              10      1111 000 10010001100010                  
                                           11         0010                     
             0                                                                 
                                                                               
                                                                               
                                                                               
              0                                                                
                                                                               
                                                                               
                                                                               
                                                                               
                                                                               
                                                                               
                                                                               
                                                                               