10111100           10011000000110010001111010001                               
11011010         0010001111101100010010110100111                               
00011111        11001100001101011000100100101010                               
10001011       000110000010101111100000110110110                               
010101011      000010000100011010000001000100011                               
111001101   00 1101  111001000010001111000011001                               
1011  1    00  00    001010101100111100111101110                               
11100 10             100100010010011011011001000                               
101001101           0101010111100100000010100010                               
10100110110       100101000011010000101010110101                               
11011000001     01011111011011001101001101000100                               
010              1011001000110001000101101000100                               
0001000       1010111111110100111111101010001001                               
10111010     01101010101000101111111101110000100                               
100110110     1011110010011001110111111001110011                               
10000111001 010111101010000111101001101010010011                               
101110010100001011010010111001110011001000011111                               
110011101001110000111110100101100000010010101010                               
101001010001000101000000100101100011110111101100                               
011010010010100011011101011000000000110001111011                      11101    
011100100111101011100101110100110001111001110000                      11010000 
010011111001011101000001010001000001111001110000                    1100100000 
101110110111101111101101011100010110000011101100                    010000100  
000011110110111100101110000101110001000100001101                   11100010    
000010101111100000110101001110010100000101001010                100111101001010
010110101101100010111111100100110001001000110000               1000010101000000
011001101101001001000000000110001000111010101001               1010100011110000
001101101100011100000011101101001001000001100100              0111110111111110 
111101011101111011111000101111101010000101111100              10111001000010101
000000111000111010000100001011110000110000010011                 10000000111110
100100100001011110010111110101010011010110110110                 10101001101100