0001110000100000111111110110011000101111                                       
0110100010001000001010111101101111011011                                       
0000001111010011101011001100010000110011                                       
0010100100001000111101010011110111011010                                       
1000001001101111001000000000010110111101                                       
0000111011001000001010000001101010011001                                       
   0110110101110000111100011110000011000                                       
        10001101010010001111110011110001                                       
010          001111000110110100100110110                                       
1000000001       00001110011001110011000                                       
   11010010001     011001011100110010100                                       
      000110110000    011011010011100100                                       
        00000111000100 00100100101110011                                       
         0011001101000010100111101111001                                       
         0001011010100011111010100100011                                       
      1101010100000001010100101101011110                                       
0011011100110011010110110010110110100000                                       
0100101010011110101000011101111111000100                                       
0101001100101100100101111111000110000110                                   1101
1100111000010001101001001001110100011001                                   1101
1010111111110011100101010110111011101011                        110        1001
1011100110011001001110001111110011101100                        1011         01
0111101100001110110110101001111011100100                        11010        00
1011010010101010010100011110101001001000                      10110001111001110
1110100100111010001011010000000110111100                    1111010001111101100
1100101010100110101111011001000000111100                   01100110010110111000
0000110011101100101101001111010110001111                     011011111001 10000
1100000000011101111100101111010011110001                      100000100   10000
1010001000011010100000100001001100110000                                  11000
0000011111101010011000010110000011000111                                  10100
0000110100111110001011001111100011010111                                   0100