01110101001101101                                  0001111101110111000000      
100011011010001010                                  1000100001011111000000     
011000001111101010                                      011110100001001010     
0100110000101010100                                       0110011110000001     
11111000110101100111                                       0110011011111101    
011110010001100110011                                        01110110001010    
1110100001010110111000                                         110001101000    
01000010110100010110101                                        010111110100    
100000101000111111011101                                        00111001000    
00100010110110001011001100                                      00010110111    
001000100000110010010100000              011100001              0000000010     
110011110110111100111     00001100       000000010              1000000101     
1011001000111110      11111110101011      01001001             0001110000      
1001000011010    11011010100010101000       111000             1100111110      
01101010011     00110100100011011100110       011              101000000       
0011000000     1110110100111000111100101                      110101010        
10100101       0000111101110100111100000                      11000111         
01101010      101010011000110000110110110                    0010010           
1111101       01101111111101011101000001                    010011             
011100        0001101011111001101011101111              01011000               
01101         110000000010   111110000101101            1000                   
10101         101010001100     1011001011111110                                
0110         0011010001010        0001101100110010                             
0100         01001000110100 100110000101011111110011101                        
0000         01100001011100011111001011000011100101110111                      
0010         1110011111010110010011000000100010000010100110                    
0101          10010000011010001001001000100011100010101101000                  
01011         110110101111000001110101000100110111011100000011                 
01011         01001001110110010010011110101011011001111110000111               
11010          11000110010111101011010010111111000111010110101001011           
100000           10010010101001010101011001001011100100011001111011110         