                                               11101111110001110               
                                                01010111111001111              
                                                   1010000000001               
                              101111100             111011101100               
                           100010001101001            110110000                
                       111001110001111100000          001100010                
                    100001010110111010010000          10011001                 
                   000101010111111100001111            100010                  
              01001001101101100100001100011            00101                   
  01000110110111010101011101010011000101110   00    1101101                    
010111011001110001010010010001010000111000100010101011100                      
11001101011000110011110000100101100111011110000101101001                       
01010010110110100111101001011111111001010101001010101                          
01111000101110101000000110001000100110101100000110                             
0110100110101000001011011001111111000000000000                                 
10100101011010110110011011110100010110001 0                                    
00101101001000000101000010100000100011                                         
011110101100100010111010100111110                                              
00101100011100001000011001100                                                  
110111100001110001000011001        100  111                                    
111011101011001110101110         00010100100110                                
1111001110001111011100          001001111110111                   0100011100100
100100001101000001101           101011001001011                 110110101111001
0011101111111000110             100011010000111            01001111100011011000
100110000110001010               000110111011110       001011101011011011001111
01010011100111011                 100100111110000000001100111101001010000110110
1001000110110001                   00010101010101001010101000101011011010101011
0100111001001100                     100110000111010010011100110010110101010100
010110011010100                        0110111101111101001100110110001101000111
000100100000100                          00101011110101001101111101100111100101
001000111011001                              1101110010000111100100101101110010