11001000111011111000101011101101001000101101101101                             
   00010000000011000011010111101110010111000001001                             
          010110101010100010011001001111010101100                              
                    11010000110011001000101010100                              
                         001010110010110011010011                              
                101011      01011111110100010111                               
                    00001    111101110011101101                                
       1      110111101110011100011001111111100                                
11   01101011011000110011000110001110001011001                                 
1010001110101111100101011000001101110010000101                                 
00010011110100011000001001000011011001011110                                   
11101100111110111010110011010100100010011110                                   
1101101000000001000110100001001011101100110                                    
101010000101000101011111101100101110010001                                     
01100010101010000010001010100100000111101                                      
1000101101010110000100101101000000001110                                       
101111110010101010111101000011000101100                                        
01100110001010000100111111010101101111                                         
1010111011110111100011110111101000000                                          
001110101110110011010101100011010110                                           
101100010001010010111100001001100101                                           
11010011100011110011100101011001011                                         001
1010100101101101100110011010100010                            0011   1110101111
111000000100100010101100001000001                             10111011101111001
111111101000010100111101111101010                               110110011010101
00100101010110110111101110110011                                       11011001
01101100001011110101101100101111                                    11111000110
1100111001110100101111001011111                                 111011111101101
1010000111101001101110111100100                            00000001101000101110
000000000100111100110100000101                          11001001100101110110001
001010110000000101111001100010                          00010010101100100110100