10001        000100100011101011010101100                                       
00011            11000101110011001010101                                       
00001           100111010111001110010010                                       
010000        11011100011101011101100101                                       
100011      1110111100000100000110101101                                       
101000     11001011100000111011100010000                                       
0110000    11101001010001000000100100001                                       
1110011       01110111011110111010010001                                       
011010        01011111110001001010110000                                       
110010       110101100101100001110010101                                       
0101000      101111110111010101011101101                                       
0110110      000101110111101010001111101                                       
0010        1111001011100111000001110101                                       
1100000001  1100110111011101110000001110                                       
0100100011010001011001001000111110010010                                       
0110010000010000001001101101011101111111                                       
1011010100000101101001000101010001000011                                       
1000110001101111110101101111111111001010                               0       
0101000110100111111100010110010111010011                           00010       
1000111000011000101110000100110111011001                          100111       
0011000011000110101110010001001001001000                          101111       
1101110011001010110010010100010111000011                         1101101       
1110010010000100110010010000010110001001                       1100101101 0    
0110001101111111001010010001000110010101                      01111110101001   
1101110111111001001001001011011101100010                      01100001111000   
1000100100011010100110011011110011000010                         0001101011    
0000011110111001011001110001100101110101                         11 11001      
1101101011110110011010011110010101001000                            10010      
0110001111111100110111101110101000101100                            101001     
1101110011111011110010110001010100101101                            110010     
1010001000000010011101111110010111011100                           10001001    