1011010101000011100                                        10010111010010000100
111110010001101011 0011000111110                             111000110111101111
101101000101000010001000100100111001                           0111000001111111
10000010000001110100001111011100100110                           11101011111101
0000100010110110010000000010111000011110                           101010100001
00100000001100100010100000101111000110111                           00101000101
100011111001111100000100111010111101111000                            010010010
1010000 01010011111000011110001011101110000                            11001101
10001  1001111001001111     111100001010000                             0011111
0101  111101111111100        10110100001010                             0111011
110  1001000001100111        11000011101000                              000110
10   01110000111100101       11010110111100                               01101
1   101101011110010010110001000101011001010                               01010
    11101010100100100110000010101000100110                                00000
    0010000111110111111111000000000001000                                  1110
    100110100010001101011000010100110110                                   1001
    10001110100010110111001010001001100                                    0011
    0010101001110100110001001111010110                                    01101
    101100110101000100011000000011010                                     01101
     0101101011010100011011111110001              1110001                 0001 
     0110000101110111111011111110111             010001001               0001  
      111001010001111011100011011001             111101000               001   
      011001000011101100000101100010             000001010              101    
       111110101001011101111000000110              00011               01      
        10111011000111001001001000110                                 00       
         11110100010011010111110011001                              000        
          00011000101100011011100101110                             1          
            00101011101010100011010101101                                      
             000000100110001110101111100110                    0               
               01010001101100110101010111010111             0011               
                  10110100101101110101001000001100101101011101                 