01110101110110111011110110000000100001011                                      
00000011111001101111110111100010000011110                                      
10011100011011110010000111000001010100001                                      
11100100101001110111000010010000100011001                                      
11000110001101000000101010001101000000111                                      
 0000000011001010110000110111010110011010                                      
       1100010010011011100000001101100001                                      
           010010000000001011100100101110                                      
110101         11100000111100010000100010                                      
1100100110        0000100101100101010011                                       
  011101110001        010001000111110011                                       
    10110001001100111  00100000111111100                                       
     01000001100010101010010110110101100                                       
      0101101100100101000010101011011100                                       
      0000001101101000110010011010010000                                       
    100011101010001000001001010011000110                                       
0010110110111110110011000001010011110001                                       
0110110101100011011100111011001101101110                                       
0110110011001000110101100111011101001101                                       
1001011000110100001010011111000111001111                                      0
1101101000001001110100010001011011111111                       101            0
0101011000101100010101100000101000010110                       111101          
000111000100100001111011110000101011011                          011101        
001100010100100110001010010111000101001                        0110101010      
000001110011101111100110000010110000110                      010100000001110010
110101001000010100100011000101001001110                    01111101001101111101
000011111100110000111000100001001110110                    001111000100110010  
101101010110001110100010001111000000011                       0101001100000   1
001011001011011001101001011100101011101                         01101001      0
100100111001011001001110011000001100001                                       0
001110111010011101000001100011011011010                                      11