101001       001110111100001001010101110                                       
011011           01100010001110011111111                                       
101010          100001101110111000100000                                       
010111        01110011111001001110001001                                       
010100      0111010110000010100000000001                                       
111101     01111001101001110001100001101                                       
0100101    10110011000000011111101011100                                       
111111         0010110111100101111000011                                       
0011          11110101001111101100111001                                       
0100101      001111011000010000100010110                                       
00001011     011101001111011101011011110                                       
1001111     0111101010111101010000010110                                       
10110       0011001110101011001000010001                                       
1100110000  1010111000111010011000011001                                       
0011001000011101001100111101000001100000                                       
1110111100100000101101011111111011111100                                       
0101111110010001011000001101110000010101                                       
1111001000010110110010000011101110011000                                       
1001001011100111001010101001100101100001                             0001      
0011101111010011100111111000111010011000                           000001      
1100111101000000111111101101101010001101                           110111      
1110011110001001001000011111110111001010                        10100011       
1010011010101001101010000010001010110001                       0110100000      
0010100011110100011011010101100001011101                      00001101101011   
0100000111011101110110100100110110111110                      10000001110011   
1101110110010001000011100001110000110111                         10110011000   
0000000011010001011111011011101001011111                         11 111110     
1001111101101011110111110110001001000110                            10001      
1010101011010010001010000001100001101000                            011111     
1110000010001100010111111001110111011011                           01100010    
0000011111000010100110001101101111011111                           10111000    