         000011000011000001110100000111101010011010110                         
          101        100011111101101011000111111011100                         
                           101010101001100000011111101                         
                  11           1101100011101001110111                          
                  11  0001        1001110101101011011                          
                      1000        100011010110111100                           
                 0000011000001     1000111011001100                            
     100101111001111110011010011010101110110000001                             
   0101000111101011000100111000001101100111110111                              
 01010000110110100001010110111010011100101101011                               
10111100100110001100101011100101001101110011010                                
1000011001101110101111101111101110100100101100                                 
011010000011001010000101000000010000011000110                                  
0000010101110100001000111001101001100001000                                    
111111101011011110110110110101011101110001                                     
1100000010101110010011101001010010100110                                       
100001010001010111110100011000010101110                                        
1000001000111000010010101000001000111                                          
011110000000111000111011001010010111                                           
0101101110101011000100010010110110                                             
011001011000010000010111011010111                                             0
11110001011101001111000100100011                                              1
1100000000110100001100111010011                          1000010      001100100
110100100110011101010101001010                           10010011 1011100100111
01011101100101000000101000011                              01101011000101010001
0110111000100101111110101111                                 010001101000010101
1101010111101001101101001010                                        00 10001111
110101001001001001001000000                                           000111100
10010010001111000010010011                                        1011101100111
11010011110101100000000001                                    11001001100010111
01100111100010001001111011                               0111000011110011000101