     11111011101011011001000100110101000                                       
    101001000110111001011110000110101110                                       
     01111101110111100110000101111111100                                       
     00110000100110001110101110010100110                                       
    010010001100001010111110010110010000                                       
   0011010101010110100011111111001000110                                       
   1010011100101111001110001101110111011                                       
    111100010000111011110111011101100000                                       
          010011011000011110101011111010                                       
  110111       1100100011100111000111010                                       
   10110111000     111110101101011010111                                       
        000101110    0011000001100001011                                       
           010010000  100011110001110110                                       
            1000001111011111000011101010                                       
           11110010010100010100100001100                                       
    011001011011100010011000000010100100                                       
 111100110100001110101000010000000011111                                       
1111011011101111001000110000101100111111                                   011 
1101111010011110100101001010110101011111                               11101101
1011011001001001000001000101011011100001                               00111010
1111111100010100000100010100010110100011                                0010000
0101100010100100101111110000011010011010                           11   0101111
0001110110011111000001101011000111101111                         1011  00011100
1000011111000010101110000010001010011100                      00100101100100000
1101111110010110001100111100000010000110                     111110111010001101
0111101010001000000010111001110011111111                     101000011011100111
1100000011111111010100000010011011111001                      11011101100110001
0100011101111011011111011100001101101010                                0110010
1010111010100101001100001011110100000000                                0011101
1111000011110001010111011010111000111011                               00101011
0001010110110011001111000101111010011110                               10100111