   0010111101010010110011111101110001000                                       
    101101011010011001110100101111001011                                       
    001001101111000100000001100001001111                                       
   1110001000110101101011100011111000101                                       
   1010110011101111000110011001100001101                                       
  10011000101010101101011111111111000111                                       
  01110110111001111111101011010010000100                                       
    010000110000110101110001101000111000                                       
           01001010001010101001110000101                                       
  101110       1001100010011111001000111                                       
  110101111100     010100100100100100110                                       
        111010110    0000011000000111111                                       
          1010111001  101110101111001010                                       
            0111100010010110000111100111                                       
           01001110100011011000011110110                                       
   1000110100101110011010100001000101101                                       
 010011100110110001010000001001000110000                                     0 
0100110110111010111000001010100011101011                                    011
1111100100010011110001101010101101111001                                0100110
0101000010101010101000101110000101110001                               00001000
1111001010110111100001111101010110100010                                1100001
1101111100010100101100001001000001100011                          011    110111
0010010100110000100000000101001010111001                        01111   1001101
1111100110111111011000011111001101000100                      00101001011110001
1000001101000000010001101011001101101000                    0011000011010001011
1101101011000101011001001000101000100101                    0110011100010001000
1010001110111101101001001101111001001010                      11011010010101100
0101000101001111111010001011010000100011                              1 1110100
1010110100000011011010011111111111000011                                0000001
1110111010000100100011011010011011001101                                0011000
1101101000110111100010011011101001001011                                0011100