011010110100000111011101000011101010111011001                                  
011110111001011111001110000010110001011001010                                  
011111101100010110001110100011010000101101101                                  
    00010100100100101011111010001010111000100                                  
        001101010011000111010010000101110000                                   
             0111001000100101101100010000110                                   
                    000000111111111001100111                                   
1111                   11111111001110010001                                    
1001111            1011  011000011111010001                                    
1010111100101111111101100110011110000110110                                    
101000010001000010110001100111100000010011                                     
011110111011110011011000111000001011000100                                     
01010011110010010101110111010100101101100                                      
00101110110111011010101100100111110101001                                      
11011000111101000011001110101010100110011                                      
0001101100100110101001001001010100000101                                       
0000101010001100110111111000101011111111                                       
100011011111110100101001011000011100000                                        
111000000001011110011000001011000101100                                        
00110110100101010001011111101010000101                                         
01011111111001011001001001110001101110                                         
1100000100111100000100010111011001111                         000       10     
1100101110001101000011101101010100000                         00101100111011101
1001010111111001010110011110110100110                            01100010100101
011010011000111001111011000110001110                                 1010111111
011001100111001001001000011001001100                             10111010010010
010111011011110100000110101001001111                        0001010010110000101
11000110110100000010011101100100100                        00111100111110100010
00111110010111100111111100110011111                           00111100111110111
10010001000100010000110010110001011                              11111101001110
00010011101010000101010100000010011                                 10011110101