              11011100111010001111111111                                       
            1011110000110010100001111011                                       
          101000101100010011010001101000                                       
         1100010100011001011111001110111                                       
 0       1111001011100100101100011000101                                       
 1       0101010011100001100110110110111                                       
         0011111100111011000111101001101                                       
1       00001111010011011100001111100010                                       
01      11111000001110111010010010111100                                       
100             001000011100011100010100                                       
11     00100101    011110011011011100010                                       
           0110001  10011110100000010000                                       
              11110010000101110011111001                                       
110          001100110011011010000000101                                       
111     10111101000001110001000011100000                                       
0000000101111011011000100111101100111011                                       
0010101010101010000000010000111110001000                                       
0011110101110000010011010110010001100111                                 010   
0000001111001110111101111101010111001000                             00110010  
0101001100001001001100101100001110100010                             0100010   
0010100000110011101001111011101110101000                             1000000   
0001111111101111110011111000000110001101                          0111001100   
0000101011111101000010010001011011010101                         01000111100   
1101000110101110011001000001000100100011                       01111100111110  
0101010101101010001010000100000101101110                       01010111000010  
0001011011010001001000000110010110010001                          100000100000 
0111100111011100110101000111011111001001                         00 0  0001110 
0010100111100010110100110100001000011001                              01011011 
0101000100101001000001001011110010111000                              111011001
0111011111000011000000010000110001111001                             0101010110
1000011101100100011110101000110010111100                             1010001100