               1111110101011001100011001                                       
             100110010011010000000100101                                       
1          10101000101001010101110010101                                       
1         000011010101110000000110001011                                       
         0111110101111000101000110101000                                       
         1001101110001001010011010100010                                       
0        1100110001100000001101111000100                                       
11      10010001100101110001000110111100                                       
11       1010010011001001100101011100010                                       
101             011011000110111011001000                                       
001    011010001   110100011011110000100                                       
            101011 100111111000001011110                                       
              00001000110101011000011010                                       
1010      101101011110011100011111011001                                       
0010    10100111101001100110011110110111                                       
0000111001100111011100011010101011110101                                       
0100101001101011000110000111110000100011                                       
1010111010000111010100110000000110110011                                 00    
0000000100011000101011010010100001000100                            00101111   
1111100011111010001100010111001111010100                            10010100   
1110000111111011100001101110110100111010                             1001010   
1110100110010110001100001011001100001100                         10001000011   
0010111010001110000101010001111010111100                        111101100001   
1001000110011011110011101110101111000011                       0100101111001   
0100000100110001011011100100100100101000                       00100101101110  
0000000001110101100110010000011010011100                          100000000001 
1101010011011000101110101000010001111101                          000  1111010 
0011010010001010110010000011111011101100                              10011000 
1001010101101000100011110111011100010000                             110000001 
0111110010100110001101011101110011011000                             0101010001
1011101110001101001101100100000001010111                             0001010100