00101101100001111110                                001000000100011111111001   
10011010011011010100                                  0000010110011010000000   
0111101000100001111                                      1011111100101100001   
1101010000010001000                                        111011111111110001  
00010001111110101000                                         1100101011111001  
01101010000001011100                                           11001011110001  
00101011011101010000                                            0100100101010  
110011011100101011110                                            111110000001  
1010111001101011000010   0010100                                  00010100100  
00111000000100000100   001110101010                               1101011000   
11111110100100010   10011111010010111                             1010000011   
100101111111010   10100111011001001110                            0110011110   
00010001100111 0010001111001010110111011                           01000110    
10101111011   100110000001011111001010000   110101010             010001111    
001001001    0000110111001000010011011010   111101111             01110001     
01110100    10011101110110010010000110100    01111110             1100011      
0000010     000110100001    1110000100110      100000             111100       
110011      110000110110      1011000101         10              010100        
11101       111101100100        00011010                        111000         
1110        0110100101100    011101101101                      01010           
011         00010100100000111111010101100                    11111             
000         100011001001001011101110101111                  000                
111         00111101000101111001101101010001                                   
11          1001111001110000011101111101010101                                 
10          10010010000111110000011111010011100010       10                    
01           01001011000101101101010101001100111000011011000                   
00           000101111101001110111110111011100000110101101110                  
11            10101011001000000110100110001000100110001011111                  
100            00101001001101011111101000111111011110101010100                 
111             100101000011011111110000111111100100101110010010               
111                10111110010101000111010101000110100010010101111 000         