110011       100111101101110011111110110                                       
001001           00011100010111101101011                                       
111001          010110101001101010000100                                       
001110        11000101110011010011111010                                       
000111      0110111100001011111100000011                                       
000101     10101101010011011001011111001                                       
0000111     1100010001110001100110100001                                       
010011        11111101001110000011001110                                       
1101          10100100101101010010110001                                       
0001101      011011001011111111011110101                                       
01011101     100010001110101010110110010                                       
1101100     0001111010000001100111111000                                       
001011      1010010011111110111101011011                                       
1000101101  1011001011101111011101001010                                       
0111010010011010111100010110110110111101                                       
0000111001101001110101011011000110110110                                       
1110001011111010011001010110011001101101                                       
1001101111011101000100010110101010101100                                       
1101011111110010101010000001011101100001                             0110      
0001111000000101110011100110100011010001                            001111     
0001011110110110001110111100010010000110                           0111001     
0011111111101111110000110010110001001110                         0111010       
0100111101101100100010110010110100011101                       1100111111      
1000001010000010100001110111001100100010                       11100100000 00  
0011111010111100101000110011010000000101                      10100001100010   
0000101011011100001101000001011110101011                         01110011010   
0011001011000000110001111110001101111001                         10 110100     
0110001110110101111011001100010010010101                            00100      
0110111111011011100111101000010001111100                           0010110     
0110000100111001101001000100011000110101                           11010010    
1010111011100110010101100000100010011001                          100010101    