          1111                             001011111111101111000001            
        0000                                0101110001110011100001010          
     10100                                    010001110111010001001110         
   011111                                      101000010010101101001000        
 111001                                        10111111111100010101000100      
110110                    01110001              11000100111011111001010001     
00111                   00100101000             011111111010000000011001010    
0100                    11010111101             0010101000010001000110100001   
000                     0001111110              01000001101101001001001111100  
00                        011101                11010101100000011001100001011  
10                                             0111000101011011010010100011101 
0                                             11100010000111001101110010101000 
1                                            010100011010000100011101111110101 
0                                           11011111011111010100101010111011111
                                          0010011100011100000000111100101110111
                                        101010101111001111001000110010010000100
                                     111110111011101001010001101010101000110110
0                                  01111001110111110101010001011010111010001111
1                                 100000100001011001000110111001000011101010001
0                               0101100000110000100111100101001110010010000011 
00                             10000010100011101110011011000011100100110110101 
01                             0011010010111111001000101001100000010011100100  
010                           1111110100010110       101010010010111000111010  
110                           000111000111110         0100111000111001101110   
1000                          011100101110111          11001111110111010100    
00010                         1001100010000001        10000100000100111101     
1111101                       1011000010111111101001011100101110000000011    10
10000110                      110000110001011110110110001001110101110001    000
011001001                      100110000001110010011010000101111100000   100111
10011101000                     1000111011100010110101111110111111011  01110000
01101011001010                    1111111000110010000011111101111011 0111000000