                                           0110                        10111111
                                       00010000111                     11001111
                                      1001101110101                    11100110
                                      0010111000011                    00001010
                                      0000000111100                    11000100
                                       01010100101                     10010010
                                         1101000                       01011101
                                                                      111011101
                                                                     0111100101
                                                                     1001110010
                                                                    01101000010
                                                                  0010100111011
                                                                 00110011110100
                                                              00011101011011100
                                                            0100101011000110001
                        0010001011010010                01011101010100010010111
                   111110111111111101000111101010001111101100001101011111011101
                111111010111011010101000000110001101111111101000111000000111001
              11110100111011110000011111000110011010110010111000100010111011011
            0101010001011001111110010011010000110001100001110001010110100100101
           00010110111101011100010111101101011000101111100011001000101101111001
         0110110111110101101110111010100010101100100010100010100101110011011100
        10110000000101100000110100110110001010100001110001100101000100011001101
        00110100111000010001000011000000010010110100101110101001100111000111100
       0010100001100000000100100    0110010101000001101111001101100111100000011
      11111011100110100010100          1101110111111010011110100000101010001000
      1011110011110111111101            111100011001100011010100110110111000111
      0110011110111000111101            000101101100001101010000010001111000011
      0001010001000101001111            111000000101101110001010100000110111100
      00101011010101100111110          0010001001101111110011111110101010001000
       01101010001100001011011001 001111101010101010010100011000010111101011000