01100110110100011110111110011000111000                                         
100100110111110000110001111001111010101                                        
0110001110111001100011011100010010110111                                       
1110001001111011111010110111111101011001                                       
01001111000001101110000011100101111110111                                      
10010100110001000000101010000011001010101                                      
110111100100100010110101001000000101111101                                     
011100000111011010100100011101010001010100                                     
100111111001101010111100001101001011000111                                     
101110000010100010010011001010101000001111                                     
111011011000110000000000001100011100000010                                     
100101100111101001111100110011000110000010                                     
00100001011101  1011110001100010011011010                   00110110           
1101110000         0000110010111001101110                  01010000111         
101011111            0101010111011001001                  101010000010         
00101100              100100111000011001                  0010001010110        
100001010             10010010010110100                   010101001110         
110110101            10011100001110011                      101011110          
11110110111        1100110011110000000                        0100             
00010110111011101001000011010001111011                                         
1110000110110110001110111110000111100                                          
0011100100011111011001100001101101110                                          
1110011101101111101001111101100001000                                          
0101111101100011111100010100001100111                                          
10011100000110011001000011101000001000                                         
10011111111001011011001100110101000001                                         
00010101100010011101110010011110110110                                         
110011100100010001010100000001101011000                                        
111110101011011011011001110001011010111                                        
1110010110011101110010011011110010010111                                       
011110110011010100101100111010110011101110                                     