                                00                       0010001010110011001010
                             0000001100                  0011000000100111100001
                           1101010011110                 1000111010110100011000
                           10100010001100                 111110111011011011001
                           1011101110111                 1101110110001000010011
                            11111000011                  1110100100000011000111
                              1001000                    1001011011000101011001
                                                        00001101010001011010001
                                                        00100100000010010001011
                                                       101001001110111110110111
                                                      1111011011101100111110011
                                                    101110010101110010000110111
                                                  00101010111001000110101001110
                                                1010011011011100111101010101000
                                             0000000001010010010001111001101100
                                       1010101011101111100111110100100000010100
                                   11011100001001100001000010010011100100101110
                               001010000111000001010000010010111111010110001000
                             11000010001011111010111101010111000010010101110111
                           0001000011111110011010010100001111111000111111111110
                         010111000011111001011000000101100100111000110010101100
                       01000100001111001011011100010100010101000110001001001111
                      001101100011011001010111000100100110011100111010010001010
                     1101100000010111101000011001000001101100001100101101001000
                     0000001111111101110110    10110101101111100010000101111111
                    00101100111011111111         011010001011100000011001101010
                    0111100001011101011            1100001011110111100000010010
                    1000110101100111011            1100000100011110110110000010
                   10000010001011010010            1010011001010101101110000110
                    00111100101011000100          11101011110101111101101110100
                    11100011011110111101011001010100010000011010101100000000111