  1000100110111011110101000110001001111000001101100100010111110             010
 0101111100111101001101010001000011101   10110000110101101001101             00
00101110111110110010110011000100111         01100000101011100101              0
10111111111010110111110011101001010          1000100000011011101               
00100111011011001010011001000111010          1000111100000000100               
01010110001001000111111111010011000          1000010011100000011               
001001001000101011011111011111001100       01001010000011011111                
011001101001010010111001101100100101011000101011010101110100100                
00011110101110011000000110000000111000011110100000010111100010                 
0010110110100001011010100110011110110100111100101101110011011                  
10001001000001101111110100101000010011101011011101100011010                    
0100000100111100010000011101011011011111100011101010111101                     
11101011011101111101100101010000100000111011010110001110                       
11010000100010101110011010110011011010111000011110111                          
01011000101010100000110110001110010000010000000010                             
001001010011101001000100010000010011110011010                                  
100101001100000110011110100100100                                              
0111011001001000011110011000                                                   
00101000001010111000100010                                                     
000110101000011000000110                                                       
0001000100001101111101                                                         
110000010110100111101                                                          
11001010111100000000                                                           
0101100011100101000                                                            
000101000110100010                   00001                                     
001000001011010001               111111110010                                  
101100110101111001              01010111100001                                 
011100100110111000              000000010101011                                
000111011010101010               1000010111101                                 
010011111100100011                0000011001                                 11
  11100011111011101                                                         100