                                                                               
                                                                               
                                                                               
                                                                               
                                                                               
                                1                         1                    
                                     011011000            10                   
     0                               0100001001                                
     0                                 1011011                                 
            1                         1011100000110                            
            1                    0      000010011                              
                                        000111000                              
                                       00  100010010  01100                    
                        1000000101111100111110101100011010100                  
                            10100110010100111001001000011011010                
                                         0   011   110011000101                
                                              0           1                    
              1                                                                
             00                                                                
                                                                          1    
                                                                               
                                                                               
                                                                               
                                                                               
                                                                               
                            10                                                 
                                                                           0   
                                                                           1   
                                                                               
                                                                               
                                                                               