10001100101011100010000000010101                                               
0001011000111101011001011101011111                                             
101001011000110100110111101100110001                                           
0000000000111100010100110110110001101                                          
00100010001100100011000001111011101001                                         
001010111101011101110111100100011000110                                        
1100011101110111001010001001110000110010                                       
00010000001011010010000101001110110001011                                      
10010000000010101000110011011111000001001                                      
11000011010011100101110101001011010101011                                      
011001110111110011001100100111011001101110                                     
100111001110001001000011101000100110110000                  00101001           
01110001110101100111001011000110001101011                 00111000111          
11111100100111110110000100000100111010101                 000000111001         
11001110000        1000111111110110010001                 000111001001         
0101010100           1011011000100001100                  11010101101          
100011101             10000111101010011                     00111000           
011001110             11101001110010111                        01              
101011110            00101011101001100                                         
00000010110         001010101010110110                                         
11011000100010001101100100100000001011                                         
11110011000000011000110110110111100000                                         
11100110001101000010001001011011111101                                         
10010000111101100110000100110000100110                                         
010000110110011100110010100011100111010                                        
110110011001000001110010011100011011001                                        
1111101100111011111111011100001101111100                                       
00111001100001100010100100000101000100110                                      
1000100010110010010101010010111111100011001                                    
01101011001011001011101011100000001000000001                                   
01110110011100000010101011011010001111111100010                               0