                                                                               
     0101101111111000001                                                       
  10000101111000000101001110                                                   
1100001111010010011110111010100                                                
100011001111100011110001010011001                                              
1101100000111100101110100111001000                                             
000010000111110000001101110101010101                                           
1011101110000100001100100001101000001                                          
01001100010111000010101001011010110010                                         
011011011011010011010111111000110010110                    10001010            
101111101000111001011010111000011011010                  00110111010           
0011110000111100001010010011101101010001                 011100000110          
0011011111110000011001011001111011010011                 010011111001          
0111010110101000010110111010010010011111                 100011111110          
0100110011100100111111001111101101110010                   101011110           
0101000101001100111001111000111110010110                     111               
111111011001         1001011001100001001                                       
0001101100            11000110110010101                                        
0100001011             0101011010101010                                        
0111111001             10001010110001101                                       
0011000111            001100111101001101                                       
111000010100        10011001111101100001                                       
00010111011101011111000111101101010111010                                      
110110111101011100011011001100001101010100                                     
1111001011010000110011000111001100001111111                                    
11011011001011111010110001101001000111000000                                   
0011000010011110011000110011101101110010111101                                 
110110011000000010011001001110001111011000101001                               
011000101010101110101100011001100001111111010001111                           1
010110010100111111111111101010101011001110110101011000                    11100
1011011011101110010110010100011011110001110011111110011111000001010100100011100