101110                                                    0000110101010101     
00101                                                     11101100100100100    
1000                              110001010                110011100001110111  
01                              0011011000110              1011010101111110101 
0                               00001100001101             11010101110001011010
                                0011110100000              10010010110011111011
                                 01010101100               10110111110010101011
                                    01101                 011110110010101000110
                                                          101100000100000000011
                                                         1001110011100010110010
                                                        00110100100001010101101
                                                      0101001011010110110011100
                                                     11010000101110100101000011
                                                  11001110001000001101001101111
                                               11100001001001001101110110000100
                                      00110011000010000001101000001111000110111
                                11011010100100100001001000010110010011110011010
                            000110110010100110010001110001101111000001101011101
                          01101011000100010011100010110001010001110000110011101
                        0010011111000000001100001010010001111110111101000011110
                      000100011001011011001001101110111110110011110001011100001
                     0011111111011000101111010001000001100111000111111001010111
                   011101101101010101111001001001001101000100010011111010010001
                   001111011101110001011011101100010111100001111010000011101100
                  0101010001000010000       00000011001110110011000010110111011
                  100001110011110110         0011000101011100011000001110111101
                 0011011110111010111         0010111100111001011010010100011111
00               0110011011110001010         111100101000101000101010101110110 
001              00000000100100110001       100111010101111101111011101000110  
1110              1000010101000001100010111101000000001100011101010001111111   
011001            11111110111010100011011000101001010101000111001111100000     