0101001000010                                             101011011            
111110110111                                              00011111010          
0011100111                                                 101100010100        
10000000                              011001                001010110010       
1010111                             1101101100              1011101011110      
10010                              110101101100             000101010111110    
1010                               000101000101             010111001101011    
001                                  110010111              0011101100111101   
10                                                         110110010101100111  
00                                                         0111101100101111000 
1                                                         10011000010110101111 
0                                                        0000011111010000101111
                                                       000111100001101011111010
                                                     10001110000001011100101100
                                                  10011111110101011000010011010
                                   11110100110000111111011101101000001101001101
                             01010000010101100001011011011110001110101000110000
                          00011001100000000100011100000001111110001111111011110
                       00000100001110110000100011111110101100100010111110000001
1                     110101000110001100011001110001101100101101110111110110111
1                   0000110100101001110100001010100001110111010100011101001101 
11                 01001011011011001100111110111001101110011011101010010111010 
11                01111001011100101010100011000110111000011110100111001001111  
011               100001000101100101    1001010001000110101101010110010101010  
1101             00110000111101010        1001111110011111000100011010010010   
00001            1111011010011110         100010010100011110010100000010111    
110100           01100110001010111        00011101100000110000011001110001     
1100100          001110110010101000      00110011001100001101010100000101      
011001011         000010110000100101011010100010000010110000111100100001       
1101010000        1111110101001001000001000000000100011001110001101000         
101000010011       1101110111001001100111000011001010101100111101001           