0010101000                                                          11001110000
111110010      1111101101                                            1010100111
1100100   11001100010111100001                                         11110011
11101   0000001100000000001100110                                        100101
0111  00100110111011110000110111011                                       01011
111 010000111110000011110111101001001                                      1011
10100000000000011100000101000100011011                                      001
010001100101011101011110011100101101100                                      11
0001110011000111111001101001111011000010                                      0
0100101001010100111010100001111000011000                                       
110011010010001010      10101100101111000                                      
1101101111011011          000010101101010                                      
0110100011010001          110101101001000                                      
1101110001110010         1101001110111110                                      
011011001101000000      1011111100111101                                       
1000001010111001100110010001000001000100                                       
111011100100110011111100100101000010011                0100101                 
100101101000011001011000011000010010010               110000011                
011111011000001111011100101010100101000              0001001000                
010000000111010011100011110011100010010              1110110111                
100101000101011011001111010011101101110              011011111                 
011001000011110111111110001001110101110               1000010                  
0010100101100000100110011011110101110111                                      1
 1111010011010101011000101100110101111001                                      
 00100100111100101000001101100001000100110                                  0  
  10000010101100010111010000110100110010111                                10  
   100011001100011100111001111101011010010110                            111   
    1000001110001110010010011001011100010100000                        1100    
     100011111010110000010000111011001001011000011                  01000      
       00011001101101011010111001111100010000000110010000001010111100011       
         0101100101100101000001000101011100011100110010000100000100110         