11101011001          000011100110111100110001101100011011000010011001010100000 
10010                      0011000011110101101111010010111111011011101010010010
01                             000010010100011110101001010000111000010010000111
                                 0001000111110101101110000010100100011101010001
                                   01011001111001100000100001000011000110010001
                                    1000001011010101110111000101100100011001000
                                     000101100111000100010110011001100101000110
                                      10001100010000000001000100111110100000101
                0000                   1111110000011001100010010101100011100010
             0101101000                 100100010110111010100001101001110001010
            110101100100                111100010101101100100101000010100101111
            011101000001                100100100101000101111001001101000000110
            110000011010                001011010001101101100101010100010111011
            01111101000                 111111000011001110011111110101101100000
             000010111                  111111100001000010100000001111000011000
                001                    0100000011011010000101101100111000101011
                                       0111010011101001000111010010100010000110
                                      001011010101001111         10011101100001
                                      10111110011110110            001110000010
                                      11010100100000101            111000010001
                                      10011011000010110            100010001010
                                      1111110110001001110         0100111011011
                                       1010111001111100100010010101110101111000
                                       0000110001100111000010001111101101101001
                                        111000000101000110000100011001010000110
                                         10110101011110000101110000010000011101
                                          0011011001101100100010111001001111101
                                           010100111011001110111000011101001101
                                             1011001110000010100101100101101110
                                               1100010111001001111010110101001 
1                                                 0100011000001010001100011   0