      1111101010101100101                                                      
  111000001111000111101111100                                                  
0110001001011001100010011110101                                                
001001001101100001111101010100010                                              
01010011101110001110000101110110110                                            
110111100001011100001110010011010001                                           
0111011000001111000010111011000111011                                          
01001111101000100101100011110011001001                                         
100010111010011000001000010111110011111                                        
0011101011010100110110000111001111101101                      001              
0001000000101110101000111101110011000101                   001110001           
0101001111001100111010010110000011011110                  10000110011          
1010011010101000010111011100111110101110                 010111001101          
1110010011010011000110010101101000001011                 110110010001          
1100000011001110111011101101000111001111                  01100001000          
110100010110       100100001001111000000                    1011100            
1000011100           101000110111100100                                        
101101100             10001100001101010                                        
000010011              1101001000100001                                        
0101100001            01001100111001010                                        
11001010100          110001111000101000                                        
01101010010101   10101101001111011010110                                       
0000011110101010101001101110100110001010                                       
10110110110011101101111101100001000101101                                      
11011001101110011011101000010100100110011                                      
111100101001110001101110000010111011101010                                     
10000011001010000100010111101110111011010011                                   
110100001001101101101000100000000101100011010                                  
01000101011000111011011100000001000000000111111                                
00010010100111011100000010111000111001000010101000                            1
10010101110101011001011011111101010101001110011010110011                0110101