              001000011011100100110011000101000101000111011101111 0011110110001
            0001100011011111001101001110011010100011100010100101001111100101000
          010011101011011100111011110011001010100110001001010000011111111011001
         1001101010100111001011101110101001101001010111111100001010100100111010
        01011110000000010010000001111111011110010101110101010100001011011000000
       000111110100111101000010101011000100010000001010110101010110011101001101
      1110110010111000111110111011111001111010101011001001100110001110011010100
     01100000101100100100011001101110101100101100101001011010100100010111 00111
    010110110100001001000101110000011111110111101110      1011010010100101 1111
   10001101011100111011100011010111100111010011111         010000100111001 1011
   00100110100100110101111000000100100111011001100         101101100000111  101
  1101100000011000101111010011110010101101000000000       1110010100011010  100
  100000010000010              0111111011011100001110011100101111111111111   11
  11000101100                      00011100000100101000111001010000111111    01
  001010100                          10000110010010001110010001111101110     10
  0111110                              00001000101011111100011001111110      10
  011000                                001010011010111101100101000001       10
  10000                                   01010000100101011010010111         10
  0000                 00                    110111110001101101111           00
  1100              10011001                    10101100101100              011
   101             0101110100                                               000
   110             1110000101                                              0010
    11              101010110                                              0001
    01                01001                                               00001
     0                                                                   000011
      0                                                                 0110100
       0                                                               00101001
        00                                                           1000001110
         000                                                        10111111110
          001                                                     0011010000100
            1010                                               0011100101010111