       11111110101010101100111011110010010101011101011100011010011100111    010
     011100011010101110000001111001111110000111101110100110011000101010101   11
    01011011010011011000000110100100011110001011010111011111010110010101010   1
   1011011011010001010111111111111110111001010100011010000110100111010110111  1
  100100011100110100001000010001111001010110111100111100101010110111110001100  
 10000111011000101101110010110110110000111000100000001011010100000010010010001 
0101001101000000111100001000101111000001110000100010010010010110110000001011111
0111000110110           1011000110111101001101111110111101110001100111110111110
01110000                     11001010010001110110000110010011111100010101100111
00000                           00110101010100010010100011111110111100000000110
101                               011011000000000110111000111001001101011111111
00                                  000101000111110001100      0111010011101010
                                     110111101001111111         011011001001110
                                      0011100111101101           01111000100111
                  01                   011010000111111           10111010101001
               01111010                11101100110101001       1000110011001110
              1100101011               1010000110001101111111101000111000010000
              00001001000               011101111101000101011110111001011001000
              11011001001                10000011110100110100101101010111111100
               110110010                  0011000111001111000101110101111100010
                1111111                    10110001111011111111000000000011001 
                                             11011110110011100100100111101100  
                                               1110000111100110111111000000    
                                                 01011001110100011101000       
                                                     100011011000100           
0                                                                             1
01                                                                           10
011                                                                         111
1100                                                                       0101
111010                                                                   011100
 0000100                                                               01101000