                                                   0111001111100001110011010001
                            10100                   011111100011110010001110101
                         0100010101                  10101111010100110110110101
                       10010101111001                00101000110111010110001101
                       11001011001000                00110100100011001001111110
                       0100101100001                 11011000001011111011001110
                        00111100100                  00111100001000110110010011
                          1001001                   100110111110000101000101001
                                                    000010101000110011101100110
                                                   1110111000011101010010101111
                                                  10110010111101111111010100010
                                                 111111100011101001111001111110
                                               01101100101010100101111000010001
                                             1110100000000111010001111001001000
                                           100111011110010001000111000101100110
                                       0111011101111001111001001001101110001001
                                    0010001010100101110101011001001101001101100
                                  010010000100001110101100101101001001011010000
                                10011111110111001111001000110000100011010001000
                              1101111010000000100100111011011110111001010001101
                             10101010010100011111000010110010111001101111011110
                            111100110111010111010100100111111001100010100111111
                           1000011001101100011100110011011110011110001001010111
                          01010011011010011111111011100110101000001110001101001
                         0110111011011100001         00011011110110111100100000
                         111011010110110110           0010010001110111000110000
                        0000011101110000101            011100011100000000110000
                        0011000000000000100            000000011100000111110100
                        01101001011001101000          0011110110100010110100000
                         000001101101110111011     0111100101110111010011111010
                         001111000001000011100110001001101110101001111001010101