101001010110                                                  000000           
00101001011                                                    1110011         
001110111                                                       1101010        
01011000                                   100                  000001111      
010010                                  0010110101               101101001     
01010                                   11100001001              1000000000    
0111                                   101101001101              10001101100   
100                                     10110110010             0000111110000  
00                                         101110               0110110100010  
11                                                             001010011110110 
1                                                             1001110011100101 
0                                                            101001100001111010
                                                            1110110000001010110
                                                          011111010100101111000
                                                       010111001101101001001111
                            010010011110           0010011001110100000010110101
                       11100110100100011100110110100101000000110001110101100000
                    01110000100110100101110011101110001010000001101110010011010
                  1101011010011001001010110011101000010001101100000000111101001
                101010110001111011011101111101001010111101001110000111000110001
0              0111111010110101001101101111100011110011101100011001101001000110
1             0110001010001011111111101101010110010001100010001100000001110001 
01           10001100101110101110110110001100110011110010101101011111000101101 
111          001111110111011010      0100100101001100100010000001001100101111  
011          10111000101101001        10110111100101000110011011111101100010   
0100         0011101110100000         0111110011100000000010010110011111000    
001101       00100011101001101        111001110000000101001011010001111111     
1011111      0010100101100101010    0011010000000000010000001100000111000      
11011000     10011000011011110101000111110100011100111011001101001001001       
1001010110    01101110000010111111011111001011000001011010001001010010         
011111010010   10010101111100011100110011000111100101111001011000101           