                                                                               
                                                                               
                                                  101100                       
                                                0101001011                     
                                               111011110001                    
                                              11110111100101                   
                                               011101100000                    
                                                1010101001                     
                                                  100001                       
                                                                               
                                                                               
                                                                               
             10111011101000010                                                 
         01101101011010110111111111                                           0
      1110010010010101011010010011111                                       010
    00101011011110000001010001101111100                                    1111
  101000101001110100001000000111101000100                                000101
 1001101100110100111001110011110000100111011                          010111011
001011100111010101101011101010100101110010001011                   100000001101
1111111101001000011001110010011110101001111110001101000000100010101001010001110
1111001111001001011111000101101110101001100111011001000111000111100011110111111
0001010101110010101001100110001100100001000100001110110100001010000001001011100
0000010110100000011001001  0101100001001111111001111010100011100111110100100110
010111100110111100111          000110100000100111110000111000100101010010111010
00000110010111100001            11001101000010000100010011101011101001111000001
0010000001111101110             00101100010100011111011100101000010000111011110
01010111110111100001            11100100010000011100000000011110111000010000010
011011011101110001110          011110001000110101110010010100010010010110011101
10011110010100111010001      10100001111011110011101100111101110011010101110101
0001000001101000011010110111100011000011000110111010101100110000110110001100001
0100111110101111110000100111110000000111010001111001010100000100001111010010001