  010000100100010010011000001101001101000111010100110101000000001010        001
 10000001110011001110101110001100100111110000100011000100001111111010        11
00111010000110101001010100010101110001011        110100011010010111011         
0000001011100110100001110100111110101001          10111111010000000110         
1111001100010111100000000100011001001110          10111001101011001010         
1011111011110001001000000010110100100000          0000000111001001100          
01101001010001101110110100110111100101001        01010100111011111110          
01011111010011110010001111101011000010001001  11001110111010001100101          
10101010011001111011011000010011000111100000111011101111100000011001           
1100001010001010100011011110010101111000011001000100111001000110100            
101100110101100100101001011001000111110101101111100001010011001100             
10100100101110000101110010101111010111000110111101010000001101101              
111000110011100000001101111011010010110011001010001011000001011                
101001110100100111110010111011000010000111011110100110000110                   
001111101110010110100111010111100100011001101100111011110                      
11010011110110011101100101110111010 11111001100011000                          
01100010110101101000101101                                                     
0111011011100101010000                                                         
10100010100110001100                                                           
001001100010100011                                                             
1001100011010001                                                               
010001001110111                                                                
11110101010011                                                                 
0011001111110                                                                  
0001001011111                000101110                                         
101111100011               1100001000010                                       
001101101111               00111000100110                                      
101111100110               11101110100111                                      
011010110111                0111101011000                                      
101100001010                  011110010                                       0
  11000011111                                                               111