      0110001                                   1010101101100110001            
  1001110110                                     10001100110001001110          
1100100001                                        111110010010001111010        
00011011                                           011001100010001100100       
1010001                      111001000             1011010111100010100010      
101110                      10111011101             0110110101101101010000     
10101                      111010001100             11001111111110011000101    
0001                        0110011000              111001110100101000111101   
110                          1100001               11000010100110101101011010  
01                                                 00010110001010110001110000  
11                                                0000000001101000101100110111 
0                                                11000000100111100001101110000 
1                                               1111010101101111001001001010010
                                              010110111101101100010011000101101
                                           010100100101110111100111100010110101
                                       1001001011010000000010010010010100110001
                                    0000010110111001100110010001000001101011100
                                 0101111001101011100011000110100101111101000100
1                              010111100011010110001100011100001101110101011001
0                             110010010110011111101010001000101101010001010111 
1                           00100111110101001101010100101110010010001001100011 
10                         001001011011010000100110011100011110100000101011011 
100                        00011011100011111111010101110001001011010000110100  
000                       00011101100000110      101010111100110000111110001   
0111                      110111011110011          1101110101101110111110111   
01111                     110011110001000          000100101100100111010100    
110100                    1100111011010000        000011111011011111011111     
00110110                  1011011000101000001110111111011000101000101011       
110011111                  10101011101101011100101000100010100001111100       1
01110111001                0100111101101111011110101111101100101000111      001
1011001110111                10100110010101011001101001010011000001    00001101