10010101000                                                         01010101110
000101001                                                            1011001010
10011001                                                               01010101
011011                                                                   101001
01000      1101000110011000                                               10011
0111    01101011001110100010110                                            1010
010  1111111101000000000000110011                                           100
00  0011101000000011011001010000001                                          10
0 1000010000101000010110010100110000                                          0
 111100111111000111110010010011000010                                         0
00100001011011011010101010011111010001                                         
011101011010001001010010010010000111110                                        
111011010010111010   001101000100010100                                        
010100111101010         0000100100100111                                       
111111100011110          000100011100110               00110001                
111010101010010          101100110111101              0100011011               
1011011000100000        1000001110010101              0110001101               
0011100011001100110111100101110110000100              0110111011               
1011110010011101101110001000010000100101               01001110                
1111001011111011101101011111111011001010                11100                  
10110001100101000010010101010001001100100                                      
011100000000000110010110110011111111010111                                    1
1011001011001001001111010110000010111011011                                 001
 00000110110000111101000100101100010001110100                              001 
  111111111100010000000000100001010100010011101                          1111  
  10101101101001110011100011000100011101001001111                     011001   
   01111000001110101000101110110001101110010110001111             111001000    
     101001000110000001001010100000101000011010101001110010011010101100110     
      1001110010001111110100100010010000001101011101011001001110100101000      
       01001010000000010101100001001001111101010111100110111111111011101       
1        000101101111111001010100010110001011110101001101000100000100          