 100001010100100000010110010001100111001000101011111110000010111111011001110111
0000101111100101011100110000111111101000011100001000011100010000001111100000111
0100010111001000111000011001111100110001011001000100110000010010000101011111111
0000011011110000000001011010110111000011000100111010001100111100010110010111001
1000111101110001000001011101001100001100010100011001100110000000010100001111011
1001101001110011100000110010000000101111010101000110001111010101111010100100001
01001011110001000100011010100000100110100010010011000000     010011010111101010
011010111010011001100111100110000101101101010001001011         0011000110110110
0010000100110000001001110000110100011101011100001001            011010101100100
1110111110110010001111100100111000111011100111011010            000110101011111
0111010111110010001001010011001100010000100111001001           0000001111000111
0001010100001               01011000010100001000111010       110110000000101011
011101001                       11110100101110011101010100101010111110101101000
0011011                            11001001100011101110001111011101111101010111
0101                                 010011001001011011111000011010001110000100
001                                    1000011110000111110111000000101111010010
10                                      10011111100100101110101110111011001001 
                                          01111000011101011011110001011011011  
                                            101000110101100111100011001010     
                11100101                       0110001010001111001001111       
               00110010011                         10001000110010000           
              1011101001011                                                    
               110000001111                                                    
               0100010010110                                                   
                 0101100010                                                    
                  1101110                                                      
                                                                               
                                                                               
                                                                               
1                                                                             0
00                                                                           01