0001000000 0100110000010000010001                                    0011111100
010101011100100111010111100001111001                                  101011011
10010111011101000011101110110000011000                                  1110010
011111111000101010111110010001010100100                                  000011
10010110100110001111001010010111001100001                                 10111
01011101001000000000101111001101101101001                                  1011
100111101110100001101111100001101101110110                                   11
 101010110110000101101010000101001001101001                                  11
1111100000100010011       11011000100000111                                   0
010100011010101010          100011001111101                                    
00001010110011111           010010010110001                                    
100101001110010001         0111010011110000                                    
101101100011110110010    01111100101000111                                     
001100110011010101011101001010011100011110                                     
00001001111010000010111010000000011110100                                      
0101111100110001110111111100010110011110                                       
110001111111010001010100001010110111100                                        
00011000010100101110101100010000101000                                         
1001000001011011000011110111010000101                 01000                    
0100010101110000001110011110110000110               000000001                  
0001110100011100101101101101101110101              00011000111                 
0101110000110110111010101001001011000             011011010011                 
1011001001001011001101010111101011101              0101110010                 0
0100010000110110000111101100100010010               0110010                   0
 1010011001100001010010001001000101010                                       10
  0010011110110101010100111000011011110                                     11 
   1011101001000001101001110000110001100                                   01  
    0100111101110000001110110010011101001                                 1    
     1001000111011010000000010011011001001                               0     
       10001110100100100000011001100000110110                        101       
         01011110101101001000101001001010000001000               101000        