      0011                    1011110111101001101011011001110010100110000      
    000                          001110000011001110111101100000100010010001    
   01                               1111000111011101110010000010011101110000   
 01                                   100010011011000101000111010011010010001  
11                                     010101010011000001101100100100110011101 
0                                       110100000110011011100101100111111110001
                                         01110101001110011001100110011010111101
                   0001010               11111011101000110010000100111110101101
                 0111111010               0100110110011101110101010010110100111
                010101101101              0000100010000101111000100000001111010
                01001100101               0011110110000010001011100000111011100
                00101011100               0101001101110011000110101010010001101
                 00010100                 1101110111111101110010001111000011001
                                         11101000101101000110010111010010111101
                                        010010011111100101101001001010011100000
                                       1101010000010100001111111100010000000001
                                      00000100011011100111011010000001011100010
                                      10111101100101101111010010001110101101010
                                     010110001001001101100110010011010000100011
                                     1001101000011001        110110100100011100
                                    1111000011000010          11100011110011011
                                    1011100101110010           1010110011100100
                                    10100011011011100         00110010001100000
                                    0010101100111011101     0001100010110101000
                                     111001100000010100001110111001001001100001
                                     010110001001111100101101100010010111000010
1                                     11010010010100001010011110101000101010011
010                                    0100101110100010110011100000111110011010
0100                                    110111010100011110110101110100111111110
00100                                    00110111011100100011100010000100110110
0001011                                     11000101011101010111101010011111110