1100001100111111101111001100011100011001011111001000011100000110111000110      
0010101100011010111111111001001001111010101100001001011010001000110011011      
1111110100011010000010110111010100110101010011000000001111000011000111110      
0000100100100011101000011000110111111110111110111011011100110011010010100      
0011000010110100111001110000001010001100011010110001011111011100010010010      
1010101001011111001000010100000110010110010110110001101100111101001001000      
1011011010111110110010010011101110000110010011010000000110001010111001100      
1100100110101100011000010101011000111011011001000011010011110011101101010      
0011101001100100111110010101111011101110001100111000011101101100001011101      
1001100111010101111000101000011010101110010101001000111101011010101100101      
1110100100100001011010011011110011100        1110111110111010011100000001      
100101010101001001001010101111101              01001111000000001001100011      
01111111000110000010011000100010                0000101000000001001101000      
00010011101001110110101100100110                1011001011100111110010101      
000010110001100010101110111001100               1011101110000100001111010      
100100111101001110101001001001001               0010100010111001101111101      
0100110000000101000000111010000011             00010001011010110110101001      
11110001000110101001001100000111010          1010110010001110111001100101      
0011000001000010000001101001000101010101110100000011110010111110101011101      
0111101011001011000000111001000111110001001100111000001011001000110001001      
0010011110110100110001111101111011100100010100111010001110110100010011100      
1011110000111010111010010100110110110100010100010000001101011110110111100      
0111001100111001101101001001000100011010010111010010110100010110111001100      
1011101101011010011110111110011100011001010001011110101101011011011101100      
1010101111110101011100100001111000111100011110000110011010100000110110110      
0111100010011100011111100011000010110011100001010101111001010001101001111      
1011001011101101010011010100110000111100101101110011001111101101110000100      
1101001101111111110010110000110011001100010010111000011111110001110010101      
0010110001000001110110001001001111111010000011001101100100001001100111110      
0110010111011000001101000011101010011111100001111000011001000111010111011      
0010010111000100000001111011001111101110101000011010011100101101100111001      