                                                                               
                                                                               
                                  00                           101             
                0                 011                          110             
 0                                                                             
00                  1                              00101100 1                  
                   00              0         111 010000111                     
                                             01011110001000110                1
    10              11           111     10    0111010111010101                
           11      01                            1011111101                    
           0       1                              0101101 011                  
                                                  000001111001               01
                   10    0                         110111101011000    000011   
                    0     0      00               00 0101100010001110101101000 
    11           010             0001001011110100011110001001010101010111001010
    00                              1111000010010110010010010111111100011011101
                                                   010   00    1100101100110010
                                0                        001            11101  
                                1011                                           
                            0     10                                      0    
         10001                                          1000               11  
        100000                  10011                                     011  
                               010                11                           
                                                                               
                                                         00100             1   
                                                          1                    
                                                                               
                                                                               
                                                                               
                                                                               
                                                                               