                  1100010101001111110010000111111001010010110001010000000111001
                  0001111110100001101111100101111001011110110110001001111101100
                 01100000001011000101111001111100111101001001101110110011100001
                111001011111111001000111010110010010110100111000100010100011000
             101101100001100011000111111000110000110100110110001000100001110010
            0100100001000110111110111000000100110011011001101101101110010111011
           10101011010000100001000010001110011100011111100010001111011011001001
           10100010111101111111110111101000001000101010001111100110001011111000
      0     1111111111101101010101001100010000010110000000001000011001010011000
     0101    000001010000101100101100001011101011011111001001110010101000011101
     10100  1000000110101101101100101010010001000100001011010100011100111000100
       1110 0111101100110001001101000001001011100111001000001010001001101111111
         10 0011111011111101000000111010111011110011011110110110011011010000110
           00001101000010101100101011111101011011000101010010000011110011100011
           01111111111011010101100101101010011010011001100110001010000000011011
            0011010100110000001011011010100001100010101001000001011111110001001
             111101000111100000101011110000000111001111001000111100001111000011
             011110100101111100110001001010011111010000010001100001010110010101
              01011011100110011000001101011010       00000111010110000111000110
                1001100011101111000110010010           000011011000100010100010
                   1101000000111110001101101            10011001100011101110000
                                        110             00101101010011001010101
                                                       100001000101000010111101
                                                      1010100101010011100000110
                                         100       1110010101101111011001000110
                                          1001001100010101100110011010001001101
                                          1100110111001101011011001011000010110
                                          0101100001110000011101101101000100110
                                          1101000000000011101100000100011001110
                                          0011101010001001110111111001111001100
                                           110011100010011101001011101011001010