111000100100110010100011011                                                    
000111110001000000101110011                                                    
000010100010011101111000111                                                    
101110010100110100000101100                                                    
101100010100101010000101010                                                    
111011100101110111110111010                                                    
010000011110101010011100111                                                    
100000101010110111000111100                                                    
011101111010010110100100010                                                    
111000011011011110100010110                                                    
100001111001111010000111101                                                    
100011100101001110111000011                                                    
     1111000100001010010100                      110001                        
        0111011100001100101                     100110111                      
         000101011011111000                   00000110111100 00101101          
         100101110100010010          0110100000110001101010100011100110        
         001110011100000110          1010111100111110110100111011010111        
        1010011100101110110                    0110101101110   01100           
     1010001101110101001101                      0111110                       
001011010101110111111110100                                                    
101100000001000111110010001                                                    
100110000011010111110001100                                                    
001000111101111101111001100                                                    
000000111010110001111100110                                                    
111000000011000101001001000                                                    
101000110100100001001110101                                                    
000001010011010111101011101                                                    
100001000101100111010010010                                                    
010110011111111011101100010                                                    
101000101101111011001010100                                                    
101011010000101001011101011                                                    