01000111101001000                                                              
00101111111101101                                                              
00011111010101111                                                              
10100111101111111                                                              
01101101101110111                                                              
00110001000111100                                                              
00101100010110011                                                              
11111101100101100                                                              
10000011000111010                                                              
00010111000111100                                                              
11101000000101110                           110011                             
10010000010010110                      011100100001                            
11111010111011110                      1000100111001                           
00001101001010110                           00000100100                        
01111111101101011                            1110100010                        
11010010001101101                            00000 10                          
11010000001100101                            000010101 10                      
01100011001011011         011010            10 100110110101 0011001            
00010000100110110         111100110110110000010010111110011010010000           
11110101001110011              110100000101111010011010001101101000110         
01010000111001011                           01001000000 01000000010111         
10100101110110101                                 1111          011            
01111110010111001                                                              
00110100010010011                                                              
00000011000000100                                                              
00110000111110101                                                              
11110100011101001                                                              
00011101101011011                                                              
00001000111011011                                                              
10100101000001100                                                              
10011101110111110                                                              