010011111110000000011110                                                       
110010010111000011110000                                                       
010110001100000110000001                                                       
110100010011011101011001                                                       
101010001110000010011100                                                       
011010010101000011011110                                                       
101110111010100011011100                                                       
000010100001000000010000                                                       
101100011010011000111011                                                       
100101010100000110100011                                                       
111011110110010100100110                                                       
011110011100110101011111                      010011                           
   111010110100010101001                   111101100010                        
     0000101010110111001                 101011011011101                       
      111000010000111011                 0110101111110110  1   011110          
      101000111111001011      01000      1101001001100110000001010010000       
      100110110010001100     01111010110010010101010011001011001110001100      
     1000110000001000000                    01101010011010101110101010000      
   000000011110010011111                        0011001010     001001          
110101111010000000101011                          100                          
101001101011111111011011                                                       
000001011110011110010010                                                       
110111111001110111100000                                                       
010111110100101001111001                                                       
100010100110011011110100                                                       
100001000101111011010010                                                       
010010010011101011011011                                                       
111100100000100000111110                                                       
101001111101111101101011                                                       
100100110110101101100100                                                       
011000000110111010001111                                                       