                    11010111111100100100001111100111011000101011100110011001100
                     0100111001101001111001100010100011111111000001011010001100
                      001011110000110000101001101000110111010001000101000100110
                     0010000101110001000101111011001101010001010100010011001110
                    01101101111000101111100001011011100101101110100100010000101
                 10000100111001100001110111010100101110100000110100111000010110
                 01111110100001011000011111011100001001101100100101011010110011
                010101011010010010110001001111010001011101011100110001011001010
               1110100000011010001000110010010011101000001010000110011111100100
           1   0100110100111100111110110010001100001100010100001011111101000101
          101   001010111110001101000101110111011111101000111001000101011010111
           111  011001010001111010101000100110000100011011001010001011100000110
            100 000110101110010000100011110011100100011000000001101000101000100
             01 101001111001011010111000011001110010101101001100010010011000110
               1110100011011001010000100001100010100110001111000101101001100000
                000011010010001111101111000011000101110000001110010101000110001
                 10011010011111101001010001011100001100100111110010010111011010
                 11000011010100111011111000000101100001101000101010111011000111
                  100010101010110111011101101100       010100100011001111001100
                    01110100010011011100110111          10111101001001110111101
                       11111010011111000100011           0110000111101101010001
                                           10            1111010100000011010101
                                                        11001011101011101111101
                                                      1010010010011001011001101
                                            0001  10011100000011111101011011100
                                            11001101101010100001011010000011110
                                            00010111011110110010100000111111110
                                            00001010101000001100101011010100110
                                             0001100001000100111010111100011100
                                             0111110011111110000101100111000011
                                             0011000101100000111010011011111100