                                                                               
                                                                               
                                          10                                   
                                               10                 001          
                                                                               
                                                0101                    0      
                     0                   001100111010                    0 0   
                    100                  0010100000011                         
    0                                       1111100010                         
             10                              001111001111                      
             10                    0   1000   001000 110     0               1 
                                              1010001110                     01
                                              11 11101001111 00100101          
              10             0010010101001000011000011001001000110111101       
              00              0001111110011000100010000110110101001010011      
        1                              0      111  1101   011101000110100  10  
                    0                              1001        0101001         
          1 0                                                                  
                                   0                01                         
                                   0100        00         0011                 
                     1                                                      010
                            110                                                
                             0                   1000                      0   
                                     010          1                           1
                                       10                                      
                011                     1                                      
                000                                1                           
          1                                                                    
                                                                               
                                                                               
                                                                               