001100001011101110100                                                          
001000111101100100100                                                          
010010011000000101011                                                          
111010000110100011111                                                          
111110010111000110100                                                          
111011000010001110110                                                          
100011001101000101111                                                          
011111100101010101010                                                          
111011010011000001111                                                          
101110010011100001010                                                          
001111110010110111100                              0111                        
110001101101000101010                              11001010                    
001001100011010001000                                10100000                  
  1110000011001100110                                1100011101                
   000101101011100101                                 111110 10                
   001101010000110001             010                1010110                   
   111100010111010000             11110110           0000100                   
  1110111111111000000                1111111110     01 011010                  
010111101110111001010                    0101100000011010111001                
101011111010100010101                     10    0110100110001110000            
110011010101111110001                     01       10001011101111101011100     
101111001110010011001                                  11001011000100100011    
000110101000110000110                                   11100  01110111101010  
111010100101010101011                                     1        1110110100  
000010001010000001000                                                 0101 0   
001000001111111100111                                                          
110000010101011011010                                                          
101010110011110111110                                                          
010110010001011111011                                                          
101111000110000001100                                                          
000001101011100011101                                                          