11001101111010111001101011110010110000100001001010011101101110000101011        
11101110010101010100100000101100100010010010100000010000000000111101101        
00111000111000001001111011111000010010000101011111011101000110011010010        
00001000011011111011001101100100111100000100100101001110100101011011110        
01000011010010001000110100000101110000010110101101001100010011011101000        
01101000110011110010111001111000101101000001000000100100000100110000001        
11000101000011000001010000010010110000011000110110110111111011101101100        
10111110000111011100111101111001011000001101011001100001000100110001010        
10001000010000001110011000100000001000101011111000100110010010000101111        
01111001011111011101111011111010010010010011100001010001100000110011011        
011100100111000111100000011001100011101     010000010011101100000001001        
1000000000101111110011111101010011             011011011101110101000110        
11000011101010000110000010110010                0100101111000000101101         
01000110111010110000000101111010                11011001010111010011010        
01010011010010101110011110101110                11101101000100100010110        
000101011110010101110110101101010               00101011000111100111101        
0111001001101100101000011010101000             001101101111000000000001        
01011011101100000111111011011000110           1011000011111110010111000        
10111010110100011100100111001111100111001110101111110000101011001100100        
00100110001011111000110111000010011010011101010010110010001111010010100        
00011111100001010010001100110111000100010110111011010000010001011000010        
01001000001100100010010110111010101110100111000011010111010101011110101        
00101010010101111000000110000110101011010010010111110010100111001110001        
01100010000010000011101110101101110110010110100011111011110000001000101        
11111010110001000100001000101111010011110010110111011101001110001110101        
00001101110111011101100011001011101101001011011110110010110011010110101        
10111111110110000010101100101110000010100010000010111000000100010001011        
01010111111110110000110011111100110100000010100110011110001010100110100        
00110101110001111100010000100110001010101111010100101000110001101101000        
11011011111110001101111011011110011010101101110110111110110110001100101        
11010111010110101011001000101110101110011011110111000010100110001100011        