100101111110101110                                                             
000010011110101100                                                             
011010100100001001                                                             
010011110110010100                                                             
010101110010001001                                                             
101111111111101111                                                             
100000110110010110                                                             
101111111011001100                                                             
110001010101111000                                                             
101000000000001101                                                             
101000110011110111                          1010111                            
101001011001000011                     001100000010                            
100000010101001110                     1000010111110                           
101011110110110001                          10000100111                        
100000100111001110                            110010100                        
001000000101011101                           110101 11                         
100100001111000101                           1011100100  0                     
110101110010111000        11000             00 1001001100010 110111            
011000100000101110        10110001100000001111010010110110011011001100         
111110100101010101            11001101100001001000110011010011111011100        
111000000001001111                   10     000001000110110000011000000        
010010011100000110                                0001          111            
010111110011010111                                                             
100111111111010101                                                             
111000011001111010                                                             
101001100101101110                                                             
101110101101011010                                                             
001000010000100010                                                             
011001100100011111                                                             
110000100110000011                                                             
000110111100010100                                                             