1011001001111011010010000011101000010011000111010100101111110111001101111000101
00111001000100111001101   01011000100011011010011011001110101001011110000101110
0011110011110110            011110101001000110101110001100110010101001100010011
001011010101000               0001011101001011000000111110001100100111100011100
11000111101010                 101001011010010011011000000101000100110000101000
1000111110111                    0111011111101000110111111010110100010100101101
001001100101                      111010010000000001111110001100011001100100011
101110010110                      110010001111010010000001010010101001011001011
000101101010                      010010111011001111010111010011011001010001100
00110100010                     01110001110011110111111000110001001101110101110
11100010111                    001111110001001100100100011101010000011000111101
10101111001                    110010010001001010001101101110010100011101001101
00101010100                  00100010000111100011001011001111000011010100010010
10001111010                  11111100110011001110011111100010111000001010111000
001001100000  1             100100000110110110110100001110000000010100100111000
0111011001100 1             010101110100010001100011110100001101011110100010111
01001010101000010            11001001110011111101100100   011001011011111011100
10111100000100010               10101010011001110001        0010011001001110101
10000110010101011                0111110000001101110        0000111100010101101
11101111010010011                   1000010001101100       00100101011001111110
11010011000010001                                         101110001111010110111
10000111010010000                                    10010001001000101001010011
11001100101000000                                    11011001101010001000010000
01011100001101011              11                    01011110001101011010010011
00000111110001000              00                    11100001010111100001000001
11111010100000001              01                    01001000110100100111101111
10010111000101110              11                    00011100001000000001100001
11100010011010011              10                   101001101011101001111011010
1010110010100111                                    010111111011010111011011111
0111001010100100                                   1111001010000011110010010011
110000101010111               101                 01011011011110001111110101111