1111111100010011000001101100011                                                
1010111100010110100110111110011                          0101                  
1111000011101010100101100101000                          0000 0110             
1000110110000111110101010011110                           001101011            
0100110101000010101101101111011                            011000000           
0100001111010111000000010011010                             010100011          
1110010111010011001011001010001         1                  000111111           
0000111111111011010100000011111         10010              010000111           
1111000000010011111001111010000          101111001        010111001            
0010110010000010100010000110101            100000001001 111111001010           
1001001011110111110101000011000                 0101101001011010011001         
1000011101001000001111010010000                  01     10111011001101101010011
01      10000100011010011110000                          1010111000100010010100
          001111101000010001010                               01001110101100001
           00111110101100110101                               1110    000000100
           10101000000010111011                                           10001
           10001101000100010100                                             111
0         100101110111101111110                                                
001     10000111111000111000100                                                
0101000001001100111000100001101                                                
1100100000110001111111011010010                                                
0000000000010001000111001111000                                                
1100100100110010101001111010101                                                
0000111110000010001101010011101                                                
0000011001001011111010010101010                                                
1101001010010011111001100010011                                                
0100111011101000011000001010011                                                
0011110110011000000010100001011                                                
1001010110010001011100010101101                                                
1111111010000110000101000001001                                                
0001011110101110011000001001110                                                