100001110010111                                                                
000010010111011                                                                
11011001011100                                                                 
11001111011101                                                                 
11000011010000                                                                 
00010010110011                                                                 
01110011100010                                                                 
10100101100000                                                                 
00111000110100                                                                 
01100000010010                                                                 
11000001111010                                                                 
11001100011110                                                                 
11010111100010                          1010110101                             
01000010111100                          1100100101010                          
10100010010101                              010001110                          
00010001111101                               1011110                           
00110110110110                               00100000                          
10110001000111                               000010110                         
01101010110011              11110010111     0011100010111                      
10000111100111               10010101010101100111011011001001011110            
10100010010111                     010     10010111101000110111011011          
00110110010111                       11         101111110111001010010          
10110001101011                                    110         011110           
00010111111100                                                                 
01100001100110                                                                 
10101100101010                                                                 
11110101101010                                                                 
10000100011110                                                                 
00110100001101                                                                 
01100010000010                                                                 
00110100001011                                                                 