1110111010101111001011101100110100010000                                       
1100100010101101110010111000010000100010                                       
1110101010111111001101011101011010100110                                       
1001101001000001001111101000001001000111                                       
0010000000110000011000110001001010101100                                       
0001000000000100000001011100011110101000                                       
1001110111110000010100010101001010001010                                       
1010010011011100110101000110111000100101                                       
0011101111111010101101101110100100000110                                       
1000110000101101010101000010010110000101                                       
0010011100100001010100111111101011001001                                       
1111010000011001011010010100111101011100                                       
011010100101      1010011100110010010100                     110100            
110011010           11011101100101011010                   1110000111          
110000000            1001111001110111000                  100010010010         
10001011              001110100001011110                 00110111110110        
000000101            1011101111111011001                 0111000010011         
0101111101          00010000010100110100                  10111101110          
111100001101      1000010110110010011101                    10100101           
1110011000100111100101100111110001111011                                       
0101011001111001000011010110111100000111                                       
1001110111111110011100011110001010001010                                       
1001000101100110001000010111110011010010                                       
0010100011001111000110111100111110110101                                       
1111011001000001111110000111101001110001                                       
1100111100010100001001010101111010100001                                       
1000101111100010011111000101110011000101                                       
1110111011101000111101111101011101000100                                       
0110100100110010111000111001000100111001                                       
0000001100000101110010000110111110110011                                       
1001101001111011010111010000000000101010                                       