11101101001110001111011                                                        
00110100000011101011111                                                        
11111101100100010001101                                                        
11101011111111101111011                                                        
01011011110011111100000                                                        
11010101111011101010110                                                        
11100100110010011001100                                                        
10001000010000010010111                                                        
01011100001110011000011                              1011                      
01010110111111001011001                              01010110                  
10100010011000001010110                                00000010                
11110110000110010111001                                000101001               
  100011010110111111011                                110010 00               
    1100011111101010110             000                00111 0                 
     101001101101001010             01001101           0110010                 
     110010011011011011               00000010010    110 10111                 
     000111100011010100                   0010010010101110110010               
    1110111101000011001                    00    00011000101101010             
  101100000110111011100                     10      0110000001100011110110     
11111110001000111010011                                000111000110000101001   
01010000011010111100110                                  111101 01110100010101 
10001111000011011111011                                    1       01101100000 
10001010101100001011000                                                0001111 
10111000111010111010011                                                  1     
11110110110101110101101                                                        
11001101111000011100101                                                        
01101010010101000011011                                                        
00011100010111100001010                                                        
10000011111111110000000                                                        
11001100100100001100011                                                        
10010110111000000000010                                                        