                                                                               
                                                                               
                                                                               
    0                                                                          
                                                                               
                              0                                                
 00                                    1011 0001010            0 101           
                                       111000100011               0            
     0                                    1100111100                           
    01                        010         110111111001     10                  
                               0            011100100                          
                                            110001011                          
                                           01 0110110111110001001              
    10              011    10110110110101011100100010000011111111001           
                         10   010000111001111000001000010011011001101          
                                     11     110 11110 1 011001100100           
                                                 011           01              
                                          11                                   
     01                    10                    111                       0   
     01                               1     0     001             111     00   
10 00              0                                               0           
11                 11                    0                                     
                            00         00101                10                 
                           1100                                 01             
                                                                               
                                                                               
                                                                               
0                             0                                                
       1                                                                       
                                                                               
                                                                               