0011111111000011                                                               
1011110010000110                                                               
0101011010010101                                                               
1011110110000010                                                               
1111000110111010                                                               
1000111111001011                                                               
1110000000111101                                                               
0101011000000101                                                               
0100101101100000                                                               
1111111111110010                                                               
1010011000000000                            11111                              
1101011111010000                       110011011100                            
0000110010111011                       000011101101                            
1001101011010110                         0 010111011                           
1011001110010101                             001111110                         
0101110101001011                             010110111                         
1011001001011100                             010100000                         
0010010101100111           111100          0111100101011101  10101             
1000110111101110           10110000000000011001110101100011000011000           
1000000000001010               01001111100101111110101001000011101011          
1110110111101101                            1000000110 10110100000011          
1101101100001011                                 0000          101             
1001101100001100                                                               
0000111100010000                                                               
1010101100011010                                                               
1010001101000001                                                               
0001101100111100                                                               
1000001101001010                                                               
1001100011110000                                                               
0111011010101111                                                               
0000111001010110                                                               