1000000101011110000110001011001100100                                          
0000011010000000011011110001010101010                                          
1000010111110100111101001001110011001                                          
1101111100001011111001010111100110101                                          
0011100101000110010000011111110010111                                          
0001111001100000010011011001011010101                                          
1110011101000010001011100001001001111                                          
1001011111000011011010000111010001011                                          
1011000110100101001111101110010100011                                          
1110010001000001010011000110100001011                                          
1011001110011010011000110110111011011                                          
1100001100101110010101100011000001100                                          
111100100      0110010111001111110011                    1100101               
0110110           0010001010000001110                  00011001101             
100010             010100101100010010                 1100100011000            
110101             110100001110010101              11011100011100001110        
011011            0100000100111100101              1010011110001100000         
0110100          10111110100101000100                  010101010011            
100010100      1110000000111011101001                   010110001              
1100000101011000100000100110111101010                                          
0010011100011011100101000110111001111                                          
0011011001110101001100101100111010000                                          
1110111110011000100100000000010111010                                          
0111010111111101000110111001100111111                                          
1001110111101101100110110101111101101                                          
0000111010110100100010110011111011101                                          
0001110100011100001101000101111011111                                          
1111001011000101101010000110011111010                                          
0000101101010111111000001011101001010                                          
0110100000011010101001010100010000110                                          
0011101100001111111110110000011101001                                          