111000101100100011                                                             
111010010101000100                                                             
100100101001001110                                                             
101100100101010100                                                             
110111111001110011                                                             
001100111010100010                                                             
100001101101111100                                                             
011111000101000000                                                             
001011000000100001                                                             
100011110101010100                                                             
100110100101110000                                                             
011000001001101000                              11                             
111000010001011010                             0100  1                         
110100000011010001                             10010111101                     
011111100000001011                               11101010100                   
101011101010010001                                0011100                      
111011001001011011                                 0101110                     
111110000000000111                                0001101101                   
110010011111001101              10101010          010001101                    
001111100011100100               1111010100110001000010001000001               
011101111011010111                    00000100110001000111001001011010         
100001111111001011                        0     010010101010111001100110       
100001010111111100                                  0011100000100000011100     
101011100001110110                                    1111    1000010100011    
111001010001000011                                                 1010        
111000000101101010                                                             
111001000101011001                                                             
111101011001101100                                                             
010101010011110000                                                             
010100010110111010                                                             
000101000000100011                                                             