1100000010010101110110010001011111000110111000001100100011001110010101010010101
1101101011100111011111001110111010001111101101100110111011101011111110101010101
0001010110011101101101111100100000000111011111011000010110101000001100000010111
0000000000000001101001101100011111000100010000000101001011101100111101101001101
0111111110010100110101101011011101010110001110000001101011010010001010000100001
0011101100111000010011010010000    01001101010101011001101100110011001101110101
01000000001100111001010110100                  11001111111100111110111110011111
1000110101010101111100101101                  011101010101011000000010101111011
111100110111100110010001101                  1000111111011111110111000001100010
0111110110010100001001001100                11000001010101011010001111111001001
00011010111100111100101111                   0010111010111001010011010011111101
0000010101110111010010101100                 0011101011111111111010000011000111
010010110001100100101100111               1011011111100011100111111100001111000
000010000101110101001111111               0001000101101011101010111100001101111
000010111101111111111110011 0          000 011011001011100001001101001110101101
110010111100010100011011111010        0110 110001001000110111100111000011101101
1000011000111010101110101001110         110110110100011011100010111011011111010
1001001111001010111010010111101           1010     1001111011010111010101010110
0000101110101101000111010110100            110      101101000100000110001000110
01101000111110101010101110101001           101     0100110011001000110000111010
1101101100110001011001011001000                10 11011111100000101111101111101
1001001111011101110110001001011                00001011101110111010101001101011
1111100010101101000111011101010                 0100010010111110011110111110011
1000001111000010100001100101000                  000011010101010011000111011011
010001100101011000100011110000                    10110011111111100010010110100
011101011101100010101011101001                     1001111101111011101110000000
101001000011100010000010001100                     0001101001001110010110110100
110010101100000010011001011110                      110111001110010000010110100
100010110010110111011100001000                      010000000100110111000010000
011001011000000101000001000110                       10011111101000101000111101
100101011111101011001101111010                      010001100010101101001100111