                                                                               
                                                                               
                                                11                             
                                                                               
                                       001                                     
    111                                               1100110                  
     11                00                       11  000100001                  
                        1               110    00100001100110                  
   11                                          0 11010010001001101             
  0                                                1011110111101               
                             001           1       11110010011                 
      1                                              111011101101              
                                         1            001111111111111          
                                                     01001001000011010011010111
                                     0010           100010001011001110011011110
                000         01       110001011100101010001111000110001111101110
                           000          011000101001000100001101111101001011000
                01                                  101    1001   0010110101001
               100                                          110             001
                                                        110                    
                                                   1     011                   
                                                                               
                                   1                   0 110                   
                                                      100                      
                                                                               
       100                                                                     
       1 1                                                                     
                                                              0                
                                                                               
                                                                               
                                                                               