0000110001011100010010001100000101010011000000111100111001110101011001011111000
0000100111110010010101010100011001101011000101110011001110011011010101111000010
0001010110001001001001111001011110111001111000011110111000110111111001111011100
0110111001010001000111100111111111011000111010110010010000000001111010111101111
011111111000111111101111011101     11101111010100011111110110001100010111100100
1011011010001100111000000001                    1101111011110001101111001001011
000010001000010011100111101                     1001111110000110110000110000111
01110101101011010100001010                     00001001101111101010101011110101
010110111110001000010010100                   111101010011000111011011001110111
0111100101011001110110001                     110011101010111000100011001000111
110100001010111111101101010                   011100010110001001011001111101100
110110010011111111011110110                  0101001100010100100010101110101100
001101001001011111000010010                111110011000100101010010101011111111
111001001100110111010010111             101 01000101101010000011100010100011101
011111100101111010000000011 1           011 10111111100011011111010101110110100
11000111111011001110001111100 0         100 01001101100101011000111100101011101
0111011001011101001011101000111          00100010100101010111100001100011011100
1011000100111011000100000000000           01010    1101011110000110001000111000
0111011001000001001111001001110             10       00011011000010010110010101
0011111100011001010111101101101             000     001100110000001011010000001
0101011010100011110100011010110                    0100000111111101010100111101
0001101101100001100101011100001                00101101011110010001010100100001
0000110101101100010000000110001                 0000111000001000010110101000101
1100100010100000100000100100111                  001100011001001000011101000000
1011110001000010000100110101001                   01001011100001000111010011001
100000111101101101010101101110                    10011011010101100110100010100
000010111111111101000001110111                     1100001010010111101000111101
001001001101010101010110000110                     1001001100010111010101101011
00100000111110101100110100111                      1001100010010010111101101011
000111000010011000010011010110                      101010001110000000010110111
100110111100001000100010101111                      010100001101110111000111001