1100000000010011001011011110001101001010110000010010001010000001010100101101111
0111011100011010111101100111010001100001111010000000001000111010111100010101100
0001111110100111110000100010011100111001110111101110010001011110110000111100001
0001000000101011000100100000000000101111110011100010100111101010000001111100011
0000011011010000111110110111001111000011100010111110000000101000101000110000100
10010001110001111100011011010011  000101001000010000001111011000001010000011000
101101100100100101000110000100                011100101100001011011111011101010
00001110001111010111010001110                 100110000001000101010100110011111
0110111110011111101000001110                01001110101110100000000100100110110
1011110011111101000011100011                00101110010110100000101010110011010
11110110101010010110001010                  11101111001001000011110010101110110
110111100110110101011110101                 00100000110100100100100100010000110
101100101000011011010110111               0110001100000010101100101011010111011
00000000110101000100000110                0011000010110110111100111010110010100
01111010000011010100101100            001 0110010110010101010110100100011100100
011110110111111000101111110 11        001 1010101111101111000010001001101111000
0011100100000100010000101000110        1 00001110000010000110001111110000011110
1011100000111100100100100111101          011101    1011001110110011001101111000
0110011101101001111111101110111           1010      111011111100101111100110111
1111111111010100011010100010111            1011    0010101111110110011010001100
1100101000001001010101101101011                   11000011001100000111010000010
0100010010010110001001111010001                 0011011101101100111101111111110
1100110011001100101001001001011                  110010010100010111010011100110
011100101100100111101101111101                    00101100011010111000010101001
110101101010010001001101111110                     0010100100010111111111001010
000000111001100100001101000000                     0001100110101101100100110001
101001110110100000101110010010                      110011001001101010111001100
000110111100000110110000110010                       00001001010101001111110010
100111011100110101011011110110                       10001111001111111111000001
001100001000010110100110100110                       11011101010100001110011101
10110101011110001001000010100                      1110000011011100001011111110