                                                                               
                                                                               
                                     11                                        
                                                                1              
                                             1                                 
            00    0                                   1000000                  
           100                 1                10   00101000                  
11               0            011               010001111100                   
 0                                               1010111101110001              
        11000                                       0000110101010              
         1               100                       01011010000                 
                         11             1101         0101001111110             
                                                     0 00100110100100          
                                                      1111000011100000000110001
                  1            1                     00010010110111110010011001
                                      00101010100011100001110001100110101101100
                                       0010010110110101101001111110110011110001
                                              00    11111111010  00111110110001
                     1                                     1100          010000
            1                                                1                1
                                                                               
                                       0010                       011          
                                       0110                        0           
0                                                   0                          
                                                   011                         
              00                                                               
                                                                               
                                                                               
                                                                               
                                                                               
                                                                               