1000100000111100001                                                 10101011000
10101010110000110110                                            10  10110001100
000010011011110000010                                           011101110101000
10011101001000110001010                                         001000110001100
00111110010001001010010                                          01011110011010
00010111011010110001000                                          10110100101110
001010011000010101000                                          0 11001011011101
1000001110000001011011    11                                   0  1001100110000
0100111010001111010101    110                                   0 1111010000000
010100010100111100001     011                                   100000101111010
000010000010011100111     111                                   110100010001010
100111010011110110000     10                                     10111011011010
101101111101010011100      0                                     11110001110101
0111011011011110010010  010                                      00010001111101
0011000011011100001001  10                                      111000110101110
0111100011010000110011                                             100110111010
1011011101100100000111                                               1001101101
0100100100011010000010                                                100000110
00110010111110101001                                                  011011101
11110011100010110011                                                   11101000
0100100011000110101                                                    10010010
00100010000100001                                                      11011001
1011111110010001                                                        1100110
101100010011101                                                         1001110
00100010100111                                                           010011
1000111010100                                                                  
101000011110                                                                   
10111110001                                                                    
1011111101                                                                     
100110101                                                                     0
11000111                                                                      0