                                                                               
                                                                               
                                                                               
                                                                               
                                                                               
                                                                               
                         011                                                   
                                                    11                         
                                                 01010                         
                                               10011011                        
       00                                     111110000001                     
        1                                        10100110                      
                                                 110110  1                     
                                                 010101100                     
                                                  0101000110001                
                                1                 10111010111011               
                                              1100001101100001000              
                                              0001010011111100101              
                                                 1111  1001111001              
      000                                          0   00  0 10                
      001                                                                      
   010010000                 1                                                 
   101001100 10             0010                                               
   110000011010             0010                                               
   11000100011010101011111  0011                                               
01101100011011010001001100101101    1                                          
01000001001110000010111010011110                                               
10101101110111001001011111000001                                               
10011011100111000110100110111101                                               
01100001010101110111001000001100                                               
01110101011001000100111001101010                                               