                                                                               
                                                                               
       0                                                                       
                                                                               
                                                                               
               01                                                              
               101                   100                                       
                            0   0     0             1100110                    
                           001   0               0111001             0         
                                011           0110111100111                    
                                              010 1010001111                   
                                                  01100101                     
     1         1                                  011010   1                   
    0         01                                  0111000011                   
                                                    01111101 0101011           
                                                    100011010000101011        1
                                            011011101010001010010100100        
                100                         011010101010001000010011000        
          11                                   10 0010010001001011101010       
                                                     10  00  111101101         
                                                         00                    
1               1100                                                           
0011            01010                                                          
0111            11101                                                          
011011000001100010111                                                          
010110001100101100001           0                                              
100001100011010100001                                                          
011010101001001011110                                                          
110100100011111010100                                                          
011011111010101001011                                                          
100101011011100100101                                                          