                                                                               
                                                                               
                                                                               
                                                                               
                                                                               
                                                                               
                                                0                              
                                                   010                         
                                                 01101                         
                                           01  1101111001                      
     1  0                                     00 001010001                     
     0  0                                        0011001                       
                                                 10101  11                     
                                                 110001101                     
                                                  1100000011001                
                                1                 101010010011000              
                                              0010100000011111011              
                                              1000000111111111000              
                                                  111 010110110 01             
      110                                          10  01  0                   
      1110                                                                     
   011000010                 00                                                
   010001100 00             0001                                               
   1100100111101            1000                                               
   011011000111011101011111 1100                                               
00111110100110000011000110000110    0                                          
00110101110011001101110000100001                                               
00111111000111111110110001011100                                               
01101110011100110011110011100111                                               
10111110011100000010100110011010                                               
01111101101101110110011010111100                                               