                                                                               
                                                                               
                                                                               
                                                                               
                                                                               
                                                                               
     0                                            001                          
     0                                    01    00011                          
                                             00000000011                       
                                             11 100110010                      
                                                0111100                        
                                                00010  0                       
                                                01010100001                    
                                                 00011001001001       1        
                   0                            1000011011100100               
                                             100101111110010110                
                                             1111010000011001111               
        1                                        111 1001 001                  
       11                                             00                       
       111                                                                     
      0010                                                                     
   1111110101                  10                                              
   1101101111 100            10010                                             
    1001001111010            11100                                             
0011101001111000111111100000  1011                            00               
1111110010110011100110110000111000                            0                
1010001011101100001101001110011111                                             
1000000010011011111100100000000101                                             
1011111100100100001110001110101111                                             
1011111111111111100111101111001001                                             
0101000011000111001111101001001000                                             