                                                                               
                                                                               
                                                                               
                                                                               
                                                                               
                                                                               
                                                                               
                                                 10110              0          
                                               1100001                     1   
                                           01 00010101001                  0   
     1                                           1010100                       
     0                                          1100101           0            
                                                111100101                      
                                                  001100101100                 
                   1                             11110100011001                
                                             0001000011011011101               
                                             1111110100001000100               
                                               01000  1010001100               
        0                                         00  00  1                    
      0011                                                                     
      1101                                                                     
   010010110                  10                                               
   011111100 000             0011                                              
   010110101 010             0101                                              
   001110100110010101001110  1111                                              
000001010100001100100111000111110                                              
011000001001111001101111110100010                                              
011010100101100111110101101010011                                              
001010111001011011000110000111000                                              
011100011110011001110110111100000                                              
001111010000111010000000100010100                                              