                                                                               
                                                                               
                                                                               
                                                                               
                                                                               
                                                                            1  
                                                                            0  
                                                 011                           
                                              1010111                          
                                            0110100100001                      
                                             0  11111100                       
                                               1010100                         
                                               110100011                       
                                                 01101100110                   
                   1                            11000011011111                 
                                            1001100101110010100                
                                            1110110000110010101                
        0                                     10001  1100011100                
       01                                        00  000 0 1                   
       101                                                                     
      11011                                                                    
    110011110  0               100                                             
    011100011 0100            11100                                            
    001111011 0001            11111                                            
10101111001100000110101101010  1010                                            
00100100001100110000011101101101011                                            
00001001101110110011001010001010001                                            
11000000011110110100001001111011111                                            
01010100010001100011001110001010011                                            
01011100000111000001111011001000101                                            
01011010110111000001101011010000010                                            