                                                                               
                                                                               
                                                                               
                                                                               
                                                                               
                          0                                                    
                         11                                                    
                                                                               
                                   01           1000                           
                                              001010                           
                                            000101111000             0         
                                            1  001010111                       
                                               110111                          
                                               10111101                        
     1                                          01101111001                    
                                                1100100011000                  
                                            000011000000100110                 
         1                                  011011011110000011                 
       001                                     1101 0100111101                 
       0111                                     00  10000100                   
      01000                                                                    
    0101110000  10              001                                            
    1010110000 1011             1000                                           
    000010100  1111             0100                                           
1011011101010111001000010111110 0011                                           
011101000001100010010001000111000101                                           
000111000000001011111100011011010101                                           
111001101001000101101010110000001101                                           
111001011101000010001110111100110011                                           
111101100100001111110001011010001111                                           
001011111000101100110111110001101100                                           