                                                                               
                                                                               
                 01          11                                                
                                                      1                        
                                                                               
                                                                               
                                                                             1 
                                                                             0 
                                                0111                           
                                             1100010      0                    
                                            111001111101                       
                                            0  0111010                         
                                               111000  1                       
                                               01101011                        
                                                0111100 01                     
                                                111111010001                   
                                            0000011101101101110                
         0                                  000111000101111011                 
        100                                    010  001010000                  
       0111                                     0   01  11                     
     11001111                                                                  
    1000010000   00               100                                          
    0000101011  0010             1110                                          
    1011101000  0100             1100                                          
00100000000111001111010110101111 1111                                          
1110110011110111000110001010010101110                                          
1110110010000011010101010100001110101                                          
0001010111011011101100010010111000001                                          
1111100000101011101111011010101101001                                          
1000001010110100100000010000101000100                                          
1101100111000101001001001100011100100                                          