                                                                               
                                                                               
                                                                               
                                                                               
                                                                               
      0                                                                       1
                                                                               
                                               0010                            
                                             0111000                           
                                           011100011110                        
    0                                         11111101                         
                                              101110  0                        
                                              100110010                        
                                               010100011010                    
                                              100000010111011                  
                                           100100000110110001                  
                                           00011011010010111                   
          1                 1                  010 01111001                    
        0110                                    1   01 0                       
        1011                                                                   
     111000001                                                                 
    00100001010   111              1010                                        
    00000001000  01100             10000                                       
     0010100010   1010             1111                                        
1000011100011010111011101000010111 1000                                        
011100010001100000110011111011000110101                                        
100111100000011010100010000000000011111                                        
001010000101000000110100001001011111001                                        
100000101100101111001011100101111001011                                        
010001001011000111110100000001000111011                                        
010110110001110010010101011001101011010                                        