                                                                               
                                                                               
                         1                            10                       
                      1                                                        
                                                                               
                                                  1100                         
                                                 00101                         
                                              011101100                       1
                                            000110101010000                    
                                            01  0100011011                     
                                                1000000                        
            0           0                      1000110  011                    
                                               11111111010  1                  
                1                                0100001101111110              
                                                 011110001110010001            
                                               10000010010011001001            
                                             110110111100110011000             
                                             1101110111011011010110            
       1           1                             011  11101101101              
      00                                          00   01  00  01              
     11110                                                  1                  
     01010                                                                     
   01110110                                                                    
 010100100000                        111                                       
 0010111010011  1                   01010                                      
 000110000001  110                  10110                                      
 111111001111 10100                 00001                                      
0000111011110000001001000100101110  11100                                      
10100010001000110000101010110100110 10001                                      
11100101100000100010110101011110010100010                                      
10000000011101000010101101110010000110010                                      