                                                                               
                                                                               
                                                                               
                          1                                                    
  1                      11                                                1   
  0                                                                        1   
                                                00100                          
                                               110001         1                
                                            10111101110000                 0   
                                            11 0011101101                  0   
                                               1011010                         
                                               001011  001                     
                                               0110111101 1  0                 
                                                01000100100000                 
                                 1              01000010111011110              
                                            01100110011110111011               
                                            11001101001010010100               
         0                                    101001 110100110100              
        10                                      001  001100010                 
       1010                                      0    10                       
       1100                                                                    
    0011001011                                                                 
   010110011111                      111                                       
   001101001010  011                11011                                      
   10000110001  11110               00110                                      
   11100101001  11001               00010                                      
01000110000010001001101110010011001 11101                                      
10000010101111100010010000011011110110100                                      
11101100010001000111100110000110100110010                                      
00011000011010000011101100100010000000001                                      
10110101001100110110100010110101111011100                                      