                                                                               
                                                                               
                                        10                                     
                                                                               
                                                                               
                                                  01111                        
                                                 001001                        
                                        1     000001011111000                  
                                             0100001101000010                  
                                                 1011001101                    
                                                 11111111                      
                                               011000110  110                  
            0                                 00101110000111                   
            1                                     00111010110010101            
                                                  1101101111110010011          
                                                0110000110100001110010         
                                             0000101000111101000011110         
                                             1111010100100101001010011         
                                              01011010 1011001110100111        
     0                                            0000  11100010101100         
    01                                             10   010   11               
    101                                                                        
  001110                                                                       
  110100                                                                       
01001011000                                                                    
000101111111                         111                                       
111111010111                        00100                                   0  
11111101100                         100111                                     
110001011001100                     110110                                     
0100110000001000100111001           11011                                      
00111101100101001101101110101001100 01001                                      