                                                                               
                  1                                                            
                 00                                    0                       
                                                       00                      
                                                                               
                                                                               
                                                100                    0       
                                               00101                           
                                            001100000001                       
                                           111110001000                0       
                                               111011                          
                                              111011100                        
                                              0001101100011              1     
                                                110010110011                   
                                              110110110100111                  
                                            010011101111110001                 
          0                                 100111100111111101                 
         00                 1                  011  10001011                   
        0100                                    0   00  0                      
        0010                                                                   
     0000101010                                                                
    00001111111    10               0011                                       
    01110101011   0100              0101                                       
     0110100011   1000              0110                                       
    111101010101011110111010001000  0100                                       
00111101010101100100011000101011100 0010                                       
0110110110111101101100100000100001010110                                       
1110001001110000010110100110010011110010                                       
0010111000011110111110000011111101010100                                       
1010101010101101111000010001101011000000                                       
0101101100111011011001100011110111110111                                       