                                                                               
                                                                               
           1                                             1                     
           01                                          11011                   
                                                     1110000                   
                                                    01110101                   
                                                 10000010010101001             
                                              011001110000101001001            
                                               1111000111011011001             
                                                    0101101001011              
                                                 01100101110010                
                                               11100001000011    00            
                                              001110 10110110111011   0101     
                                                  00 1110011110011000100000010 
                                                      1011010110111101010010101
                                                      0101111000100101011010010
1                                                    10010001101101111100000101
                                                  11010010011001110101001100001
                                                1110000000111000101000110011100
                                                0101001111000000010001100100000
                                                1001111111001101011001001001010
                                                   1  0011   000010101100000010
                                                      0100   010111 11001110101
                                                      100     1000     011  00 
                                                                        0      
                                                                               
                                                                               
                                                                               
                                                                               
                                                                               
010                                                                            