                                                            1   111000010101000
                                                           01101100111110010010
                                                        01101111011110010110000
                                                      0101100010000110100101011
                                                     11011000011000100000111010
                                                       001010001100011001010110
                                                                  0001001110111
                                                                  1100100110110
                                                                   101100001110
                                                             101101010010101111
                                            01011           1100101010000000110
                                        01001101100       010000000010100001011
                                       1010100010110011110000101011101001000011
                                       1100101  0000111100010010010101111001001
                                       11000100   00001101101000101101010010001
                                           1001     110 0          110011011001
                                           0010                     10000111000
                                           1110                      0100110010
                                                                     0101111111
                                                                      010010100
                                                                      011011001
                                                                       00001110
                                                                      111010110
                                                                     0110000101
                                                                     0001011011
                                                                     0111011010
                                                         11010    1000000001011
                                                         1100011010010001110000
                                                          111111000010011100101
                                                           00011111111010010101
                                                           00101000001100110100