                                                         0110001011011100101101
                                                         0011010100000001111111
                                                           00110001001000110101
                                                             101000101  00   11
                                                                               
                                                                               
                                                                               
                                                                               
                                                                       11000001
                                                                    11010001010
                                       001                         111011011011
                                  101010001101                 1100010100100011
                               1100100001001111010           100101110101011111
                             0101101101101011011011100  11101010100111000010111
                           10111110  011  0110000001010101111111111101111101001
                           01110 01010       0001100110110101111011111011001111
                            11100 01011        00000001100011010101000110000110
                               00110000          101000000100010   101010100111
                                 11111              11100                  0   
                                  0001                                         
                                 111100                                        
                                 110100                                        
                                                                               
                                                                               
                                                                               
                                                                               
                                                                               
                                                                               
                                                                               
                                                                               
                                                                               