                                                            0101111001010111000
                                                         0010000010110010010001
                                                       100001111100110000110111
                                                       010101100100010011110110
                                                        01010011011111010011101
                                                         000110     01010110110
                                                                     1111011101
                                                                     0111101101
                                                                      111000010
                                                               0100111010000000
                                           00000              00101010001010100
                                       010010100111         1100001111000111111
                                     01011000111110001  11010110000001101010111
                                    000011 11  00100101011011000101011111000010
                                    111001001    010101010011001101000101011010
                                       010011     11111100110  11  100100100110
                                         1000        01                10000011
                                         1011                          11000010
                                         1001                           0011100
                                                                        0111100
                                                                         111101
                                                                         100110
                                                                          01101
                                                                           1110
                                                                         100001
                                                                         011111
                                                                        0011100
                                                           111          0000011
                                                           1111001     00110010
                                                            0010001010110000011
                                                             001001100110011000