                                                                 01100100100001
                                                                  11000001110 0
                                                                               
                                                                               
                                                                               
                                                                               
                                                                               
                                                                              0
                                                                            111
                                                                           0000
                                         00101                          0010000
                                      100011100110                    110101011
                                   00010100011010011100            101101101110
                                 0001011100010011010000101     0000101100101000
                               00011111 1111 0000010101000111010000001111101110
                              01100010  101    00111000000000111111111110000100
                              101100100100       101101011011111010100001001101
                               00100010010         0010010101011111110101000010
                                0 10100100            0011111101110101     010 
                                   100110               001010                 
                                    11000                                      
                                    00011                                      
                                   1100001                                     
                                   111000                                      
                                                                               
                                                                               
                                                                               
                                                                               
                                                                               
                                                                               
                                                                               