                                                             010000010111100011
                                                               1100111001101010
                                                                011100000      
                                                                               
                                                                               
                                                                               
                                                                               
                                                                               
                                                                        0111111
                                                                        0000100
                                      11100                          1000001011
                                  01101111000010                   111100010111
                               0110001100111010001100         10100100101111010
                             000100111000011000000000100  100101101011011011101
                            1101010  1000  110101010101011010101101100101010111
                           10011000 101       101010001010000011011111110011011
                           110000 0100          0100001101101010010111010001000
                            11101101111           111101011010100000   01111010
                                0111000              10101111                  
                                 11001                                         
                                 11110                                         
                                1101001                                        
                                0111100                                        
                                                                               
                                                                               
                                                                               
                                                                               
                                                                               
                                                                               
                                                                               
                                                                               