                                                           10100110111110000010
                                                             110111101011101110
                                                              01100100001000110
                                                                               
                                                                               
                                                                               
                                                                               
                                                                               
                                                                       00011001
                                                                      011000111
                                     11011                          10010000100
                                 11010011101100                   0010000100101
                              1001101000101110100101         111001110111110110
                            000001101011110001101011010001011110110101001011111
                           0101001  110    010000000000010110111011001101001000
                          010000100001       1010011000101111000110101010111001
                           00111 1000          01001110101011001111011000101000
                            1 11101001            111111010000000    1011111001
                                100001                011                    10
                                00000                                          
                                01011                                          
                                010011                                         
                                00000                                          
                                                                               
                                                                               
                                                                               
                                                                               
                                                                               
                                                                               
                                                                               
                                                                               