                                                                     1010010000
                                                                          1011 
                                                                               
                                                                               
                                                                               
                                                                               
                                                                               
                                                                               
                                                                              0
                                                                              0
                                         1010001                          00011
                                       1001000101100                     000100
                                    011110011001010101111            1101001001
                                  10000101110000000001101010     01000101100110
                                01111100 11101 01111101111100100111100000111110
                               011001111  010    000111111001001111001101010001
                               0101110001111       0000011000100110111000001111
                               110001 000110         10011010110100111000011100
                                101010001111           010100010011010000     0
                                     001001             01010011110            
                                     100111                                    
                                      11000                                    
                                     1111110                                   
                                     0011100                                   
                                                                               
                                                                               
                                                                               
                                                                               
                                                                               
                                                                               
                                                                               