                                                                               
                                                                               
                                                                               
                                                                               
                                                                               
                                                                               
                                                                               
                                                                               
                                                                               
                                       1100001101                              
                                01010001111100000110001                       1
                             1010011010001011110110101110100101          010010
                           1001010111100001011111001111100110101010  1111001001
                          10100100110   0111   10110011110000111101101001001111
                           101010 101  1001       00100101110111101001000010111
                           11 010 1100 11            00001001111101011100100111
                              001    0                 110001100101001100001010
                                0    100011               101110011010100011011
                                   01000010                 1101010000101110   
                                   00011010                                    
                                    1010011                                    
                                    0110010                                    
                                     000011                                    
                                     11100101                                  
                                     10111011                                  
                                                                               
                                                                               
                                                                               
                                                                               
                                                                               
                                                                               