                          1110101101     10110010111101000011011110011111111111
                          01 110101      01100         100101111011111010011010
                             100 00      100                 100111100110101001
                             11  10      11                         11         
                                                                               
                                                                               
                                                                               
                                                                               
                                                                               
                                                                               
                                                                               
                                                                               
                                                                               
                                                                               
                                                                               
                                                                               
                                                                               
                                                                               
                                                                               
                           101110                                              
                         01000011                                              
                          00111110                                             
                           11101011                                            
                            101000011                                          
                               01100010                                        
                                1101001                                        
                                0001                                           
                                                                               
                                                                               
                                                                               
                                                                               