                                                                               
                                                                               
                                                                               
                                                                               
                                                                               
                                                                               
                                                                               
                                                                               
                                                                               
                                                                               
                                                                               
                                                                               
                                                                               
                                                                               
                                                                               
                                                                               
                            00                                                 
                         1011100                                               
                        011011011                                              
                         010001100                                             
                           00110011111                                         
                             1010010111                                        
                               0110010                                         
                                 1101                                          
                                  0                                            
                                                                               
                                                                               
                                                                               
                                                                               
                                                                               
                                                                               