                                                                               
                                                                               
                                                                               
                                                                               
                                                                               
                                                                               
                                                                               
                                                                               
                                                                               
                                                                               
                                                                               
                                                                               
                                                                               
                                                                               
                                                                               
                          101                                                  
                        10100011                                               
                       0100010111110100                                        
                        000011110110010                                        
                            0111111111                                         
                                 10110                                         
                                   10                                          
                                                                               
                                                                               
                                                                               
                                                                               
                                                                               
                                                                               
                                                                               
                                                                               
                                                                               