                                                                               
                                                                               
                                                                               
                                                                               
                                                                               
                                                                               
                                                                               
                                                                               
                             0110                                              
                          00000110                                             
                         00110101100                                           
                          0101100111110                                        
                               1000000100                                      
                                 1101011                                       
                                 10111011                                      
                                                                               
                                                                               
                                                                               
                                                                               
                                                                               
                                                                               
                                                                               
                                                                               
                                                                               
                                                                               
                                                                               
                                                                               
                                                                               
                                                                               
                                                                               
                                                                               