00111100001111011111111011100010000011010001111       0101010010101100100110110
0010010100111111000111011101111111011101100000      000010111000111001010000100
10000100111101001100010100010100010101001000      00010011010000111110111100100
010001110010011111011011011101010110010001       010100010111011010010110110110
1010010011110011101110001100001000111001        0111100111011001101000110101000
001001011001110101001011001010101111100110      1011000000101110001110010000000
1010011101110100101001000100001100101100111010 01011001111111011101000111011001
0100111100000010011111001010011100110010101010010001110000111110101010011100011
0100111010001001111001000001110100101010111100001000110110000100011001001000100
0110011011110111101100000011111101101110000101010011101100001111100101000110101
1111101010100010001111010011101100011010111001110010110001001001011010111000111
1010010111011101010111101001001111110100000110001010101001000100000000111101110
1001110110000000111101001111101010100110010010100011000111111100100110011000000
1010010101110000011110001010000010100100110011010011010110100011100111011010011
1011011100010010101000011100000110010101000011101110111101010110110011100110001
1001001100001000110110010011100111001110100110111100101011110000101000101101101
1100110110010111000110100010001010110100111110001101001110111011001110101011000
0101000110001010110010010000011011000001010001000000010010111001110011101000100
0010000000000111110011111000100100101111101100001001110110110011111110110111011
1001010111001010000100010110100011001001011101011010001110010111110111011000000
1011111100011001100010110100011101101111010010001100100100010111010101001011110
1010000011100111001011000000100001111110100100011011000100110000011010011000000
1011101001000011100010100101011101000010111111100010101000010111001010110011000
0101101111011011110110001111011100011011110000010011010010101010100110010100101
0100111010110010111111101011000010000101001000011000001000110100111100100011111
1010100001010111000110001101000110100111111000010111001101001010100111101001101
1110000010101011000011101100000001010001111010010000111010110010101110101101000
1010101001010100111100001100001110010110000101000010101000101110100000100111001
1010011111110011111000011101000000001000011110000110001100011111001110100011100
0010100110000100000101000111001000000101111011101011100110101010001100111011101
1110100110111101101111101101000001101101101111011100010010010001100100001011011