0100100100010010011011010101111101000111110101001        0001001100110111000100
1101101000100011010010101111000110000100000101100       10001000011110110010011
00010101110011101110000000000000110110011011010         10100000001111111001101
101010110010101111100010001010110101101100011          100001110101001100110000
11101000000101010011001000100010111000101111100        000100111110001100000000
000000111010111100001100100010000100010110000111011     01011101001000000111011
0010000001111001100111111101011110100000010110111010100000011110111101011000100
1100011011001000101100010111111101011001011111110010001000110011111010111101101
0111010011001000001110010101110000101101010000101101011101111100011001110001010
0110110111101000000100111000011110110000000011101010100110001001110111010111101
1001011101001111101101111001110011101101010001100100001001011000000010100000110
1010111011101001000011000011001100110110101000101000011011001010111001001010100
1011000111110000011010011111111111011100001101001100010100110111100110100000110
0101110001000101011110101010101111011100100010001101111110111111010111110001111
1110010010010101101001011011001100001111011101110110101001101011000111000100111
0001110110011000000100010100110001000000001100011001000000110001000000011101010
0000011000000110111011100011001001101000010000110010111001100100000101010011000
0111010111111100000010001100001111010110101010011001011111000000011110101011111
1111001000111100011001100101001101000000100100100011011110101101001101100000111
0000000110010011001001100110101111000001101000000100011111010000011010001001001
0011100111100011111111100101100010111011100111010001000110011000001100101100111
0110001100000101101001001100101100110010101110110011111100010100100111110110101
1001110110100100100100010001000100010001100100010101001110100001011101110000111
1110010111111001110001011001111011001010010010111000011001010110010110101011100
0000000111010011111110111001001111101111110110101100111001001011000001110001001
0010101011110111110110001100011010001110011011111001100001101101101011111011110
1001000101101010100010010101010001000111110011001101111111000001011110010100010
1000110101010111100010101011010100011001111010001000110010110001111011100000111
1011000100010111111101000000000110110111111000100011101011100110010011110101110
1110111001101001000001011110010101110110010110101111010000011111110000101011010
1111011010100011110011110010010101010110110101101111011010000111101101110010110