0111111001111101011111100011111100101000111111001001110111100101101011001110110
1000011000010001011000100001100111100111111101101000001000110001100010000010010
1111101110111100010010100111000000010010010000110010010010001010110100110001100
0110101011110100111010110100000001111101000011011000001101000110011100000101100
1110101111010011000010001011100001001100100000010010010000101101001100010100111
0010010110101000011000010100001001000001110010000001000111100100100100000100001
1001000011001000010000110000000010000011001011010000100011110110110000101001011
0100100010001001100000111010100001001100111000010000100000010111001000100001100
0111000000111010111111100100110111000010010001111101010111000010001110111111000
0010101101100101011101101000110000110110011011110000111010011111111001000111111
110001011000101111100000110101001100001    011110010111101111001011011110001101
110101010100110010010100011100111                100000100110010010111001100011
1101010011110111011111011010                       1110001011011111000111100011
0101010010011100011110100                          0011111000110000100000011010
100011111101110001010101            000101000    001000101001011111100111110011
000011101010001000111101         1000100001100100101000011100001110110111111000
011001110001101001010101      1111011101001110000000110011010011010101100110100
110001011111100011011111     00010101101101011011011011101101001101101010001001
110011101110111010111        10010011100000000010001101100000000011100111110000
0100010000101101000001110  1010010101101010011011100110110101111100010001100101
011001010011101001000111 010100100100110011000010101100101010100011111001000000
0100100010101011011000101001111110000100001010011010011001000000001101110000001
0010000111101011001010010000000001011100110110010110001111001111000011111011010
0000101010001000110000010010001000000010100101000111001101011101110110001111101
1000111000111101010110000010001011110100010010111010110101111011100111110011000
1001010011000100101010000100101011110110010010010101011101011110001100110010001
1010101100100011101110011011000011001001101100110011110100001000111001110010110
0111011010111101101101110000111110010010101101001101000000110001001001100010001
1000011110010110110010001100011011111101101111100001001100111110011001011101000
1001001101001110111011101000001111010110010010010000101001000111101101111100101
0001111000010111111010000000011110000110101101010001100111011111111101110101100