0111011010001110001101100110011010111000100110100110101100011111010111001001101
1101000010010100101001100100001101111011100100101001111010001011101011100001011
0111011111101000110100100100001001001000011010110010011101001000101001011001000
0101010110010001101011011011100101101100010010101110010101111000011101011000010
0100100111011110010001001001000100110011000110101000110110001110011010110110110
1101000100001011011110011001110000001101000101111011100001100111010100100001000
0000100001111110010000101110010110111110110100000100100110010000100011101000000
1000010011000001010001001111001000001110000001100011010001000101100000110110111
0111110111001100011100101000011010100010010110000101101000100001011111011001000
1001010111000010011001111011110011111110001011101001100101000011110101011111100
011000111011110111110010010011100     10010000110011001010001011010101000010011
111001100110010001011100110            1101010011010101110100100110101010101001
100001001000111111011                 00110010100000010100111010011110000000100
11111010110000101111110           010110011100100101100010111010101001000110011
001001111101011111101000      1101001010000100110001101100011010001010010011010
010111011100011011111       101010111010110000111111000111100100001100010000010
10000011100110101001       1000011011110110010011000111101110010001101001110111
00100111110000101000      10010011001010000001011001110100101101011101101000101
1011010101001101000       00000010011111000011001010100110101101100001011110011
010000010011110001       100001100010110010010110000101001010010011110000111110
10101111100110000        110101111100000111110101100010110100001100101111000101
11001001110001110        000001110110000011010110010011101010100111111011010000
111100110011100001  00    10110000011111000000000000001010100000011000110101101
11010001000000000  1110  101000000010010011011101111110101110110010100011100101
0101111010000011110011  0101000000110011101001010010111111101010011001011110011
1100011001010111011001 01110001110001100100100111011100001010101010111011110100
0001101001101111100101110010010110100001110010101110101110101000011001011100101
1111011010110111100010101100101010011111010110100111110111110011111100101100011
0101100011101100111000000101001011010001001010011000111111011011111110100010011
1001010010110101000100110010010111010100110101100010011000101001011000000000111
0111011010000001101100011101110010001111001011111111000011111011110000111101010