0110100011111000001100010111011000111011101100110111000001011100101111011111110
0110000010100011000011010110001000000110011001001101101111011001100100000100000
0111001001001000110010010000001011011001111100000011110100001110101011101010101
0100001111001100110011110011001011000101001011110011000101101011110011110100000
0000001111011100100111101011100000001000111010001001011100111111110011111100111
0000111010100101101000111010110010000100001100100011010010111101101000010100110
0110000001011000000010110001011111101010010011010111110100010111100101010111011
0100110101000000000110011011011010111000111011011101010111011111001111111101000
1111110011000011011100101100001001111010100011100100100001010100011111100011101
00011101101101100001 11 0100110100111100111101001100011110000101100001010001001
10000101100110101111        110010101110100010101001001101110011100000001101100
000101111010110100011        00100111000100101001001011100010100001010011111001
011011101000001011010     01101110100110100011001000110000000111100010111011101
00110100000110010010        001011111100000000000111001011101100000111000110001
1001101111011100110        1010000001000100001110000101011110000010111101010011
00100100001001            11001000110100010111011001110010101010101111000001011
010110010101     11      100001100010010010111000011011111100110000101110101100
1000110100111010000     1000110100110011011010110111010010111100111010110101010
001000001001010010      1100010000011000100000100110001101000111100111111000001
101011000111111010      0111000000011100011001100101100010000100010110011111111
11100000111000100       0001101000111110101011100010010000010101110110000011111
10110010011010010       0000000110000000000100000100101010010000001100000110101
1111010001000010        0010100001110010101001100010110010001001110101011000000
0101100000011100        1011010110110000101101000101110100001001101110000111000
011011011111100         0011011011110011100111100111000111101011001000011010011
000000100011001         0001011111100100110000001100001001110011110110110001010
10101000100010          0011001001100001010100100000101011100000100011000010111
00001100010111   0111    111101000000111101110100001111010101101100000011000000
000011010001110   11   11110011111100011100010110011000111011010010101100001001
11001000101000 00010 0111111110000010010101001111010110100110001111110011111100
0000001101001001011111101101001001111000001101001001010100111001010000000000000