0000001011110011110100110111010100100010011001100011110010010001011001000001110
1110010000100011011101111110011011111010000001000010000010000100010100100000011
1101010001100110010100111011000011010101010111001001011000111110100011011100100
0011001010000001010111000001011011100000010100101011001010111011010011111100110
1100101011100101011000110110010011100111000010010111100110111001000011100011110
1010100000001001000000100100000111010100101101111010100010100110001010110001001
0011100111110000111010000110001111101100010000011001010010111100111001111101111
1011000111000101110010010011000010111001111000110011010001110100101010011110111
0100101110011101110 00110110010101000100001101000101011110011110001101010000011
10101101001100       1101110000001010110010111010010111101000101101111000011001
11000110111001       0100111000011010110001010110001010000001110001110101000010
010110100011010     10000111110101011000000010000100010110001101001111010000101
101011011010100     11001000101101011011110011011000000001100010000011010100100
11110011100101         00110110101111110010101011010101101011011110110101001001
0110101011010          10010001000110101010001110111111110100101111111110010101
1011001111101          10101010000001101010011100110010010011010010011000110101
1010010101010       11100101100100101110110111100111110000011010100100010010110
100101111100        11100000011010011011001010001010110110101011001010011011001
01111110011          0101101100010001110100101011110011000000110101101010101001
00110110110 01        111001100110101011101101101100010011010111110110111010000
01011011011001       1111110100111110000011001110001111110011100000010101111001
0011000111100        1101001000110000010000101001101000110011110101100111101100
1110100011101         100011110111001110101110010111100001010111000011101011110
1011101000110         101001000111110110100010000110111011111001101100111110001
1001100011111         001111011010000001111010101110011000011001110101101101101
000100001111           00100000100001011101110110011101110100011100001110101111
011010010100            0101011111111011010110001101101000010110111100000000011
011110110100    1010    0110001011001111001101100001010111101001011101000001001
10001000010011 01011  111011101011110010101010011100001111110010001111011011011
0100001110111   1001  101101000001101001100010101001110001111101010111010101011
1101010100101011111110100101100000101010100001101011011110000110101110001110111