1100010110011010110101100111100101110011111000101000000001111100111101110001111
1111110000110111010000101011010111000010001100110110110110001101000000100010100
0111100110001111010000001011011010010100010011101100100110110101000101110100000
0011010101000010101111110011010101000111001001100000010111000011001100001000000
0000001101101111110011100100110100000011110100011111010101100011001001010111101
0011101110000111010010010010101000100111101100010011011110110000111101001001000
0100111010100       01010011011111000111001110101100001011010100000111000011111
10111001101          1101111101111111111111011100101001110001001011100111100010
10110111111           000000001100111000100111110101000010101101110101011011100
0010001111111       11011000011011101000010111011111100100100110000111110110100
110111010101        00010100110000001100110110011101100001010101011001100101000
101111101100            1010010011001101000001100100100111010101011001111000100
10101001111             0100001110000010000111011101001110100110001101100110000
10100010001             1011100101001000100100101101110000001000010110110100100
0101101000           1   001110000001110010100010110011100100000110011010000111
0111111100          01100110110010110110010110110000110000010000111000010011100
100110000           10100011101110111000111100010000010010011010000011110001101
010110100            0101100100010100110100100101010111101011100010100001011111
10111000             1111000101111101101011011100001011011010111000001010001001
11100001   0         1101000110100001110001001101001111011000010110111000100000
100000111000         1010001101101000110001111111011101101101011110010011101011
011101000111         1101001111100110100101011101000001011000100100111100110110
00110000100          0101110101001010011000000001111110111101101001111110010010
01001100001           111110100100010100001000001000011110111111110010101100000
11110111010           110011010000111000010000011101100010111011010001010111110
11111001110           100011100111010001111010111110101011001110011101000110100
00001101100            01000110110101001110101100000111010111010111001010110001
11110011000             1101001111110111100111010001001000011101001100010111100
01000011111            00010111111011011001000101100011011011000010110111111111
01101101101     100     1000001100111110011001001000100110100101011010001111100
10000100010010  110  1101000110000000111100001110010011000010001011100010111101