1111011110110100110101001111011100010010101100001011010100111000010110001010011
0010110011000011011100001101101001100010010100111101011001101000010101101010111
0100100010010100011100111100001001100011001111100101111100100100111010011011011
101101010110111001001  11100010111101100000100101111001111010001010100111111111
11110000001100101        011001111101111000110110101010101001100010100011010001
11100111100100             0100101111000101101111001010110001011111010101111000
110101100100000            1011100011001010001010110100101111010100010011000101
11101011000110001         01001101000111001010010111101101111000101011101001101
01001101010000100         11100111001110000011110011101101100100000010110000111
11111110101001001         00100110011110101100101100101001000100100101000100100
01100111000100001             0010100011001011111100010101010001100111100010001
100010101111110               0101111110000111001010100111100111000001010010010
110110111011111              10110001011000111010011100111111101001101010010100
000111110100000              10001111101101110100011100101110110100100100011100
111111011100110               1001111011011010110001100110000110101010100110100
01110100111011             1011010001011000110110001100110110011001101101001001
1001100111100              0110110000001000001001111000000101111100100111010111
010110001100    00         0010000001010001110101011011111101101010100010000111
00111111001      1         0001100110011101000100010001000001100011100111001011
011011111111    1           100000100000000101110001001101001011110001111001101
01101100110000110           101001101111000111001111010000101101011100011111110
1101110111101100            110110011001011101110101011010100101101000011111001
1110010110000001            001000000111101100001110111000000101110011010111100
001111010100001             101111100010000100100101110100110111110000001100011
010000001101111              11000100010101010001110110100111101101000011111010
011001001110011              01000011110100011000000111111100011001000000110110
01110000100110               11010100100111010100000001111110001000111000010010
00001001000100               01110010110010101100101111111111001111110000101110
01101000001011               10110001011010010000010111010101011011001111111110
0111110001001                 0111101010010011110111100111011100110110001110011
0011101000010   0             1111110101011001001010001111000100011011001111010