0110011101001100000001001110110101001111111000111100001100010000000101110011000
1001111011101010111110000011110011001110100111011101111111110010000110100010010
1111000110111001101011101101010001101111000001000100110100111011001110011100111
11111111010011000001111  110101010000110001000001100010111100010110110011100010
0101010110111110100        1110110001100011000110001101101110101101111111000101
110110100101010111          111100101011101111111011101010111101111000010010000
0101110000101011            100110110101010110001000001011111010000001000011101
010010110111001110          111101001100101100100111100001100110101010011001001
1111100001011100110         010000001010101000011111010011101100111110010000011
1000111101011010101 0       011010001100000100001101011111000100000101000011011
1000010100001010111            001100111001100101100110001101101000100011010000
010110111011011101               1111101000100011011001000110011101000010010010
00111100001001100              110000110101111001001010010011101100100101011100
00100110100010011              010100000101011110001011010111100111110110011011
10010011001100010               11001011001001010000010010101101010010000010011
00110001001011010             1011010101010111100011101011100001000011111100000
1001000111010111              1011101011110110100100000011000000101001000100010
010101111011000               1010010010101001010000110100100110010100011010100
00111000111110                1101000111000000110110011101011111111011101000000
11111100011010                0101001101001111010110101001100001100100001001111
1100001000111010 01           0001011010110101011010000100011001001000010100010
0111010010011110010           1010001101011110011001010111110010111111101011111
110101111101110010             010110010111001001100110010101110000011110000011
010000110101010100             011110011010101001111010000111011100110111010101
00101111110111000              101011111000100100010100010001100100110111010101
1110011000010000               011100011101000001111010100111011110000111110111
1000010101010111               100011010010011010000001001010011100101110011111
000001110110111                111101001011010111000101111101010110000011101011
011101111110110                 00111000001011010110000011101101111111011011010
110101111100100                 11101111100101110000111000101000001011110001101
00001101010001                  10100111111010101010010101100101000101111000100