1111001000111010110111010001111111101001001101101111101110110000100000011000111
0011100000001100001011011101111001100010111000010110111100101000010010011111000
0111100110111110101101101011110000110110100001011100001011011100101010010110001
10000100110111110100101011011101110001  001010001010100001100011110111111000010
01100110110000000101001010100110         10100111010001001101101100111110111100
10111011000100010000101001001              100110010001111111001100000011010000
000101001000010001101101110000             000100111011100011110001110110101010
100011010101111100100011010101            0011010010010011111011100000100110110
111111100010010001111111011010011        01100111010010011100011111110101010111
111001101011011000000110001000111        00100001100001010000010111101001111001
100111011110100011011111101100000             011100111101000100011011110010001
00001101011100000100000101001110                1001111010000000001110101001110
1101011100001111001000000101100               110110001010011110110000011000111
01001001011010001011101100001010              010110000000001011101010110010011
11010011001000011001010110100111             1110101000001000110100010101010000
00101100100010111011101100100001            01011101000110000010001000100010000
100011001000110111100100101011             110110000010111100011100110000111101
01011111101001001111001101101              101000110010100100010011000100110001
00001101101011111100010000001              110101110001111110001110001101110001
1100110000010000101111111100010            101000011000110111001101001110100101
1111101111101110011111000101010           1010100011000110000110000010110100111
0100101010011110111100101000101           1010101001101010100011000011001001011
0001010001011010100001100001101            001011100001101010000100111101010001
0111001101111000110100011111101            111010001100000100000011010011001100
110101101011000011110000011111             010100110111011100001000010000100110
110111000010111000011110011111             101011010001010110010011100100110010
100110101010001010010111101011              01111101110000001011001111010111010
01011101101100111000100111111               10110110101001111100001110010111011
10011010001011101011101000101               01001100000101001000010110100011100
01111100011101010011100110100               10000101110100011101011110000001110
01000011000000000111100101110                1100001101101110110101000010111111