1110111011100011110111111110101010010101011111000110100010101111110101000001111
0010000001110111111010011010111100100111001000010010000000010001111000001001111
1001001110110011001011000010011111000111110011101111011111110010101000100001110
10111111111000011111100110110001110111001  101001010100000011101101011100000000
1100000010110000100100000011100001          01101101001001100000001101010000111
00010010111010000011000010001110             1001001001111000110011001100101111
010100001101000011010010010101000             111001111000010111011000110100000
0000001100100100010111111011010110          01110011110001000111010000010000111
0000011100000100011111111110110000         100100100001010100001111001011110101
11000000010011100100111110111100110        01 111111011010111111101001011011000
1100010000100110110000000110010000               011000100101010010000101001011
1101010010101101001100001111001100                01011001011011110100001011011
1111111101010000101001000001011001               110110100001010011001110001001
0010111011001011110011010111011010              0010100100101001001111111010101
1000001111011011010101100111111000         11   0011011101001111101101111110000
0101001101010101001001101111010011         100110100011111001011001000100101111
1001010101000101001001111011000111          01101000011001010011111111110110001
010001010010010001001111000100000          001010001101000111100100111011110010
111001111001111000001110000011101          111010011100111110101011000111100011
011111100010110100011011101101001          010101001000100110010100100110101111
010101111111011001010111011111100           00101101000110001011110001101111000
00011001001100001010001000001001            01111100111100101110010111110100011
10011000011000011011110011110011            10010111111110100001101000001000100
00100000000110001101110001001101             0011011010111011001011001110110110
00001101010110101100101001000100             1011011100110101000001001111100100
01101110011101100000011101010011              111100000010110011100010100101000
1000000001100000110100001110101               011011000101010100000000000010001
0111100001101100000101011011100               011111001101111111001100100111100
1111001010000011100111000100111                11000000010100011001101010110110
1000001110000001100110011011010                11011001010110010111110110111011
101111011110101010110011100111                 10010010100000001111110011001110