1011001010010010101010111101010000101010010110100110010011000000001000110011100
0010000110011000000111101010000100110001110011000010010101001110000111001100001
1001001111001001111100011010001100101000110001101001101011000010010010100110101
1000001110001100110100110001111110100110101101110011011001000000000001110101111
0001101001010001111110000101110001110000         100110011100011010101101101000
1000100101010111101011000001010010000            110100110000100010101010110010
00111011100011010001110011110111001001            10011111111000110011111110010
001001000001000000010001001110110001100             011001010101011010011011001
010111100101111010100111100000000111011          101001100110101101011111100110
100101010001100101101000001100101110010         1010011011111110110001100101101
001111101001100011000010011110010001001            0111011001110100100111111110
100000101001010011100110100011010000010               0011010100010011111010011
110001000010010010100111110110001111111             010001011101110111110011011
011110110000101011010111110101011100011             101 11010101100110100011011
011110001010100011110100000010000010100                  0010011001001011000100
01100100001110011000101011110110000110                1011001011011011000010011
01110110110100011111111000110010100001           010  1111100010101110010010010
01011011100101101101011111100111000011           010011001110011000001101100000
00110100001010010110100001011000111001          1000100101010101101011110111100
11110101000011001111101000011100101001          0011111010100000010010000000001
0000110011010000001110111100101001010           1010111110010000111001000100111
1001100001100000000001000111111110110            110111001010010001011111110111
1010011100111100110010101101110000100            010100000000011101011010010010
0011001000000101101001001100001111010             00011110101001000101010111110
1000100000100000011100010101001011110             11010101100111110011010101000
1001110101010100100011100100110111001              1110111101000111100010101010
0011000000001000010010100010101000111              0110110001111011100100110001
0110110011101011110010010101110110011               000001111101000000010011011
100100101110100011101110010101111110                 01111000011101101101100101
110001110000110001000011010010011110                 10110101001110101011100100
101011001110101111100011001000001010                 00101110101001110100000111