0110010010111111101011101100010101010100111011011111011010110001010011001110000
0010001001010010111110010001100001101011100000101101110011101101001110111111110
1001010001110011111100011011101011000010100100001110100111011000011101011110101
1010001011100101100101110010011010011001010001001101001100000000010010110100001
101000000011101110000101100110111111110           01101101101110111101011010100
10101010101010101000010011010110101111            01011001111100101000100010111
0111110110000100111101010010100001111               111011111100000101010010101
11000101111001110011011101010010001111             0110101000101010100000000101
011010001100010000100110101111000001110          000101001101111001111010111111
110101011110111000100101010010010100110          111011000101111111010000111101
111100010110101010011001100000100101111             011000101101110001011100111
010111010000001101011010011000011                      000001111001011001010111
011000011101101101010011111110010                     0110000101011111101001000
011000010010000010010101010000100100                 10000111111101101000111000
100001111001000010111111010010101110101               1000101100111010110111110
00000101110100000001111110010001011000            0    110011101000100010011101
10011111101100111011111100001110101101            10111110000101011001100000110
11101101111101011100100111110110100001            00010001111110011101011011011
11000011001100101000001110111101000101            01110010001110101011010001101
00110011110000011011011001110101101000            11011110000111110111001111000
11101010000000110000100111000010101100            00010000110000001010101100001
10110110000111100100110001101011110001             1001111000100110101000100001
00101101111010101101000000110100101000             0001101011110011011011100001
110101101111000010110100101101011000010            1011010001111101011100001110
100111101011001110000111001001110111001            0111011010101001011110000000
11000010110000100101111011111000100100              001010010110000011000111111
11100110100111111110111110011010100011              010000000100010001101100011
10100100000110100100110001111101000101              100110000001000010010000001
01110011101100100000010101011100100000               00001010010011011111001101
00101011001000110110010100010011111100               11111011101001000000001010
01110011010110110110000011000100100111               01010110001101101110010110