1111001011110010101000                                0010100111100011000000111
0100111111000011000111  01                           11011100111000101100000111
01000000111100001110001001                          110111101101001110110111111
0001111111100110000011001                          1101111000001101011001000111
11000010111100011111110                          001110101110000010101111010001
000100010001111111000100                         100111011000100010110111111100
11001001001101110001101010                     00111101010100101001100000100000
00011010000011000100110101                    111001110100110010101101001000000
011010000011000010010110100                   110101001001010111111101100000011
1011110100010010010111001                      01000001011011110000001010110001
11111111100000011011010101                     00111100001101111111010100101100
00110111100110001011000100                     11010111110000010111110001010110
01011001100010111011101000                    010100110001001011001010011111100
011101011101000001111010                      100000111101111101100111001000010
01001001010011010111100                         1111010111101011111001100101100
11010111001100001110100                         1010111111010001010001011001010
0000001100010101010101                           110101111110000011110010101010
1101010110000111100100                            11000100010001001001101111111
001111001000011110 10                               000101000001000101011111001
0111011010001011000                                 011000001100010101000011110
1000101010010110101                                  01010110101011010101010110
1101000111101000100      11                           0111101111011011111101100
010010101111101010       00                            111010100010110101010100
00111000001000100        11                            001001100011000101111100
1101010101101010        11                             010110101110000101000100
111001100101001         11                              10100010110101000100111
10000101011000          01                              01001010100001101001101
11010101000001                                           0011110011000111101101
100000101000                                             0011100000111001011010
11101000000                                               111100001001001011101
0100110101                                              00101000011111010100100