1111110000010110111100000000100011011101001111000111011111101000010001111111110
0011010101100101011110101111100100100011011111111110100111111011011110100101000
1111001010011001001011101010110100011001111001000011101100001000000111111011100
010001001110001001111101101101000100110000        01110001110011111110111011111
0011011101000111000110000000011110101011           0010101111101000010000110110
00101011110010011010100111000010101011              110010101100100101100100110
00111000100101010010010001000111011111               10000110111101011010001000
0000010100001100010000001010111011110               100100010100011000100100010
0000101100011000100001110100110111010111           1101100001100100011101101011
0101111000100111001000111000111101101100           0001101001001001111110001011
0001011001101111110011001010  1110001010             01100001010101001010010110
11000100001011101001001001       010                    01110101101110110100010
011000000110110001000101                                  110100001111111111110
00111011111000111001010                                 10101010001011111111010
001111011000011101000000    101001100                  010101111101100011010101
1010100000100000000000000100001010100110                01011111101011001001010
0000011011110100111011100111000110111011            1    0100110111011000000100
01011101101000010110001111110110101111              000101011110100010101111110
111001011111111011001010100110001101111             010011111101010111110110100
1111010101110010011000111101101110101101             11000000010001001101010111
1000100100000100111011001111000011011001             11000100000011010011110110
1001000001010111001110000100001111110000             00010000110110010111110011
00011101000100000111000110001100111100001             0000010011101111001100000
0011010101111100011010000010110101000001              0001101110100100101100101
1101011011101110111010001111111000101100              0011010010110001011000001
1111110011100010000011101001110101011001              1000010111000001111111100
1001000110111001000111101111011110110000               000101000100100001101101
011001011001011101010001001101010000001                000111101010001011001000
001000100110111100100001011000011110001                001001011010100000011000
10011110100000110100001001100001010010                  10110101100111111001110
10010101100110010011111010000011100110                  01011010111110101110101