0001101110001000110000010111000110100000000100000011101111111011100011010010100
1111000000011010101010010011010111111001001111000011000011101011001011100011101
1011110111011101101010101101001001000011000001001000101110010011100101111011110
0011010010000001000001100110101001001100001011  0111010001101000111100111100010
01011001111010001001100001011011001000101001        111001011110000111111110111
01001011110011000000101100110101000101000             0111011001111001011001110
11011010101100010010011100011110000000110              011000011100101111000001
0000100110011000010101101100100101000001                11010100001100110000011
1001110101011000110100110110000110000                   00110011110100001001111
1110000011000101101100100001011101111000                11111100010111001000000
001000000011010100100011100110000010101001               0111110110001001001011
001110100011101111101011111010101010000110               1101010110101011111101
100110000100110111011000011110111010100001 010           0000100101000011011010
101001011011101010111000011001101010011101 001           0011110011001010101101
000011011110111011100111101001110000000                     0010100010100000001
001111000001111011100010011000                              0001100101010100000
100011100001111000101110000                               011000011000111010001
00001110001010101010101110000       010                   000111111110010000111
1101111111111101100110101000011  111110                    01101001010111000011
10110001001101110110001010110100000000                     00110100010100111110
011110001101101000111110000001001111101                     0000100110100100100
11001111111100000110111000000000101110110                    101110100100011101
0101100010011101110000111110110101110101                     011100101100010111
0111100000110100010100010010100111010010                     111010110000011111
001001010000100110000110000110001001010                      101011101010010101
1011010101001110101111101001001100000011                      11011001010011111
1011001000010000001000101110111101001001                      10010011001101001
110111110100011000111100010100011010001                       11011110011010000
001010110011100101101000111010111101001               11   00110011000110011110
011101100100010010001100000111000011011               001 100111011111000111000
011100001000010001001010011010101001000               1010110110111011001100101