1100001110010111001110000101010101111010000101001100101000110100101010001110001
0110010111110110110000011111101100111100001010011001001000100100010010100000111
0001011100111001100100101110010001110110100101110011011010111100000111010110110
1101110101101011101111101111011001111011000100   100011010100101100001011100010
0101011110011010011000100110000111001110111          10111010000101010001001011
00101101011111100000111010001101111000001             0110101001010001011111111
11111110000000111000111010110000100111110              011010111111110111101110
1110010000000001111100101001010010001                  101111001111110101000000
0000100111011110001000110001111111001                   00101110000100000100111
0111011010110111101011010011011011110111                11011001100111011100010
10110000110000100011100100110101000110100               11111110101100110110001
01111011111111110000100100111001111010010               10000011110000110110100
11110100011010000111101100001110001010111  000           0001111100111011101110
00111001100100010011000001000000101111001  101           0110110111000111000110
000000110001100101110011010100111                           1001010000100011110
10010010110111001001010011                                  1110101101000110000
111010010000111100011100010         011                    01000001111010110110
1011000011000101111101100001     011100                   011001001111000001110
11011111110001010100001011000101000011                    100111000110111001100
10010011010001110001101000100010011010                     10000010110001100100
011111010101011000010100101000111101011                    11101011001000111110
1011110111111000110100110111100101100101                    0001000101101100101
1010100010001010101011000110001011101010                    0100000001001000110
0010000011000010110001110010101001010111                    1100011110111111000
000101100110110110101100110110001011100                      000001000110110010
000110110100011100010101011111111010011                      101101100100001111
101011011110101010100000001000101111011                      111100011111100111
100011010101111100011101101101011001111                      001011010010000110
100100011011111110011010011011000101001               1   100111011101110111010
010001100001100011101100001100000001010               0101000101001110100101100
01111011100001011111101000010110111111                1011000001111101110100110