0000110000010110011110100000110101001111110100110001100110000011101110110100101
1111011011101100010100101111100001010100000111000011101111101000001111101011001
1001001101000100000110110010000001010011001001110101110011000100001110000000001
0111001111100100011111011010110101111001001110000111010111111001011100111010111
1100100111000110011011010110111111100111110101  1100101110011000010100100001111
0110111011101001111000010100011100010001110              1100100111100000100000
101101001001111110010011010001010110101101                 10101001011000101011
101001101011111110000001000111110010110011                  1101111010110100000
010010111001101111011001100101001000110011                  1011101010101001010
00000110000110111111000011101110101010110                   1101000001001011001
01110111001000010001101110100111111010                       111110100111111100
010010101101001011011100011001001010011010                    10001110110001100
11100001000100001000011000010000001101001011                 001011000101111010
00111001101000110001010101000110111010011101                 110110000100001000
101000010111010010011010001000001111000100001                111101001011110110
101111000010001010001010000111101011111101001                001010111101111100
111000000010000001001001000010001010110010110                111111011111000011
00101011111000101111000001011000011111110000                0110000100110111000
00011110100110111110011010111000110001100001                 111010111010011110
100010001110110100100101100011110000010001                   001111100001110010
0011000100010110000011011100100011100100                     001110010011100100
010111000110101111000111000100001100100                       00000000011000100
01000111101100100000001000000111010011111                     10010101101101110
00001011111001110010010110100010100011100                     01100111111110011
1010100111000101011100100100011011110101                      00010000000110110
1100001000101011011101011100011100110011                       0001100100000101
110001111000011100100100111110100000101                       10011010111111111
010110001101000000010001111111111011010                       11110010000011101
01001110111110001001000111111001010100                       010101011110011101
01000001101001111110101101111011111111                       000001101110101010
00101101110011111010010111000011010101 10                   1000000011001010100