0111010111001101000000100010011110110100100011110011001000010000111110000011000
1110100101011111011010110011110110111111011111001011001111111011000110101000100
0101100111001001110110111111001100010101100000011000110010001110111100011001100
1001110010011101110011101101001000110110000111111001010011111101011010001000100
10010100011000110101100011001011111110000011        111001011011011011001000010
010101011001011111000100110101011000101100              01100000010100101001110
01111010110011001110111111110001111011101                 100111010111011110001
11101100001110111100010100000000110111110                  10001100110111011000
10010010010010010110101111101110000000101                  11111000110001001010
101000000011000001000110101100110100111                    01101010100010000100
1101000000110111011111001101110000010001                    0010110010001110101
101010011000001011100001000010110101111101                  0110001101110010111
01100111001111000001000011101011111110010000                1000011011111011011
01001110000000101000000010010111010010011100                0011001000011011101
00010100101101010000101011101110100011011100                0010111010011111101
00010011011011100001101011100000000000100111                0011111010010101011
10010011001011000111000001100111100111001100                0111011100101100111
0111100010001111011011000011000001110110100                  001010100111000110
111100111110100101110100101001100100000101                   101001000001010101
1010110110110000010011100000011101000001                     100111110110000000
100101111111000100101101011011010001111                       11110111101011011
010001100010111110100111101001111001000                       00111100100110111
00111011000011001101110000110000011110                         1100111111101111
0111101110111001011000010001110110111                          0111101110010011
0000001010101000111111001100011001100                          0000010001011000
000100011000100100000010101000010000                           1111001110000110
01000110110111111111000100000111000                            1001001011001010
10001110110010110001100010101110100                           11100000000111101
1010100010110111111011010001111001                            00100001001100001
1000101001010100011100000010000011  0                         10101101100001101
1011001011011100101001110010011001 01010                     101110110000010010