0000000000011000001101010000100101010101101011100000011111001010110001100000101
0100110011001110000100001000111011000001000000101101100111110100111011110110010
0000010001111101110110100110010000011111001100000100000010111010010011011010010
0110100000000100111011011000001000011000001110101000010001100110101010011111000
110110101000011100001011101101011011000100       111000001001100101111000000100
0010001111101001010111100111011101101110               011100010100010101101000
1100001101101111000101010110101010001010                01001011001000010011001
001011111001110011001011100010011110111                  1011000011111110011000
1000110011001101101111110100101110101110                 1111101110010010101010
1111000000010000100110000100000100110                    0011110001001101110101
001010010111100011001000100101100100 111                  001001111111000011001
00010110101101110110011010010111100110010                 011101101100111001100
111001010010000011010001100101100101110001                 11000011101011000011
1101011001000101100110010101010101001101010                11110011010011100010
1101010100100011010011011111010011001100011                10110000111001110011
1011011011000011010110111101110000000111100                10100111001110110010
1011111100101011001010100101000011011010101                00011101011110101100
101110100010000000101111010001011111100000                  1101110001010011100
11001001000101100011000000000000110111011                    010101110001000110
111100011100010100010100110000011001001                      010111010101110111
11110111001111110011101110110000110011                        10000010101101001
001111101000101101001101101011010111                           0110010001100000
1010001110110101000011000110100110                             1011001100010011
000100110010101110010010101101011                               000100110001000
100100011001011100100011111000         01                       000000111101011
01111000110000000000100000000          10                       001100010011111
11111001100110001000110000010         01                        001101110101001
00111101110011001100001101000 10     111                        000010110010001
0111001000100110111110000110 0001    010                        000011101011010
101010010000100111100010100 010100  0001                       1111010101110001
1110001001111101101111011000001101111111                       1000101001010100