11101110001000001011                               0111011100010011011101110000
11100110000000000101  11                          00110100110011111101100010001
101010011100101011101011                         101111110010011101111000001100
11000101111111001110000                         1101000110000010100000110011100
011001101111011101000                         110100010010100010000001111011101
101101110010011111101111                      111001001100001001101001110110001
000011110011110011011010                    11011010100011000011001101010111111
1000110001100000011010101                   01111110000001000101000001110001101
0100010010100001101011000                   01010110001100000100010001111101101
11111001000011100100110010                   0000011101001010010110100001101010
0010101100000101100111101                    0001101111010010001010000000011011
01000110010011110110100001                  10011010011110010110001100111010010
11100100000000011101000001                  11101111111011000011110000001111111
1001011011001101100101                       0111111001100100110101110000100110
000000100101101011111                        1000111011001000111010010100000000
011011011100001010011                         100110100011100011001110011010100
001110001001100011010                          11111000111011111111011011101000
100010010100010110111                            010100010100001001010110011010
10001100110110101                                110100010101101000110010000001
100101001110010011                               010110001111111101000001111010
111010110010111100      00                        11111011010011100010110001001
111011101011100110      11                        01100101111000011101110101001
10111000001101011       011                        1001011010110111011011001111
11110011101010100       10                         1010010100000011111000101100
1000001110000001        11                          001110010001001110101000000
010010100000010         00                          110000001010101001011101010
11010100010101          00                           10100101111101100010011111
1011100011100          11                             1010010101111010000111110
101101100000           11                             1110011011100011101000110
11011111001                                           0110111011101110101110010
0001011011                                            1000010010100111000000000