1010110000101101100111000100001011111011111001000111001010001011101110100011110
1001011011101101010000111111100001110001001101111000111110000010001010111110001
0111100111001111011100010010101010101010000110100011110110101010101111001111101
1001001100000100101000011110010001010011010000011000101011000101001010000100001
10011010001000000101100100100100110111101011      00010000010100000101001100001
001010000011011100000011111011110011110101             011100110000101000101011
10100101001010010110110100111010001011111                1001110101100011111101
00010111010111101100110011111000110010111                 101101001101011000111
10001110110111111111110100101101010111011                 101001000111101011010
010101000000110101010000011100001000001                   000100110000100000101
01110111000101111100000111001101001111100                  00001101110001100110
1000110100000000110010011100100011110110011               111101101001110110110
1111111111101101010111000100110101010010011               000111011000000001001
00010110011000101011101001011100011001010010              011110000001101011001
0110111001100101100101001100101000001001100               111111110011001010011
1110011111001111100011000001110111011011010               111100011011010000101
00010001110011110011011011101110100000011                 010001110111111011010
01001100100100010001110001010110100100                     10100001010001010100
0110001100000001111011110001001100                         11001011010010100110
010111001111101101101101001001                             10110001101110101110
1100000001101100001101000                                   1000011010111101011
10010000011110101001111              11                      101000001001111100
01111110111110000010011  0        111010                     110001101110011000
0001111011101000111111  10       00010000                     01000011111010010
101110000100011111111  001     101100111                      11010100111110011
000101101111110010010 10011  001100110101                     00111100111111101
001110100101001110001000110 0011101100101                     11001000010101001
11000101110000000011000101111101000100100                     11000010101111100
0101100101001010000011111000001010100101                      10001010111100000
01001111111101110010101101110111000000101                    100010010001001010
10011000000001100100000010010001011110001                    001111011011110011