0000001001011010101001101010110111101111000110011010001101010111010100111000110
1111101000100101100010011011000001000101101010111010010010001000001001010110010
0101101011100111000110111011010011101100111100100111101011100111010000100110111
1100010110011101111010101000011000101011001010111000111000101000101011111000100
0011001100110011011000111100010000101101010  0101000100000011000110101010000111
1111110011111100101111010100100100000101101           1100000101100000010111001
10110100110110000001001001100101011111011                0010011011000100010001
0011100110110110110000000110000001100000                  111101100010010011010
00110001001100001000010011100110100110100                 010110011011100011010
0001110000111001010011011111010000000001                  111010100101010000100
1000011101110010111011111100101110100  0                  001100111011101000111
11100011111110001100010101000111110101000                 011111111001001110011
1010111001100000101010001010110100011011101               011001111100000001100
0110100101100101111001100010101100101001101               101110110010001101111
1000100110100101001111100010110001101110011               101101001111010110110
0111011101010100011100001111111000101111000               000011101001101000101
101000001110101001101101111101001101000101                001001101111110011110
1010100110000111101100010011110110101100                   11101010010011011001
1010011110011100100010110100110011111                      11111001011111010111
01101110000001100011010001100110                            0001001000000000111
10010100111111010101110100101                               0000101010000011010
00001101000111101001110110                                   000000111010110101
100001010110111011011110            1111                      00111000110111101
010101010000010111010100          1111010                     01000010001100010
11000011100101011000111 001      11001110                      0001001000101101
1011011001011111011111 1000    01000010000                     0000111110100100
110101111100000100001110001   1010010001 1                     0001110001000001
0011000000011001111011001011011010101110                       0100001011001001
11111111011100001100010000011000000100111                      0000000110100101
1000111111111101101001110110010101111111                      01110010000010011
10010000100111101010000000010101011110110                10   10101001101110010