0110101110111100111001001101110001100010100001001011110100111010100110101000011
1110011110110101010110011010101111100010000001110000110111000011010111010111011
000101110100111010000100110110101101111100000 000110001011101001101111101101110
110100010010101111111011010000101011101110101  10000110111111110111000101000011
01100010010000101011101011001101011110010000            10110100010111011100110
0000001110111011000010010000110110111010001               000100110100010101111
010100010100100000111010011100001001100001                  1011010010000101101
01101001010100011111010100110011011111111                   1011001010001011010
01110011000000111010000110100111010110                      1110011101001111000
101011010111111011111111100100011000110                    11110100011100000100
010001111100000100011001110000111111101100111               1001010110011001010
000000000001111011101111000010011000000101111              01101001111001110011
101110000011011101100100000001111100100011010              01100101111110100000
101100011110001000100110100111000101110001101              11101011100111001111
01011110101101110001110100010011001011100110              110110000100010101001
010111101010001001001111000110000 0 10                    101000111110111011101
01100010001000010000111110100                             010110000000100010100
00100000001110001110001                                   0 1101100011110101111
110100111100011110110                  000                  0110001001000100011
110111110101110011100  0         101101110                 00010110001110011111
01110001101001011111 101       001110111                   01100000010100101101
0000111001101010010 1100    101100100011                   10110011110000110111
100001100001001011110101  10001100100001                    0111010101111111100
111001110010101010110101011110001010000  11                 0011101000010011010
011000001111110011100110000000011100  0  10                 1010111110011010101
001111000111000111101111010101100011010001                 01100011001111000101
010101111100000101001111111111001101010110                 01011101111110111011
100100101001100100111111000100110100001100                110101011110001011001
000100100100111101111100010000100111011101                001011111000110110111
001111111010100010111101010010001011001110               0010010011011001010011
001001000010110000110001010100101010001001                100111001011001000011