1001101011010011001011111111011001010011110100111010011111111111010100101010111
0111110011111010010001011010110001110111000110010011101110101000011010001101110
1011010110000000111111011011101111101110000100011011011000111110010111001011100
01011011000111111011100110110111101110011101110 0101111010010111011011011101000
0111001010010001000101111100100011011111011010          00010001111011010000010
01111101100101000000011100001110111011111100               01111111000000110010
0011111001110000101100011110101011001010101                 0010101000100101011
10101010110010010001000010001000010011111010                  01000111100101100
111011110001011011011001010001000100011                       10011001110011101
110010100000100101000001011110111000000000                   101100100100011111
01110010111000100110111110100010001101011000                 001000111000111010
000001011111111000001001111111001100101101100                  0111111101111111
011110001011010011101010110111101011011101000                100100111101001100
011100000010100101111000000101010010111000000               1100000000011000111
11001010010111000011011                   001               0011110100011110010
110100001011000001010                                       0010100000010110111
010110010111000100   1010                                   0010111100101001001
1011001011001100011011111                                  11111111101110110001
0001100100110100011010100      000100000001                01010011011110101001
1001111000110101101100100  0110111010101000                 1100101110111111010
010011100110010010001100100010100000110011                  1101111010001110010
10010111001001110010110000011000100111011                   0010011101111101010
1111001000010011011001000100110001010000                    1011101110001001010
0000010100101101100101000110010000110010010                 1010110100100101010
100110001111100101101101111110010110100100                 00011100011111111100
100011100010100111011100000100100100101 100                00110011000000000100
1001110110110001001000010111100101110000100               100010100111000010110
0011011111011111100001110111011111011110000               000110000011000110100
010111111000111110001101110001001010010110               1010111011100011111000
111100011111010010001011000110010010100010               1010110010111001110010
100001100100110101101101101001110110110101                011011000111111101000